1.0 0.0 0.0 0.0 0.0 1.0 0.0 0.0 0.0 0.0 1.0 0.0
0.99999613573739 -0.001040472419846473 -0.0025779696335009768 -0.0006200501133326186 0.0010341012803049975 0.9999964112030366 -0.0024714804446975217 0.0003273574566082275 0.002580531888930284 0.002468805012549466 0.9999936229081564 0.027038744413802596
0.9999737707701363 0.0010127551175533932 -0.007171617587876886 -0.0008812855083751355 -0.0010485959365510399 0.99998697214522 -0.004995596700670499 0.001362129893278713 0.007166464840960572 0.005002985799077501 0.9999618052279684 0.06114270059355445
0.9999352578455782 0.0016557604291606545 -0.011257822822294981 -0.0018877140403120894 -0.0017370591760390273 0.9999724585291639 -0.007215594816590299 0.0020208264144087984 0.011245565468925882 0.007234683167872144 0.9999105943116836 0.09571900974589101
0.999854970688512 0.0033480355281338865 -0.016698151022714748 -0.002240027980706662 -0.0034904573791447063 0.9999577198698615 -0.008507360339780307 0.002463210273628738 0.016668962078048227 0.008564410707622958 0.9998243828655468 0.12993554116074107
0.9997677668643272 0.0022433772153086715 -0.021433142508428014 -0.003075083610697419 -0.002437232897860461 0.99995632323882 -0.009022832731528175 0.002290508336489636 0.021411964760813897 0.009072974890816366 0.9997295678790901 0.16499379952951637
0.9996359025730266 0.004552551667697494 -0.026595799674455273 -0.0037893737111351624 -0.004847555558510824 0.9999273270323439 -0.011038199991765625 0.002830318209397329 0.026543614902984857 0.011163105628095188 0.9995853248125535 0.20155254618606472
0.9994702035162912 0.007927850545858487 -0.03156677792909212 -0.005371212650839311 -0.008300417125995144 0.9998972299977674 -0.011688991330579388 0.0028616014699929648 0.03147086523495315 0.011944815968209451 0.9994332924276883 0.22994208335502125
0.999303814517708 0.009119172665741105 -0.03617633176884494 -0.006867418960268916 -0.009502550321665307 0.9999003519119263 -0.01043972144215243 0.002914811381274886 0.03607752524413738 0.010776220872731926 0.9992908912003355 0.2614965157479965
0.9991317876915522 0.008897085189863159 -0.04070027886150933 -0.008491711515545133 -0.009238038927407662 0.9999237327115332 -0.008196791873061616 0.0029648574276722275 0.04062424720602241 0.008565666077946583 0.9991377782386096 0.2923357039974664
0.9989761075393451 0.008429176904070298 -0.04444868437036016 -0.010217837990460629 -0.00870801778111075 0.9999435795720464 -0.006083428224805835 0.0031340838016512625 0.04439489826387581 0.0064642593823555665 0.9989931463022046 0.32607038372268127
0.9988232961847884 0.009984742613314281 -0.047458696921602796 -0.01241463116307543 -0.01031988936320563 0.9999234765777456 -0.006822087085815175 0.003222579149190167 0.04738694843606101 0.007303828011466357 0.9988499042470282 0.36064547968914884
0.9987480977461712 0.008009373687216735 -0.04937699040584963 -0.014331450451012183 -0.008364731846497638 0.9999405530417085 -0.006994400887794182 0.0032153084740402125 0.04931803432353173 0.007398669865690494 0.9987557214728146 0.3918791746582915
0.9986639762722334 0.00518056740426563 -0.05141424138795278 -0.016661577691475204 -0.005613459579188552 0.9999499734716222 -0.008278866205938233 0.0034278355899560464 0.051368780087536085 0.008556417210073887 0.9986430974862072 0.4333378293517054
0.9985445796067014 0.005527745478823997 -0.05364854674633878 -0.019303629441420587 -0.005987263456426355 0.9999467243164785 -0.008408400861584698 0.0038271179288329182 0.05359920908349404 0.008717371086920335 0.9985244775301995 0.47653655439132114
0.998509908119713 0.0036797038234733332 -0.05444651656929083 -0.022001370985051078 -0.004157147117376386 0.9999538742500111 -0.008658377459921467 0.0036235141017326986 0.05441214491823531 0.008871817861379059 0.998479148171474 0.5141163367956765
0.9983888545367662 0.006414464125288955 -0.056378628812203554 -0.024881292661301346 -0.007054291868543614 0.9999128744221653 -0.011157084343079923 0.003564445923841223 0.05630215007432905 0.011536819960047033 0.998347118833033 0.5513302119332346
0.9900344445600009 0.0042236330073536525 -0.14076206701020233 0.06471894955954843 -0.0075886684504363104 0.9996979032049221 -0.023377648274217806 0.0137282958754807 0.14062080463400478 0.02421287368122241 0.9897674100778339 0.5587696743243328
0.989764685428794 0.007638149570842129 -0.14250447764602722 0.05938350240345492 -0.011353068166054572 0.9996160943710874 -0.025273933558373176 0.0133305724594093 0.14225672329015124 0.026633109946634398 0.9894714256275015 0.5920658465756911
0.989563625768777 0.008216526390344068 -0.14386215363820257 0.05266154055709391 -0.012060145079570402 0.999592675198454 -0.025865741633686934 0.013001223916581654 0.14359102846628283 0.02733079551856543 0.9892596444616134 0.6359731887616814
0.9893356454982585 0.0070159456215366615 -0.14548455950228245 0.046035918402534536 -0.010833277152395246 0.9996170619299866 -0.025463102807857886 0.012663395605912852 0.14525020018119433 0.02676762980728257 0.9890327968989822 0.6793019269226315
0.989125060511947 0.007722841355973876 -0.14687400174509957 0.03949776810749077 -0.011496789972588925 0.999624741630748 -0.02486362282512353 0.012346785885083363 0.14662686823210627 0.026281811981942623 0.9888426709398167 0.7183615570635355
0.988997717301059 0.007745288423996559 -0.14772787712721977 0.0329570095619252 -0.011607976342032174 0.9996124285104403 -0.02530311547432107 0.011836906927727648 0.1474746420864579 0.026739545147459017 0.9887043171073839 0.7559906635242181
0.9887443198375331 0.008171280527083324 -0.14939176738881252 0.025871884080902473 -0.012284169026757098 0.999569908343105 -0.026628885186630303 0.011310845820509586 0.14910992314506652 0.028164312693695633 0.9884194465459307 0.7973766295610523
0.9885969100964939 0.006699674415217718 -0.15043690940186843 0.020664951145453737 -0.01095134958924193 0.9995631454095634 -0.027451526025310223 0.010678347404667922 0.1501872740608548 0.028785980992039068 0.9882384074748845 0.8289496588845247
0.9884529889217011 0.007371421434040922 -0.15134844180826051 0.013268430915602944 -0.011580247513942479 0.9995698049532682 -0.026946296465477512 0.009948277786619409 0.15108469995093055 0.028387799698659604 0.9881131242266779 0.8744059823621634
0.9884369708789356 0.009858891656331642 -0.15131145645645366 0.006523554375381472 -0.01372614089943377 0.9996047346868877 -0.02453502491481534 0.009556142114500704 0.1510097601338194 0.026328248078258 0.9881816005661388 0.9120161472906977
0.9886178770322138 0.011768282146255698 -0.14998733529080133 0.0001845637871942564 -0.015139752360446882 0.9996572885535686 -0.021356341919834723 0.008996950097547182 0.1496846054568529 0.023384032523465947 0.9884572352470125 0.9478919181851813
0.9888385931265423 0.009819229233122664 -0.14866680692332998 -0.005996612937112969 -0.012868715258464551 0.9997257817190501 -0.01956419008891547 0.008583653051810029 0.14843393449985773 0.021258977009863688 0.9886937963724594 0.986880009981669
0.9890340631370408 0.010105806921870832 -0.1473414219460521 -0.012582376805293881 -0.013092535868680751 0.9997277198824797 -0.019315061561115454 0.007961571687076579 0.14710610952354838 0.021032326667302002 0.9888970794657074 1.027651705774547
0.9891916824210572 0.010574210232609748 -0.1462463726283348 -0.01857034137861517 -0.014036403351321025 0.9996446425703646 -0.022662037890070326 0.007503264371060288 0.14595476974031515 0.0244698724624461 0.9889885896873245 1.065421164062912
0.9893366941368923 0.011967169924237544 -0.1451540301827 -0.023506239888848847 -0.01617050897714046 0.9994823545644675 -0.02781254310004283 0.006901539688464441 0.1447460544322235 0.029863183994272527 0.9890180837416612 1.0950100022638938
0.9894853903751615 0.011812026728092105 -0.14414970779949435 -0.031726290099582555 -0.016641066521199066 0.9993383630024079 -0.03234054941877584 0.007003258436110785 0.14367232558548645 0.03439930604308627 0.9890272749548475 1.1413782762076343
0.9895961416387145 0.010291111050680656 -0.14350459744239236 -0.03733931695729778 -0.014986631055266554 0.9993857675570564 -0.03167788651424256 0.006039979094833165 0.143090451614963 0.033498964726366126 0.9891425286675763 1.1774257760163591
0.9895506619242105 0.008369577865414656 -0.14394248035831278 -0.04423242168074723 -0.012444749532126787 0.9995461464901991 -0.027434089116974168 0.0046241428623815355 0.14364753981336173 0.028938749160080594 0.989205708183398 1.216893494133263
0.9894896914864769 0.0055314155011526615 -0.1444975912759171 -0.049747563681600326 -0.00919062328711907 0.9996534404935954 -0.02466842826192453 0.003825860627627013 0.14431106293553111 0.02573717839766006 0.9891976115835216 1.250760002083437
0.9893426072188249 0.00027353954299647786 -0.14560608063390762 -0.05582803418147468 -0.004046440531802891 0.999663662802244 -0.02561615880309611 0.0027467269844772433 0.145550100860399 0.02593234368353958 0.9890109613601893 1.2903044673023505
0.98911134856265 -0.0016784413130862686 -0.14715951542229883 -0.061557870816261205 -0.002744771559256007 0.9995506492495742 -0.029849050468040553 0.0021329674808550875 0.14714348906307378 0.029927953814362224 0.9886622836979421 1.326663797247589
0.9888818912306234 -0.0015753538532936144 -0.14869473244326384 -0.06897725788754373 -0.0036093085592547544 0.9993950159188852 -0.03459154590672205 0.002002816638661945 0.1486592684223259 0.03474363850735279 0.9882779474901829 1.3705634990451383
0.9885434074053844 -0.001016784889746821 -0.15093342182509484 -0.07572136912712057 -0.004427405026088253 0.9993516827135538 -0.03572971231796811 0.0008248848001177456 0.1508718985102234 0.03598861495081044 0.9878980159074331 1.4115818782816216
0.9884643714084429 -0.00022435732807698627 -0.15145341237454296 -0.08147904092202415 -0.0051240533439260985 0.9993768805019966 -0.034922697424848104 -0.00023757305104885572 0.15136687396333712 0.03529589752206555 0.987847290366623 1.4458900318820649
0.9883024853275078 0.0038106348431645094 -0.1524587700250659 -0.08935001284862162 -0.008932901273119031 0.9994178423730401 -0.0329268829569822 -0.0014169058855703928 0.1522445426618267 0.033903619401327675 0.987761177522776 1.4902374372277436
0.9881913483744441 0.0034255634871794964 -0.15318656766402874 -0.09549222817221671 -0.008479935024554635 0.9994405080398394 -0.03235369516837548 -0.002286561729196027 0.1529900313741724 0.03327065379375735 0.9876675118157252 1.5252075084674965
0.9881364754815681 0.005395701368433199 -0.15348352429365267 -0.1022118523497205 -0.010307337177999209 0.9994592839718188 -0.031223364374133963 -0.0027702395283003105 0.15323206134212516 0.03243495166149494 0.9876577895645634 1.5613596293084846
0.9881378068031038 0.006112723363579682 -0.15344806736947025 -0.11014576022346818 -0.010769617072062001 0.9995057129273299 -0.029535490071312655 -0.003521328187306186 0.15319167769323006 0.030837711307938047 0.9877152147490801 1.6077026128692733
0.988020018829885 0.012334345407021633 -0.15383207180158384 -0.11706277404114185 -0.01682812784011829 0.9994678205370408 -0.027944405957827184 -0.004459899787799648 0.15340552957694914 0.0301983382708288 0.9877017788082068 1.6453852799991968
0.9879764206628421 0.013662217238928754 -0.15399979231917527 -0.12484800042583628 -0.018340864700962075 0.999411099734247 -0.029001144977483687 -0.005963145514879477 0.15351288185769305 0.03147693676487988 0.9876451779640527 1.6891455562781577
0.9879982467098567 0.01451166213439136 -0.15378191103097988 -0.1314792408666209 -0.01953045502340284 0.9993230980590083 -0.03117542321004922 -0.006976435263182937 0.15322540854839317 0.03380469416876904 0.9876128881435953 1.7260408857126042
0.9879214447874647 0.017537969003006155 -0.15395986026329095 -0.1382986236653269 -0.022992963594625146 0.9991667164898157 -0.03372234102339266 -0.008239235728816269 0.1532401466789265 0.036855017327512216 0.9875014760209777 1.7651168467806064
0.9878217060304498 0.017484723532502168 -0.15460453272164393 -0.1450011455822043 -0.02302591288701372 0.9991523496654656 -0.034123151872302145 -0.00948796528618779 0.15387684826121736 0.03726750060001887 0.9873869803517878 1.8032494423234897
0.9876593170620155 0.017249893461882066 -0.15566475065389979 -0.1527644208291203 -0.022757113747466497 0.9991740115083124 -0.03366613283810485 -0.010666616649808563 0.1549554361565676 0.036793150204102704 0.9872360796200603 1.8454905644498811
0.9875579478869723 0.019228769622998593 -0.15607547528055793 -0.16064661874457709 -0.024722236460126463 0.9991384956679824 -0.03333282914382956 -0.012020248384437819 0.15530006628999285 0.036776635152059096 0.9871825406262086 1.888945717114348
0.9877769822623654 0.018448992883564195 -0.15477812498615875 -0.16299633711673414 -0.02443230995699289 0.9990222956312707 -0.03684447125136523 -0.013025299451034653 0.1539470543492612 0.04017570774994919 0.9872619799040051 1.9091864791785753
0.9876556671107577 0.01808638798275094 -0.15559294904890558 -0.1693792783827427 -0.024797206420310768 0.9988391044720516 -0.0412982073608565 -0.014140970153612247 0.15466538648885403 0.04464667901657489 0.9869575939598643 1.946225586388343
0.9875500986497724 0.018844900428303144 -0.15617193212823607 -0.17652780866830362 -0.025859773857624387 0.9987399915761862 -0.04300815413888638 -0.015507397258632228 0.15516466979583896 0.04651127771034546 0.9867931020699828 1.9869046296500505
0.9875452234791346 0.017994555023007605 -0.1563029992452633 -0.18239752787556598 -0.02457195595413479 0.9988874110198112 -0.040251199817262176 -0.016651917522927592 0.1554047958208789 0.04359055053179438 0.9868886529594951 2.0212087153023224
0.9874554363868417 0.01550771355173528 -0.15713456644056467 -0.18282757586424994 -0.02168685236360951 0.9990542806705585 -0.037685868815694815 -0.018004846366475313 0.15640153958521658 0.04062087018063463 0.9868578941879843 2.0474948739300194
0.987573007736035 0.01359959090659487 -0.15657140709072517 -0.19010622922768247 -0.019724620760087488 0.9990969546560734 -0.03763262590933969 -0.01959467955159183 0.15591822769345215 0.0402532771850286 0.9869494313027387 2.0885843094265732
0.9875300137854212 0.012295753904561514 -0.15694994841948776 -0.19573231760691234 -0.018682075899165738 0.999053583042159 -0.039279998099831445 -0.021216374377861294 0.1563184311367645 0.04172232791376004 0.9868251088416825 2.1223170395801474
0.9874861771892166 0.010018328933734132 -0.15738704821426194 -0.202030112645937 -0.01672588455646008 0.9990046453085951 -0.04135170416867118 -0.022372802023474383 0.15681611730312367 0.04346667386889342 0.9866708436032503 2.1587645916677154
0.9873418598335169 0.008657647084997427 -0.15837012649941115 -0.20921297336589892 -0.01537223169762534 0.9990317387575668 -0.041222317349571304 -0.02352862678041737 0.1578598945683245 0.04313502175710355 0.9865189423345572 2.200687575664257
0.9871888376914384 0.005938301348371396 -0.15944571275051364 -0.2152361001751919 -0.012188815540585244 0.9991937760816316 -0.038252197524426046 -0.024630121937895898 0.15909001072707593 0.03970559679473377 0.9864653232983077 2.2361005715469395
0.9874100785106709 0.0031177229222211786 -0.15815061384429502 -0.21789563445062946 -0.008547476393995937 0.999396647293475 -0.033664254422982924 -0.02526728789875359 0.15795023742571992 0.03459221274132994 0.9868409706304353 2.2538888782779676
0.9873603074823393 0.005764032727105945 -0.1583868654121853 -0.2247410383509533 -0.011022766122206137 0.9994160299588786 -0.03234343346412731 -0.026458147608171056 0.15810794361888378 0.033680483784442466 0.9868472542276522 2.291059594299761
0.9871368117301826 0.0065517101806074765 -0.15974351323567443 -0.23170267532228642 -0.012595185555777603 0.9992414588334347 -0.03684926389012391 -0.027709820116998445 0.15938091550741718 0.0383872640616355 0.9864705478268889 2.3291849229224084
0.9869575836084661 0.00745035007408409 -0.16080802356072893 -0.23850400796670845 -0.014943754472444054 0.9988553146063746 -0.04543946175811148 -0.02890026005191052 0.1602854090677059 0.04724989699854485 0.9859391638806259 2.3662074370341486
0.9868844305600816 0.007980174028566715 -0.16123100675917 -0.24539339164790763 -0.016318002409935365 0.9985929785016495 -0.05045578345988857 -0.03031429767955483 0.16060150533370246 0.05242499508512679 0.9856260834489293 2.4027391790891
0.9867151255695281 0.014135583269518026 -0.16184389471938213 -0.2531516416526666 -0.02254286377003353 0.9984832881829714 -0.0502289011662088 -0.03212306748885611 0.16088840935677678 0.05321004139210528 0.9855372196064943 2.441549535387151
0.9865306643104526 0.01882732881612776 -0.16248932292561338 -0.2601683043795468 -0.02702625267600018 0.9984625190531524 -0.04839607124885267 -0.03404315911255158 0.1613283299407391 0.05213568581768608 0.9855227243563967 2.4750713782185483
0.9862440174357476 0.022423660946706666 -0.16376787689269756 -0.26690492416530004 -0.030600000010988827 0.9983988323357351 -0.04757532543205833 -0.035782747138809856 0.16243884409685477 0.05193217711964175 0.9853510394311736 2.5117116906891774
0.9860632213748216 0.022672795166001822 -0.164818893975381 -0.2728275219303909 -0.031061707304346767 0.9983401030965277 -0.04849957616878366 -0.03748858703106932 0.16344569064752562 0.05294320455519312 0.9851307138142545 2.5480493154643136
0.9856725359429354 0.024203533583324922 -0.16692465620722816 -0.27966005572058483 -0.0326965209527635 0.9982966190819821 -0.04831974593338931 -0.03972657773859696 0.16547081133966238 0.053085302029494 0.9847849314967373 2.590046390983484
0.9853868331028973 0.024787268763698432 -0.16851819027830928 -0.286709473648564 -0.03340450596082771 0.9982647348089214 -0.048493898774844856 -0.04181736378621314 0.1670237352263249 0.053414516230215904 0.9845049320988397 2.6294544965854496
0.9851312034912774 0.024725042198391604 -0.17001524695189182 -0.29433634945989695 -0.03348531684318236 0.9982445071601562 -0.048853223849471154 -0.04378902776482516 0.16850888838199868 0.053819849617613665 0.9842297385892194 2.6711257926718406
0.9849438420294547 0.023744697634851174 -0.17123614508182383 -0.3010009608601554 -0.03250159674447012 0.9982933577621171 -0.048518223968889884 -0.04513123603048613 0.16979185568605454 0.05335317405989043 0.9840346358540554 2.706739315781548
0.9846228933834433 0.02650671516940758 -0.17267064567013582 -0.3082776348189138 -0.035169631004654256 0.9982611511220812 -0.04730508657017284 -0.04650487881324372 0.17111649505588392 0.05265043410403138 0.9838430143617676 2.744421295411817
0.9842979051733866 0.02791301880807261 -0.17429428347567913 -0.315229047900499 -0.03620901772232182 0.998348506059858 -0.04460008389714465 -0.04804686760102694 0.17276151454205585 0.05021079394978644 0.9836830461404069 2.7837466069494408
0.9839170660979625 0.030518666505026656 -0.17599948305585947 -0.3221497873998491 -0.03872080230135488 0.9983089582831621 -0.04335808206926763 -0.04963200194413088 0.17437862974090138 0.04947559808977454 0.9834349285455277 2.8191154620840226
0.983552214656762 0.03291919459958717 -0.17759889546584928 -0.32922270624053124 -0.04197868185545297 0.9979889389386375 -0.047495979048864295 -0.051562269013523086 0.17567820386563016 0.05417014291144205 0.9829561354930862 2.854397972012981
0.9833414008156968 0.0309613211698516 -0.1791119371600786 -0.3352640423501744 -0.04154748799572654 0.9975851433844696 -0.055656876842241854 -0.0527637804702746 0.17695619707448407 0.06217136229812628 0.9822531374482517 2.8851670218083885
0.9831384684145262 0.029136042717389544 -0.18052657128053048 -0.3405552197475819 -0.04084962850657346 0.9972701378964305 -0.06151081133354677 -0.05411164622374032 0.1782415770083091 0.0678480882177729 0.9816448324882003 2.9112851529764416
0.9830037007634195 0.030037675724168895 -0.1811117398803999 -0.3467721735014539 -0.04227178505276632 0.9970495571862646 -0.06407243325431093 -0.05473577392317205 0.17865279307603538 0.07063935554466134 0.9813731507303269 2.943299196683425
0.9828197126543496 0.03303896793250795 -0.18158700123073435 -0.3534030758405246 -0.04493759739881303 0.9970760312490566 -0.06180615057301797 -0.05616304599978796 0.17901403508674463 0.06890438670060922 0.9814306703661636 2.9751423330495004
0.9825693547148096 0.033198132173903376 -0.18290802933573225 -0.3596267673440473 -0.04504173024092073 0.9971220995829294 -0.06098164527328427 -0.057567383590171786 0.18035716152185693 0.06815718996185653 0.9812369192729578 3.006297429515831
0.9824874842855773 0.029884602286968154 -0.18391643148001116 -0.36559707508580663 -0.04267352507738763 0.9969083163970028 -0.06597559363859581 -0.05778047509332759 0.18137616568794665 0.07266855746913718 0.9807252251653854 3.036234918951588
0.982722140865954 0.02176655027009903 -0.1838026418231521 -0.37010827318140643 -0.03537162724007783 0.9968440600528189 -0.07106875490539558 -0.059470176261979826 0.18167565009714345 0.07634223750161796 0.980390647107075 3.0601715751338565
0.9829035681557118 0.017524705452453625 -0.1832851887239376 -0.3746423974760393 -0.03206078975416752 0.9965425735210626 -0.07664858068065561 -0.06083091500382581 0.18130824985946936 0.08121443134581822 0.9800671072299456 3.086397730294684
0.9833286004087438 0.019298197651699645 -0.18081051735330994 -0.37923629641551104 -0.0339004117387569 0.9963751809856471 -0.07802089976258801 -0.061806732316887374 0.17864944920743092 0.08284973315115121 0.9804184290468364 3.112652043618172
0.983933381056112 0.025134170650948397 -0.1767579562825149 -0.38457781185737255 -0.03907726982159454 0.9963532979407939 -0.0758490122928169 -0.06344248162404495 0.17420697066068494 0.08153759346580311 0.9813274439375651 3.1386259679354165
0.9847556609203945 0.024262777022645912 -0.17224286904362957 -0.3891052428886238 -0.037532763076317 0.9965362046893396 -0.07420838523526607 -0.06459200313998353 0.16984575349736775 0.07954187824358906 0.9822553179415195 3.1637647362690133
0.9857550506771897 0.020483574196551165 -0.166935326556544 -0.39262301772708114 -0.032815080477237725 0.9969042680293677 -0.07144963875419551 -0.06562874817958712 0.16495499555235668 0.0759098384464556 0.9833755873873201 3.1878092157085924
0.9872540733450497 0.015121738155909127 -0.1584320917577797 -0.39538369915189847 -0.02631623339877144 0.9972833074449818 -0.06880014935522312 -0.06651071469574305 0.15696130262998834 0.07209256360224493 0.9849699547447905 3.205161547383232
0.9888770947013875 0.01781006825358845 -0.14766479960958848 -0.39795342790443006 -0.028349501070837203 0.9971735044006784 -0.06957950783316948 -0.06740188211699652 0.14600820991975755 0.07299180495147385 0.9865869444939738 3.22145396319734
0.9907504033552957 0.023708589953160056 -0.13360965913341347 -0.3986639765967727 -0.03340491702012063 0.9969307345614831 -0.07080411008960551 -0.06865935468738608 0.13152091001127067 0.07461242020692752 0.9885015108641327 3.234939322593762
0.9928871758800762 0.02821442451131834 -0.11566763688420661 -0.40063366348013874 -0.03661162579090859 0.9967950580181126 -0.071128061745097 -0.06943907825967208 0.11329009149006751 0.07485692058963617 0.9907380060389377 3.249759403926324
0.9952021596486383 0.026824954379314765 -0.09409082449011469 -0.4018942582647065 -0.0336296541435445 0.9968737254656435 -0.07149700580048175 -0.07036881353013698 0.09187876682273932 0.07431821646673396 0.9929929984185877 3.2668525758981026
0.9973895626004886 0.024000535414460886 -0.06810311825034543 -0.4026214533869242 -0.028862277866986114 0.9970353601793133 -0.07132642896175169 -0.07152620128366237 0.0661893445497841 0.07310584690656584 0.9951253719085574 3.2843031764451727
0.9989696770699179 0.023877387204477494 -0.03859345378567209 -0.4031655933634537 -0.02657038221553243 0.9971335595290636 -0.07084263723083604 -0.072291282457238 0.036791290868080646 0.0717950892553722 0.9967406212626607 3.2950938706900925
0.9996600064563942 0.02547587390295498 -0.005554398300256674 -0.40299648343512984 -0.025804821912008898 0.9971688251846549 -0.07062892641081026 -0.07278939406271992 0.0037393392045315466 0.07074824329080504 0.9974871946113293 3.3029160600376657
0.9991453399224973 0.02621566865414804 0.03195822942792639 -0.4023007799183285 -0.02388637112224967 0.9971754778663685 -0.0712074969128193 -0.07345667236721996 -0.033734714846313456 0.07038327257946331 0.9969494289858661 3.3138974333856006
0.9969283847676271 0.027120477789222983 0.07347295644718926 -0.40091238527288753 -0.02176355754801312 0.9971124268601604 -0.07275407730081915 -0.07390918507269936 -0.07523392324916058 0.07093157185290336 0.9946399192205276 3.325261823459918
0.996064830582938 0.0274505556272049 0.08426933173780708 -0.364736318763449 -0.02142168527495372 0.9972011042274892 -0.07163148139927684 -0.07665625119832956 -0.08599979462626364 0.06954440828155745 0.9938649861027457 3.3296180672624427
0.990409029463029 0.029070972930972255 0.13507343517858433 -0.36246366813426006 -0.01911275836709834 0.9970419531070778 -0.07444492065966013 -0.07750962825644632 -0.13683806789668337 0.07114929569060385 0.9880349795918342 3.3440879203489366
0.9859107297357268 0.030244420140755922 0.1645153732704375 -0.340844456599891 -0.017544034897856445 0.9967902732507903 -0.07811118992894422 -0.07808034072404946 -0.16634975152210085 0.07412439681348076 0.9832768348565806 3.3447855966905777
0.9807989953395805 0.030327490685017916 0.19264883609722344 -0.3124786881599863 -0.014690809728051453 0.9965172407294505 -0.08208269634030496 -0.07757844880688398 -0.19446724878600744 0.07767645870989914 0.9778286439412033 3.345032355028618
0.972046102076549 0.03096613583218453 0.23273906820601756 -0.29071829304615776 -0.01152610922316717 0.9963629505297896 -0.08442759985778224 -0.07872593833899867 -0.2345069812264837 0.0793849434287942 0.968867641379797 3.3527403725089218
0.9569025390615706 0.03120507224407044 0.288727854914896 -0.28229251293470375 -0.006316437231218344 0.9962114472440696 -0.0867343934121772 -0.07955056884504588 -0.29034054721691804 0.08117262990760239 0.9534743681901814 3.3615447771412406
0.9416078686212335 0.02909638947667414 0.33545196656152626 -0.26407618925726856 0.0005999807875582083 0.9961127953952863 -0.08808483906349053 -0.08109531859899184 -0.3367109469168309 0.08314264230350195 0.937930188903825 3.3671906635226034
0.9196811303899239 0.02906117123805411 0.3915891555329127 -0.2564106887184826 0.0062579667378922675 0.9960460833750904 -0.08861736650029446 -0.08220289107902828 -0.3926161691232489 0.08395027170541178 0.9158629240358916 3.37380666448425
0.8945702862651137 0.027916400507184132 0.44605456786616415 -0.24792075430693775 0.012228985673792101 0.9961446540779806 -0.0868693275054425 -0.08329522833690875 -0.44675995214537667 0.08316551409436493 0.8907800190981398 3.3805512181306066
0.8683117430667767 0.02910506903724551 0.495164227109217 -0.2355859575345895 0.013604962189312233 0.9965039426912103 -0.08243055989557255 -0.08540048204662783 -0.4958322517305221 0.07831211373221415 0.8648801020873553 3.386669345355923
0.8394373691801882 0.028405865909627164 0.5427135616563901 -0.2246251136124614 0.01849224885103464 0.9965617603031045 -0.08076320098910263 -0.08645993232961358 -0.5431417310023905 0.0778316432018426 0.8360258939531894 3.3915054974365817
0.8060486600900408 0.02723064462457551 0.5912225042743005 -0.2194141352433153 0.025296823143421368 0.9964429935818873 -0.08038302855960629 -0.08709422082014294 -0.5913084037166201 0.07974868359348611 0.8024926910316441 3.3947408917199255
0.7408094755950921 0.02236313438814471 0.6713428416903374 -0.23370367388160782 0.04043306082457668 0.99614877907409 -0.07779959859506157 -0.08946045534939817 -0.6704971949686875 0.08477912578892415 0.7370522446676278 3.4217416713349995
0.7028325739378705 0.024417869607910415 0.7109361016685496 -0.22638271306448735 0.04355111093337005 0.9960589117665539 -0.07726541934717174 -0.08998787608300188 -0.7100208966983542 0.08526671058646457 0.6989992234025939 3.4257171486674554
0.6406272849477326 0.023897338560645683 0.7674800316556837 -0.23411776370270285 0.04814655747847592 0.9962986138093064 -0.0712108216819834 -0.09438788363721748 -0.7663410407797996 0.08257111681071733 0.6371055013772559 3.4461365221288207
0.5831240543108192 0.02225063999668953 0.8120783498553852 -0.23507333165364505 0.05486773979819498 0.9962636215130003 -0.06669578381903679 -0.09784016113322529 -0.810528141654285 0.08344881946160577 0.5797244398133615 3.4605976156303897
0.5456311315561914 0.01777477548634783 0.8378369326027081 -0.22230633290149124 0.06802425854922711 0.9955364771060777 -0.06542035615957126 -0.09817351294349504 -0.8352600604156387 0.09268861908361119 0.5419865785855186 3.4662666641710214
0.5090013827897533 0.008609295208080644 0.8607226454289056 -0.218482928285811 0.08484834850299774 0.9945782014062853 -0.06012452946801366 -0.0983537362480631 -0.8565736104237811 0.1036343636225716 0.5055111953281672 3.467041036460175
0.47623123916207233 0.005202607068944004 0.87930469106325 -0.21322894839558076 0.09003925418394695 0.9944377371158489 -0.054649059515289734 -0.0986539165830939 -0.8746980847996378 0.1051975279157845 0.47311387695591073 3.4677476281907693
0.4462240850230921 0.00879146067122233 0.8948780789384467 -0.20489537038242076 0.09237494423524371 0.9941579390460932 -0.05582886268909242 -0.09897019957445961 -0.8901409639056269 0.10757649581059603 0.442805106030038 3.470655629633691
0.41776921604505474 0.018703544582218845 0.9083606439873733 -0.19978994263393013 0.08133486659127279 0.9950039389223385 -0.0578947407422122 -0.0990645055276251 -0.90490525559402 0.09806803224847628 0.41416076522195083 3.472846184633662
0.3508021333869874 0.017864211360298008 0.9362791961608499 -0.2131134147752028 0.08430133267829074 0.9951560795246092 -0.050573339753972955 -0.10923667545601604 -0.9326473870224486 0.09667081947351197 0.34759689892534584 3.517993975216726
0.32540295031058036 0.020987384187731283 0.9453425038757758 -0.2114458307699436 0.08356489067101365 0.9952036433525823 -0.05085879771371533 -0.10939857240099611 -0.9418756972001723 0.09554704580832805 0.3220883932416525 3.5181502466884282
0.30282830340377526 0.021510255393382523 0.9528023549354279 -0.1977200111487552 0.0907437075530824 0.9945524255172015 -0.05129378556286131 -0.10976303900375749 -0.9487152355670853 0.1019940283093016 0.2992267033406765 3.521732928066443
0.2833686950840642 0.026893907818960627 0.9586338719076092 -0.17840443334374698 0.09767977068602174 0.993598640146867 -0.0567486096483371 -0.11035377017556743 -0.9540235034028666 0.10971991624366725 0.2789277593471134 3.523909284147527
0.26629992388851853 0.03285477939658493 0.9633301168383386 -0.17528643712734657 0.09972632075919072 0.9931162821661255 -0.06143867710460798 -0.1105382673119679 -0.9587173783158424 0.11243048326557172 0.26119030408471194 3.525312816564084
0.24970673152251682 0.033664350630270484 0.9677361519179594 -0.16573701750013936 0.09850630952404993 0.9933276515137321 -0.05997235798401103 -0.1110699201836167 -0.963298009556903 0.11030361841232375 0.2447244502473205 3.52666288695655
0.23869324375246598 0.030054430535382887 0.9706298298486995 -0.18986298533094093 0.0970490359015309 0.9937787838906381 -0.054637105701384484 -0.10878189874526173 -0.9662334190129763 0.10724019719318756 0.23429152799120936 3.5099683869740455
0.2250868068949157 0.02722132879380174 0.9739583813595664 -0.18396212040111 0.09799265272856873 0.9939088014105928 -0.05042553410498512 -0.10942483433026497 -0.9693984574843648 0.10679088789430302 0.2210482682349625 3.512963782824629
0.21253812404518566 0.024816679617648184 0.9768375905134404 -0.16773786642319388 0.1002571204604798 0.9938478890014443 -0.04706254693853391 -0.10994077357871944 -0.9719959133784066 0.1079375094215291 0.20874251707677963 3.5163904274800335
0.20128415787941478 0.023843422800417055 0.9792426558192465 -0.15420942985172878 0.10287967341853824 0.9936598633198034 -0.04534146914867417 -0.11055523539787983 -0.9741152193575802 0.1098706840627861 0.19755498525601448 3.51925687558759
0.19194960339611605 0.024088578725683235 0.9811091122454455 -0.14514913745134161 0.10779319288480774 0.9931328358870158 -0.045473045320365876 -0.11147445799195271 -0.9754670559910105 0.11448541679176738 0.18803486915527468 3.5225198001243125
0.1839074330260888 0.025710459280795933 0.982607260486773 -0.12514820626364193 0.10527011396008867 0.9933932458261442 -0.04569531982406385 -0.11072223267308472 -0.9772902635269534 0.11184288725959667 0.1799858588468853 3.5271897137819415
0.17839271842827265 0.02666138218522742 0.9835980930805732 -0.09961004938104673 0.10729512169930604 0.9931448294187438 -0.04638000278504602 -0.11112937676455219 -0.9780919153491144 0.11380913187781447 0.1743091696667575 3.532387223066624
0.17293890613433735 0.029173827673510764 0.9845003923432083 -0.07451229958464027 0.10826672542669881 0.9929409168577765 -0.04844225216702248 -0.1105435248487871 -0.9789639681369462 0.11496618376074177 0.16855956122703647 3.537519407858094
0.16705566380027181 0.031487750147124016 0.9854445325754864 -0.048173102165417446 0.10901928240164381 0.9927710914918276 -0.050203146940717626 -0.11003368270207153 -0.979901628357091 0.1158191758250408 0.1624152617654063 3.5427685774436815
0.16342855776594187 0.03237031411722954 0.9860239699269445 -0.01935956633314707 0.1116658544227411 0.992431699569236 -0.05108873306466412 -0.1103411421497982 -0.9802152026277601 0.11845456704603648 0.15857702255797015 3.5469700832709146
0.16075921843763127 0.033212347933864426 0.9864346981083126 0.007788190369375333 0.11322297088606496 0.9922153049992467 -0.05185891812389351 -0.1107117874235992 -0.9804779612775866 0.12002386625153377 0.15574735625036143 3.5517400582419216
0.15833392081432388 0.0333480077453508 0.9868223142486064 0.03710756555909546 0.1139645615045978 0.9921328056046054 -0.05181288222242392 -0.11182569089151327 -0.9807866476663645 0.12066650911725581 0.15328778600014212 3.5561499809367723
0.156013384927827 0.033551294976369606 0.9871849544683944 0.06707793570726484 0.11579367482117288 0.9919105804007928 -0.05201178097668402 -0.11265593792654763 -0.9809442637554732 0.12242430761235866 0.15086629945373053 3.561304737325703
0.15542854207652834 0.03418931884650782 0.9872553159060589 0.09975662063758936 0.11931207226551256 0.9914348753968016 -0.05311795608486005 -0.11305437999763474 -0.9806154178472165 0.12604752406824382 0.15001807876582657 3.5665422112478518
0.15665624185386715 0.03472176091516942 0.9870426643297481 0.13290572252245159 0.12196431052849707 0.9910524140148564 -0.05422010358372352 -0.11384421435608201 -0.9800936326930851 0.12887789567753588 0.15101973102941663 3.571969803229064
0.15953781092815053 0.03548139240666683 0.9865539811267973 0.16786532896282003 0.12365953004873927 0.9907641578299172 -0.05563006550144947 -0.11486809459699618 -0.9794161564485118 0.1308719005457373 0.15367673257577466 3.577395456639922
0.16332061611159648 0.03567616316405496 0.9859277801821063 0.1929333221885528 0.12492588464113018 0.9905538887921652 -0.05653774619974077 -0.11581582343793236 -0.9786316465859642 0.13240167967441194 0.15732099516540377 3.5819453577486886
0.16738501272082137 0.0365328357208445 0.9852144991983419 0.22793701951899448 0.12445049316064952 0.9905365618715845 -0.05787395223836367 -0.11678611072290358 -0.9780052823316026 0.13229766252587255 0.16125444558729815 3.588673628301868
0.17090389117918245 0.03572444868544504 0.9846398446873509 0.2593323247725818 0.1244058852115318 0.9905620596448806 -0.057532440560291324 -0.11806865924685868 -0.9774021872824642 0.13232750945365757 0.16484657878536924 3.595120846466976
0.17475354514163532 0.03510139162623098 0.9839863265139042 0.29365954581808307 0.12400578284648343 0.990622155549351 -0.05736123042076007 -0.11926283550659735 -0.9767721148154557 0.13204407309929966 0.16876195803048633 3.6019600585301665
0.17882209237328275 0.03471565271912895 0.9832687744129379 0.3344177876956942 0.12144626266893438 0.9909557905961724 -0.05707386764236694 -0.12034349882172453 -0.9763572422853153 0.12962038628315217 0.17298870164497782 3.6101202901151894
0.1831482686846931 0.03528330397198874 0.9824519327369734 0.3757664549155069 0.12168885260336569 0.9908563936220528 -0.05827032152280465 -0.12088654058630294 -0.9755247484456109 0.13022555693531687 0.1771800482306312 3.618380043689328
0.18731334195950972 0.03826811629247273 0.9815545136157138 0.41721375781947345 0.11996150779089079 0.9908703434412237 -0.061523972053194716 -0.12145537887140088 -0.9749476645299954 0.1292730202481963 0.18101253454778116 3.6268467957440103
0.1911882289950724 0.04285964339521586 0.9806172097519793 0.4394677495076408 0.11892818916524857 0.9906743443307218 -0.06648630916786012 -0.12218486615335668 -0.9743218908120659 0.12933442872229728 0.18430805362618455 3.627315928546145
0.1923484772198427 0.05018039868958562 0.9800428515623981 0.48030923085607213 0.11393640314797765 0.9907956136911656 -0.07309273512492905 -0.123433165013434 -0.9746899811472906 0.12572183373501403 0.18486065339437302 3.6366045279728874
0.19305292392006718 0.05426168808823618 0.979686805959804 0.499455827699636 0.10934470259946576 0.9910604774779325 -0.07643864202510352 -0.12501703170782782 -0.9750765634448114 0.12188026578171435 0.18539389481218024 3.636905358322466
0.19420136473636015 0.0543295449495823 0.979456038053828 0.5274195161767048 0.10703494819971025 0.9913301555180579 -0.07621051518277276 -0.12720591329222547 -0.9751047891372581 0.11963621235273414 0.18670250907652333 3.639569591848383
0.19398876462505282 0.054043228586583135 0.9795140063537527 0.5702322247176429 0.10445030640993358 0.9916677924543504 -0.07539975397560245 -0.1302883240693145 -0.9754273384984209 0.11693724322322477 0.18672757819142277 3.649434982359794
0.19550771560915567 0.05313772314931254 0.9792615153858503 0.6018615448260453 0.10516918865444318 0.9916367748457896 -0.07480607282301183 -0.13270286446212964 -0.9750467552353846 0.11761330346496189 0.18828418933357405 3.651729030927977
0.19509821137353667 0.05397813394303497 0.9792972219785319 0.6454515889920794 0.10224340640307751 0.9919247853870126 -0.0750433606791351 -0.13591456631126606 -0.9754398873154297 0.11476750930010657 0.18800384316046864 3.6631001716443032
0.19641678889418113 0.055040686302703805 0.978974447006571 0.6761462817502236 0.10081335652598113 0.9919983477059267 -0.07599964009566847 -0.1382630446308017 -0.9753241062264688 0.11362130522059533 0.1892962937130629 3.666034653509962
0.19698934820992178 0.056958714422757836 0.9787496623463694 0.7046079641576083 0.0977514549961059 0.9921953082778218 -0.07741526514594328 -0.14027830068694416 -0.9755202969379829 0.11092418619389481 0.18988410986505888 3.6707475316642273
0.19690291341168828 0.05934669655141158 0.9786251643496702 0.7291345650532058 0.09271695326636951 0.9925657181576603 -0.07884707803821123 -0.14280951513604243 -0.9760291026741911 0.10626036300801633 0.18993663676713798 3.6729082063773943
0.1947184227921191 0.0597392781891942 0.9790382803888614 0.7621447927865042 0.09370470211193017 0.9924453296748855 -0.07919404275965068 -0.14443727455535713 -0.9763729638962045 0.10716102952069667 0.18764953803459886 3.6797196475730427
0.19150966690808605 0.05926857721517059 0.9796995882594003 0.7881114682132849 0.09326444105986499 0.9925594922413717 -0.07827770049852467 -0.14614837243215484 -0.977049533808056 0.10636207085438756 0.1845570870192184 3.6846008203822405
0.18745149654107032 0.05829017577261801 0.980542804702021 0.819148036833291 0.09454238917025805 0.9925325777232372 -0.0770767072989057 -0.14770094824688854 -0.9777134923352994 0.10715100357186395 0.18054082457729007 3.6907224628614053
0.1819055934272906 0.05727290533583158 0.9816466621927941 0.8474490380430811 0.09432966332278837 0.9926818524559794 -0.07539664728600376 -0.1496470248915913 -0.978781012125424 0.10631347101356499 0.17517184757766066 3.695956778861212
0.17571077646444597 0.058160907589077535 0.9827222557074158 0.879763874417697 0.09246511688840817 0.9928650571600784 -0.07529396011183313 -0.15281838726287272 -0.9800897536415069 0.10409748843715047 0.1690792349994545 3.7001092676441765
0.168351884100636 0.05959181977375327 0.9839240103462328 0.9056524335126294 0.09251398357918522 0.9928098191795561 -0.07595936929018285 -0.1550418086648102 -0.9813759758431381 0.10381463267142657 0.16162832697648769 3.7018289730823373
