1.0 0.0 0.0 0.0 0.0 1.0 0.0 0.0 0.0 0.0 1.0 0.0
0.9999925498603142 -5.203577333256354e-06 -0.003860077303614179 -0.016120759043963602 1.6609993691990566e-05 0.9999956340031567 0.0029549447935215273 -0.00026631282556566335 0.003860045074245158 -0.0029549868946297545 0.9999881839824294 -0.0017897754842580167
0.9778678210840399 -0.009460144602414226 -0.2090096412906669 0.026946960599567256 0.01129624407268297 0.9999073679518695 0.007592785089454493 -0.001509907194161959 0.20891845145463397 -0.009785764132947726 0.9778841032873637 0.006891756484257436
0.9563633291706682 -0.014062401329054402 -0.29184144922621336 0.03994013197603779 0.01848445684022989 0.9997522472593857 0.012400361088678888 -0.0024214679227741193 0.2915947658530886 -0.017253781286099664 0.95638632338528 0.005090658643638673
0.8889637947526401 -0.021692933728751206 -0.4574634283144671 0.0758180205895796 0.024999352317173987 0.9996867771831831 0.001174695204093936 0.0002766931871988074 0.457294657745646 -0.0124805509229656 0.8892276603018774 0.02073459462691176
0.8779487655101094 -0.03303053827905517 -0.477613807045264 0.07683105443619329 0.03319522852773504 0.9994160820926161 -0.008097632841560998 0.002710688476553214 0.4776023889620595 -0.008745192716067397 0.8785325717707294 0.019932098931027094
0.851644422889139 -0.03316658764402622 -0.523069550275942 0.08092104852474483 0.03411250653995657 0.9993873426780833 -0.007827911113502254 0.002153336763590978 0.5230087129861094 -0.011176616611955797 0.8522540521357009 0.017980247460729716
0.8165890318792484 -0.03802568310397769 -0.5759656243552974 0.08859127384277911 0.04087229867456152 0.9991322247076618 -0.008015781420173748 0.0016648541964721071 0.57577062118136 -0.016995439835276377 0.8174346131705189 0.018511292784072826
0.7765691094985652 -0.048827010056165625 -0.6281371993932381 0.09818263334132271 0.04926632495077574 0.9986457257081776 -0.016719561915062436 0.00322598570898669 0.6281028955501242 -0.017962116071394488 0.7779229492615491 0.01891901350702099
0.7621828664953906 -0.05169421260134279 -0.6452944958733159 0.09679231793710479 0.05536111791186239 0.9983598103828188 -0.014588887412362472 0.0021188750469220254 0.6449902515886722 -0.02460482464698866 0.7637945914705545 0.012600822511634677
0.7359571220278786 -0.05678362803034092 -0.6746426714373722 0.09757624475340776 0.06197174028245352 0.9979432986786427 -0.01639134005360978 0.002020792106257645 0.674185892720106 -0.02974545696574567 0.7379624582911325 0.011016759903347943
0.6822083233929546 -0.061325232942079894 -0.7285815117733732 0.10513431947514276 0.06752128185349969 0.9975023106750462 -0.020736843896871214 0.002157044093033822 0.7280334332915173 -0.03504791010235601 0.6846451372844342 0.01367626606909176
0.6256160333365749 -0.064936270092171 -0.7774238610042314 0.11154625095997778 0.07267103022983207 0.9970475734317505 -0.024800356432760396 0.0021765847743867224 0.7767390167859115 -0.04098069228763762 0.628487933585109 0.015547375755143573
0.5948688776314451 -0.06774160782669783 -0.8009632282411963 0.11281339211553079 0.07814545220452057 0.9965963382675787 -0.026249320970336738 0.0017936856822544677 0.800015191559045 -0.04697672956589239 0.5981378437735206 0.012933734311638936
0.5460656121785293 -0.07468108464965624 -0.8344070246538193 0.11800811629076502 0.08413514113391221 0.9958716851360098 -0.03407146563826706 0.002921820470783756 0.8335068237407924 -0.05159769704080013 0.5500945849920906 0.014841647847848815
0.5334641263062818 -0.07318527157947823 -0.8426505455810932 0.11847777892028151 0.08554449403795554 0.9958096455341188 -0.03233093566541293 0.001966212555976353 0.8414856894113326 -0.05483672022513114 0.5374893195505231 0.009699929279122374
0.5111464388869098 -0.07482333098067537 -0.8562305689206544 0.1202942028373373 0.0878606721165143 0.9955335584541933 -0.03454614720577907 0.001713552850716978 0.8549911229413234 -0.05757085315058062 0.5154374613462321 0.007218116411579222
0.465959253622337 -0.07925353843195275 -0.8812495960905349 0.1257625870003256 0.09116300684662279 0.9949800592643916 -0.04127938770025781 0.0025017072610977725 0.8800973128844312 -0.06110285027918913 0.47084515665063564 0.009089038213039522
0.463467144713943 -0.0762946229800206 -0.8828235023350041 0.12626357892478254 0.09347669065536515 0.9949370652081843 -0.03690995230345751 0.0011124113433902056 0.8811698554052032 -0.06541686922544805 0.4682524096530772 0.0022708842987375615
0.44134349195117456 -0.07766443284806006 -0.8939710051129927 0.12806640367000477 0.09494548382462344 0.9946968489313319 -0.039541545586686856 0.0012276100962439686 0.892301113533796 -0.0674271057992672 0.44637686789290687 0.00019097842317899235
0.4211260280731546 -0.07792615664353779 -0.9036483733123726 0.1301026735382178 0.0956951715216656 0.994558965425498 -0.0411691442611873 0.0009653541238993428 0.9019397444545658 -0.06913738787752124 0.4262918237202123 -0.002803962987438311
0.4112352695167924 -0.0772449439003395 -0.908250390447087 0.13150639485024487 0.09783668573250416 0.9943873039613694 -0.04027247999955697 0.00019894481118360265 0.9062635025368342 -0.07229874384987237 0.41648452024943133 -0.008371043041505908
0.3666765436712409 -0.08029996338038596 -0.9268765981523234 0.1355353539044352 0.09975788956996479 0.9939178814938789 -0.046643416633669624 0.0009589307589006916 0.9249846894894307 -0.07536020652721646 0.3724569283585889 -0.0064925885345714345
0.3273042201205647 -0.09395700516664457 -0.9402361557988433 0.13680422657976393 0.10690217806581376 0.9923377111393461 -0.06194991021385111 0.004367254521731171 0.9388524228099181 -0.0802368259020446 0.3348405291375438 -0.005247262488795761
0.28990966613676233 -0.09561606751393037 -0.9522656946008533 0.13883227793140168 0.10744543932357903 0.9919582240492649 -0.06689065188489812 0.004495349241757129 0.9510036083259796 -0.08292435935354464 0.297851787936164 -0.004818100930100112
0.24177836738032854 -0.09394535045726851 -0.9657730024153545 0.14223961335537058 0.10641202203480107 0.991866094924664 -0.06984362036261929 0.004511676938899428 0.9644789798815553 -0.08588318151043794 0.24980867979371185 -0.0023196656309347947
0.21523589391172132 -0.09418464187412742 -0.9720096518075676 0.14413271816459428 0.10950147958591115 0.9913889340142366 -0.07181509230382899 0.004390817706739036 0.970403491306846 -0.09097930945635249 0.22369584106622767 -0.004902822376705404
0.1843465212451328 -0.09479461359293441 -0.9782792757380627 0.1462698999944158 0.11167554734532896 0.9909123937389441 -0.07497466278465152 0.004420117047510278 0.9764962530547346 -0.09542855530876758 0.19325749300284048 -0.0071437677144318545
0.10633086699785656 -0.09353371423942633 -0.9899218105608474 0.14994702795924653 0.11208702315049207 0.9903477446831483 -0.08153431082837136 0.005074971846610833 0.9879930394313222 -0.10228777493706205 0.1157884499148361 -0.0009918979306107476
0.02553880518224636 -0.08827676174587538 -0.9957685387506123 0.15282009678606348 0.11187519213825307 0.9900885143754043 -0.08490391678790844 0.005100523661340633 0.9933940360269381 -0.10923345200790105 0.03516165736347496 0.004400564695615397
-0.043635060667362044 -0.08823635891130821 -0.9951433697948426 0.15635912884682862 0.11426165217563325 0.9891151398113126 -0.09271200050768193 0.0060708422664716025 0.9924919426991071 -0.1177522193511359 -0.03307806698150547 0.006722032042745308
-0.11043599938265265 -0.0848064866386653 -0.9902584257982182 0.16049512322544734 0.11371861682896447 0.9887312682049771 -0.09735787312939244 0.006377664899148521 0.9873560483568529 -0.12336263250181982 -0.09954744936642197 0.009261851665378332
-0.1697039226581467 -0.09074569962375155 -0.9813082067496622 0.16037945763833397 0.11195500818717846 0.987530018196744 -0.11068215439781379 0.010561828483409115 0.9791152408048016 -0.12864556409037228 -0.15742828228633085 0.00953273703314654
-0.24683217087563597 -0.08531551502501003 -0.9652953653244389 0.1635398495511846 0.10872780296376358 0.987388991800883 -0.11507060325340672 0.011103462947094567 0.9629393253385657 -0.1333575710878419 -0.23444319983752712 0.017206143400364235
-0.2950057911606961 -0.08096757848367421 -0.9520587347512474 0.16454433403748747 0.1090383053013387 0.9870412575807421 -0.11772936681403437 0.011262310419953198 0.9492535125869495 -0.13854171598443948 -0.28235431955864293 0.017940885793658795
-0.3451118687291029 -0.07849366998269731 -0.9352735117787516 0.16589583833012128 0.10713101011611796 0.9866893895195689 -0.12233967173813694 0.012353385893103183 0.9324273401900033 -0.14241766878496537 -0.33210911291930983 0.02335247335813027
-0.39769175171421717 -0.07271986316610884 -0.914632763528393 0.16720772419886792 0.10390275247937537 0.9868723415275968 -0.12364141520964048 0.012426412053914721 0.9116169637768288 -0.14420403263756942 -0.3849151962775408 0.030380923469898978
-0.4415922350748179 -0.06949364336079927 -0.8945205036521376 0.17026415786653004 0.1032961875388359 0.9864284823899138 -0.12762737468845892 0.013344344162025366 0.8912497941439117 -0.14875981534799795 -0.42842072986267027 0.03446520799305055
-0.4947563542614449 -0.06501659104259731 -0.8665962109351323 0.1703829524195359 0.09901666297525723 0.9864859475122746 -0.13054185464458973 0.013147016357544726 0.8633723706322578 -0.15039387703628868 -0.48163246503825674 0.04115060206069016
-0.5526780843119822 -0.060254147124500994 -0.8312137949261559 0.17139824266848624 0.09519889044918328 0.9862899292345141 -0.13479371924469058 0.013592764002073567 0.8279396755672958 -0.15362816553247283 -0.5393647007143189 0.051095771847034045
-0.6086975488520872 -0.061248664744647144 -0.7910346990419975 0.17116759007739524 0.09182315446167479 0.9848778837641095 -0.14691515366711225 0.016895312454935515 0.7880709373693245 -0.1620621952810817 -0.5938687081624265 0.059675214365275606
-0.6604259200441452 -0.0627784398457673 -0.748262301351859 0.16920047668589655 0.08802629111181834 0.9831551805581413 -0.16017884696419984 0.020057991920789046 0.7457137360991413 -0.171653017544745 -0.6437750114448698 0.06646446424401742
-0.6779409278730104 -0.058955363160657644 -0.7327484994657314 0.1747110591036854 0.08739972110450805 0.9832447205277777 -0.15997221104023343 0.01939920569377693 0.7299023133718195 -0.17249372367956978 -0.6614291558629848 0.06565249575827423
-0.695982773708284 -0.05124073123924955 -0.7162278730707112 0.1757786552762262 0.07617839882525196 0.9865526261340168 -0.14460555805531725 0.013003511600970005 0.7140061836243036 -0.15520406995352176 -0.6827201962855045 0.06748180206767303
-0.6955785740776567 -0.04940517051458279 -0.7167493121102548 0.1825423271855966 0.07718402784331573 0.9867203080280508 -0.14291836680743567 0.012498811175490822 0.714292008306109 -0.15473255265602406 -0.6825282148150175 0.06694482054972459
-0.6994547549317696 -0.04919375367582472 -0.712981781255752 0.1840024559465443 0.07280198193033664 0.9875340400096599 -0.13955784194808932 0.010764768175061255 0.7109591529970982 -0.1495208828942531 -0.6871539771755454 0.06877230530617641
-0.69735174074791 -0.052096093327877215 -0.7148332300165104 0.18537702698646852 0.07010548291539004 0.9876144546943499 -0.14036705505201458 0.010376971330626856 0.7132922058603037 -0.14799893897846084 -0.6850624373881479 0.06963955607918024
-0.6975024697537525 -0.052834621414059355 -0.7146319384602488 0.18601232214714528 0.07087896588413872 0.9873007605550518 -0.1421737683351088 0.011568958989241004 0.713068353583728 -0.1498189273337814 -0.6848998555481994 0.07267786150424763
-0.6950675430181742 -0.05435971105866893 -0.7168864153101946 0.18723091131265313 0.07261148938554272 0.9867309116662125 -0.14522286173868112 0.013339406626743842 0.7152682589433769 -0.15299388803471436 -0.6818974908093808 0.07361907057293855
-0.6906449464834676 -0.053332209196406036 -0.7212248147138886 0.18907119385469875 0.07256965756126645 0.9871326326489126 -0.14248793058031717 0.011743664372051774 0.7195437462019155 -0.1507476070186633 -0.6778878640895246 0.07543049920503278
-0.6610436080638585 -0.05173094577419689 -0.7485621266716789 0.1973657578316467 0.07628630808893859 0.9878179143318994 -0.13563247149237256 0.010335272576175548 0.7464594747446597 -0.14676401934492855 -0.6490443553330125 0.07203642371080037
-0.6384965284876729 -0.058882173681322106 -0.7673689286984172 0.20021568830496086 0.06993549873189815 0.9885049510012583 -0.13404099321891857 0.008392475716508764 0.7664406103060488 -0.13925103758521085 -0.6270390254243601 0.0751810668844085
-0.5863390188095426 -0.05979332335344169 -0.8078559979995302 0.2083789439198193 0.07398865511266733 0.9891505913708099 -0.1269125151645417 0.007456188818974755 0.8066797592205215 -0.13418593843292095 -0.5755535596196024 0.07425325957010645
-0.5277643040829579 -0.0643411200905823 -0.8469504469573907 0.21340395043355645 0.07557931126633341 0.9896143518339148 -0.1222751092939265 0.007428309440375028 0.8460216350923504 -0.1285443694209351 -0.5174202721635841 0.07418632931618695
-0.4608094881454721 -0.06931355287585107 -0.8847882498218645 0.2205319735862182 0.07642115234527767 0.990143687790037 -0.11736816009361152 0.007659444675826158 0.884202704762502 -0.12170089941026731 -0.45097058437708093 0.07352018841616158
-0.3864399412424626 -0.0756583370917338 -0.9192061726517284 0.2275663778251849 0.0762934054628029 0.9905919908761569 -0.11360820346653501 0.008249471978289064 0.9191536803469844 -0.1140321167063051 -0.3770320785610569 0.06916705549279942
-0.3268068497274678 -0.07649506359429464 -0.9419903333988713 0.2307662964076515 0.07747610873615204 0.9911958329061153 -0.10736979745091553 0.008026242086065416 0.9419101525869161 -0.10807093075963055 -0.3180030477502323 0.06930295358794245
-0.2278293101483801 -0.07630817269647806 -0.9707063759021268 0.2403981257346401 0.08103333906652548 0.991980195572829 -0.09699943067366534 0.006680652788579434 0.9703233499184887 -0.10075889226768749 -0.21981865760655406 0.056198153023651456
-0.17300628313424637 -0.0748503025599358 -0.9820724302223143 0.24580739846294386 0.08171358797310825 0.9925797585618564 -0.09004616834625391 0.006348384449069814 0.9815251986253991 -0.09582721481900681 -0.16560624796003132 0.05392010614783124
-0.09308495254762203 -0.0669595206595572 -0.9934040538483082 0.2518995320728932 0.0828839215139918 0.993751868968158 -0.0747494379694529 0.0031701368271051323 0.9922023216883061 -0.0892952715171978 -0.08695347791205241 0.04370501943692423
-0.03286134024274361 -0.0674551497480221 -0.9971809941479659 0.2565143554289846 0.08430900552761118 0.9939766843473206 -0.07001673057810066 0.003052649139003838 0.9958976473033722 -0.0863721815538665 -0.02697632942472163 0.0384845775900338
-0.008812154758922651 -0.06942277100882122 -0.9975484072434603 0.26147655130431546 0.08320053939679475 0.9940771594772264 -0.06991617302001861 0.0041132113059148285 0.996493861582992 -0.08361267769387987 -0.0029839497772713563 0.04190731924749395
0.03138091760233878 -0.060887706486517236 -0.9976512041837317 0.2645294398802394 0.07921403146708686 0.9951546669239658 -0.058243678782986516 0.0022438556648413117 0.9963635758241882 -0.07720023379664767 0.03605202730190363 0.04133007687265409
0.08175032794059783 -0.058934206723360465 -0.9949088617353328 0.2684089437113108 0.07874439231018955 0.9955114838792646 -0.052499582324028 0.0014802410335711643 0.9935372185083456 -0.07405163564964386 0.08602412857047331 0.03791809044689608
0.1273839238856806 -0.05871419828124021 -0.9901141241572506 0.2721142544971937 0.07677459151463789 0.9958350203203205 -0.0491759534872589 0.0012782970907029478 0.9888776456332935 -0.06975138151902574 0.13136113102032956 0.03541168571045295
0.18792769532721557 -0.061932840885631384 -0.980228292056926 0.27650898839752247 0.07473343902063906 0.9960184175535065 -0.048602726120566785 0.0021784143445560573 0.9793355371991502 -0.06412203298428963 0.19180789990199126 0.028537431781173135
0.24952071956951685 -0.059196589245183374 -0.9665584174416204 0.27930138783203623 0.07262831193644981 0.9964625595507772 -0.04227878568228933 0.0014126208588906134 0.9656420345090466 -0.059650073220788004 0.25293740323246466 0.02224217222196149
0.2850620261330581 -0.05779780239828528 -0.9567648902916778 0.28423304544126804 0.06753493636865504 0.9969106835530548 -0.04010138884697598 0.0019893669853142545 0.9561269129287157 -0.05318367283014998 0.2880847502345413 0.024280823123208416
0.32928000335797797 -0.029399934644269116 -0.9437745086785743 0.2865874641479396 0.055445167663612044 0.9983925144908461 -0.01175671686283842 -0.00397749161273964 0.942603051539365 -0.04845648410225926 0.3303807748297758 0.025421428856809026
0.39035805894161224 -0.0249771978304425 -0.9203242501465871 0.28848970482525843 0.04675841729456865 0.998879724350166 -0.007276447913388748 -0.004323272770712796 0.9194749785782332 -0.040192485251211815 0.39108864455246795 0.02159099100810907
0.43348661020919554 -0.022040508792053493 -0.9008904343712005 0.2928675521971112 0.03685286112636055 0.9992981388746871 -0.006715375520436746 -0.004144790822346436 0.900406144690351 -0.03028936469731962 0.4339946186188136 0.02290711063686545
0.5148354966866063 -0.019755783561729412 -0.857061328241637 0.29329886818804607 0.025231550115443206 0.9996505289111771 -0.007885995585105552 -0.003570906850903316 0.8569176041080184 -0.017564995401618287 0.5151540456080224 0.012461818279928089
0.6015263959727627 -0.010018656757415919 -0.7987900985019765 0.28938857271990204 0.018506659287828894 0.9998277621871509 0.0013962527816872858 -0.005809001668317777 0.7986385280651207 -0.015622819099110462 0.6016082022490825 -0.0008550064165518956
0.6571247688824122 -0.005583891297292376 -0.753761141396409 0.29012063354933293 0.011382064742940646 0.9999320586615896 0.002515285863443953 -0.0064218867049766195 0.7536958847727798 -0.010232214753783362 0.6571436791583771 -0.008559314656766837
0.7054945273837455 -0.0016536157457827444 -0.7087134381303574 0.28889741670679064 0.005804737331971788 0.9999772176833829 0.003445161636083092 -0.006723808052567937 0.7086915950228929 -0.006544438032202193 0.7054880533891055 -0.01550527310905997
0.7385104514555448 0.0003894777395116043 -0.6742419160791019 0.289759714329559 0.002726249504894782 0.9999899335321326 0.00356376178073025 -0.0068921120730107725 0.6742365168504033 -0.0044700270114648374 0.7385019554503233 -0.01728696029402943
0.7865484755593923 0.004729868077527478 -0.6175104241574922 0.28821398161960854 -0.0038163284236165333 0.9999888020233466 0.0027984755255033036 -0.007124169007337002 0.617516745710235 0.00015548592510916315 0.786557718537913 -0.025632480861600967
0.8224871855750925 0.009050607703896431 -0.5687116282132394 0.2869262749982086 -0.012320538706032952 0.9999222840101033 -0.0019053256947401092 -0.006284465394416209 0.5686501858706776 0.008573939596235263 0.8225347735318199 -0.030792083657461257
0.847017056561648 0.012624134358669829 -0.5314157855439906 0.2873113789335954 -0.017441268494090896 0.9998396968269947 -0.004047567443798001 -0.006295472730611776 0.5312795008721484 0.012696924060143971 0.8471014579567493 -0.034048882603521194
0.857874603124106 0.017371943991044348 -0.5135653618349185 0.2915739749043248 -0.021986642903402156 0.9997540315271777 -0.002909291835678675 -0.00700161905545823 0.5133885008923524 0.013787385797118181 0.8580455437471731 -0.035853795448497865
0.8656120422352347 0.019675614987210127 -0.5003285545641211 0.2976998520035141 -0.025364994428256966 0.999667804833495 -0.00457132770945898 -0.007002116678268988 0.5000724041526406 0.016647827313120457 0.8658235619632606 -0.03652106975070284
0.8883752608697659 0.023635283800467144 -0.4585092902376658 0.2974443049292296 -0.028418085870058417 0.9995898778112035 -0.0035339174943377133 -0.007556967207740825 0.458237720261066 0.016169401258110356 0.8886825879879121 -0.04052949814154526
0.911880300079793 0.029268883956493293 -0.4094113466409173 0.2961497684613948 -0.03579870284174291 0.9993246161532812 -0.008292431786734895 -0.0071441234179439985 0.4088921266070516 0.022218100324507408 0.9123122189342477 -0.04620310415587936
0.9369720895657692 0.03613648358438166 -0.34753051366594173 0.29194965821860647 -0.0394452890153258 0.9992187321377257 -0.002448370798106901 -0.008784861203076757 0.3471705237333027 0.016002496655924108 0.937665477423329 -0.05245469096106863
0.9536107712062517 0.041355859167774525 -0.29818817875951065 0.28866714072161825 -0.04517952706395234 0.9989612328951756 -0.005938476809754716 -0.008465889351426309 0.2976328398777544 0.019134996342748522 0.9544886298648426 -0.0560591318794363
0.9644009805910007 0.04722946215661264 -0.26019247979046933 0.2879300448997274 -0.05135636902885799 0.9986390985837261 -0.009081527407130235 -0.008283915893519104 0.2594094678212212 0.02212077494734536 0.965514059618211 -0.061137435033279966
0.9743243534237347 0.051642106101536765 -0.21914640586333764 0.2855467760864506 -0.054963835036678815 0.9984470242711292 -0.009083862734510579 -0.008594924223607893 0.21833696701081692 0.02089575558613746 0.9756496995515349 -0.06714552563252979
0.9823931801764781 0.055398665585288887 -0.178422608976876 0.2807806545720532 -0.058552118094260155 0.998206679053381 -0.012452925756136338 -0.00692463439120043 0.17741276450532628 0.02268069100756458 0.9838751431182695 -0.0702660258570054
0.986460772068022 0.05752015581943303 -0.1535792200965694 0.2791728660776962 -0.05991638747844507 0.9981426108422566 -0.01101612148299757 -0.007636921570476169 0.1526603146940813 0.020068883763248464 0.9880749304693442 -0.0734817536426905
0.9891443438072549 0.06430932147269652 -0.132127886102203 0.2787530410549717 -0.06683001914131378 0.9976556696996796 -0.014727975341081946 -0.007027567794210311 0.1308709885944465 0.02339820266166761 0.9911232559356651 -0.07485157538070264
0.9930313311994822 0.06678283650057446 -0.09710215242270459 0.27657376558553937 -0.06835312207362791 0.9975773697554257 -0.012932209966836323 -0.007919710405427485 0.09600326014762743 0.019479324956872004 0.9951903988384583 -0.07838367763788462
0.9942078042885296 0.07027576362658755 -0.08131518270582254 0.27904523653479 -0.07160946907420648 0.9973400285218642 -0.013599685544515116 -0.008285856711472486 0.08014315835236498 0.01934385056545515 0.9965956500078692 -0.0814629852110552
0.9962853331321686 0.07376703781027771 -0.04442925971047952 0.27667071738209803 -0.07450725986283521 0.9971040193718972 -0.015239513776096635 -0.008456474679473715 0.04317641964610697 0.018493206457945163 0.9988962899627994 -0.08495161381544843
0.996414633234363 0.08182315168603237 -0.02151396115536198 0.27901459620483654 -0.08246733380431276 0.9961119320404294 -0.030986411568356572 -0.0046244311925035825 0.01889490755834841 0.03264951293417771 0.9992882425874531 -0.08893661371364917
0.996165302712363 0.08693408892443884 0.009856665504290166 0.27895163421534813 -0.08656231299535111 0.9956876997898826 -0.03336121184879044 -0.004630338462237938 -0.012714387161053286 0.03238006593572123 0.999394754683611 -0.08937046274078973
0.9943311206642619 0.09136701307655049 0.0543846614407199 0.27422185085699113 -0.08946463291673419 0.9953228754215053 -0.03644795083036432 -0.0048423581764315505 -0.057460438004132725 0.031375828022969586 0.9978546264262366 -0.09394819438992306
0.990817967617901 0.09408768508540705 0.09709409127645419 0.2715090484013086 -0.0908591373230492 0.9951700715620707 -0.037163770422904266 -0.0052552070296369695 -0.10012178689197879 0.028000646106888544 0.9945811136388788 -0.09862933405130551
0.9839809194856687 0.10115929421577947 0.14679355327092003 0.2675198743990708 -0.09663709233162815 0.9946078512065887 -0.03763634817424249 -0.005868247931635674 -0.1498092870079347 0.022847746321436702 0.9884508880132606 -0.10112658984166939
0.9721189759611719 0.10864868196764489 0.2077983649668456 0.25909345311948695 -0.10241578007118955 0.9939146477852174 -0.04055466570431852 -0.006512218156702457 -0.21094004970277863 0.01814212844932505 0.9773306291152014 -0.10314352329386736
0.9649378507839451 0.11227674030114154 0.23725277176844287 0.25862958598083424 -0.10497686881731172 0.9935349283818137 -0.043222715077257015 -0.006614340022527465 -0.24057182116318584 0.01680118069320842 0.9704859191093606 -0.10481585352143315
0.9624301726071699 0.11390571479089547 0.2464825571786083 0.26234953330472816 -0.1064057841904373 0.9933672362680269 -0.04358145247731107 -0.007282468468798552 -0.2498118731088434 0.01571693504434808 0.9681668275698466 -0.11061646431810322
0.952161300569092 0.1146472397561436 0.2832752515043806 0.25474332198070376 -0.10616018037646037 0.9933218352624308 -0.04518570231063756 -0.007568157932087765 -0.2865639087551154 0.012951525283324373 0.9579735821993337 -0.11402684246379391
0.9513440591041082 0.10988447402915529 0.2878712968926433 0.25474859134879635 -0.09570323800672446 0.9934189444123045 -0.06292607661186815 -0.0025395444883694026 -0.29289139871690445 0.03231413390560184 0.9555995109393811 -0.11673430076917941
0.9532612712119282 0.10766253035772287 0.2823149453436512 0.25639950114470456 -0.09007767775948211 0.993138071593996 -0.07458406478604657 6.986854229596882e-05 -0.28840762953998844 0.045667825736740573 0.9564180513329941 -0.11975137411424247
0.9532246552329484 0.10073640006145332 0.2849823404330228 0.255353832671756 -0.08118901751894304 0.9935131057640163 -0.0796244441703612 0.002278613920040834 -0.29115476999412726 0.05276254711239391 0.9552198770607097 -0.12095216088976304
0.9363241858134254 0.10049514421768772 0.3364487257361661 0.231407389010119 -0.07626208885091652 0.9934993102411238 -0.08451753873899708 0.004591098918149426 -0.34275517919488613 0.05347753303087062 0.9379014023851399 -0.11605105187633313
0.9561591527746359 0.0910105533595613 0.2783464634991378 0.23461327573465077 -0.07109699005119845 0.9941881534507847 -0.08084017283362678 0.003960569362481795 -0.2840860654290356 0.057506475420565216 0.9570726789088434 -0.12108635235970047
0.9661937345489086 0.08145588228883373 0.2446111333504275 0.228430628233187 -0.06236836220901996 0.9944440111278354 -0.08480151017133088 0.005888369914450299 -0.25015965844595656 0.06667869204266205 0.9659058428820477 -0.12801182076836876
0.9721380047644342 0.05616143225799829 0.22758205821055988 0.21937204236433783 -0.08400723860624294 0.9898564005678449 0.11457351402752813 -0.04738672661228215 -0.21883894432750864 -0.1304998075921714 0.9669949930914972 -0.1231943088460636
0.975041502252875 0.048390345423751424 0.21668512490299435 0.2173481698704849 -0.07592637445214506 0.9897917643649414 0.12061280553026277 -0.048323343177981606 -0.20863665676723506 -0.13405460702676184 0.9687621523304305 -0.12705417094925814
0.981056904071812 0.04406561577562453 0.18864138591344698 0.22127445677156043 -0.06880460140913372 0.9895553302676512 0.12667349826937718 -0.04901781227574041 -0.1810891432360357 -0.1372533054071486 0.9738420058494331 -0.13288602340059227
0.9831250274596952 0.040837115022814105 0.17831856442610314 0.2192808180988311 -0.06491374109378642 0.9892086473403398 0.13134861340835033 -0.049120924229346254 -0.17103036747777284 -0.1407074342872552 0.9751666684914494 -0.13379472894760147
0.9958257762494995 0.025732768195364648 0.08757195897137277 0.22869422014695753 -0.03630025025520139 0.9919510784800347 0.12130684124853931 -0.04757995577018975 -0.08374553831990225 -0.12397936337670686 0.9887445586541621 -0.14327248232746562
0.9990747733378358 -0.03837160025169242 0.01942208984827906 0.22909945863312883 0.03574799210922651 0.9920087722225954 0.12099866484209776 -0.044503195424221924 -0.02390979590269822 -0.12019241293666497 0.9924626469204526 -0.13678417209602628
0.9933684988086903 -0.054169602886229844 -0.10141340985153195 0.23338094341474894 0.06604418085254511 0.9908557490198489 0.11765649497508963 -0.04444903095607142 0.09411265456930935 -0.12357402136961154 0.9878624749895393 -0.13756091181826136
0.9737070446573527 -0.07401776786886217 -0.21544363816170753 0.240308190986406 0.09929571509416384 0.9890737582669196 0.10896541502551303 -0.044868347754800995 0.20502427209620502 -0.12749302234811585 0.9704177333004389 -0.14237806132783154
0.938476901372272 -0.09618427043018554 -0.33167708952007685 0.25070727714958585 0.14070100016828407 0.9835966770893163 0.11287517605962961 -0.0463876870663027 0.3153796666596286 -0.15259804369867783 0.9366159847648318 -0.14121539039633751
0.9025750111683729 -0.10342431417032716 -0.4179255441496809 0.25509145453424414 0.1598254861502777 0.9818415489616232 0.10219093261860632 -0.04677192443230195 0.3997676364980465 -0.15903013541789374 0.9027154883116439 -0.14215661845646366
0.8679117235725854 -0.0969623369575366 -0.4871627503175865 0.2632318815928264 0.16563571687685114 0.9811229076951964 0.09981307174116671 -0.048492522870880385 0.4682884254174467 -0.1673204865145078 0.8675885000463033 -0.14273245208717858
0.8395544011599989 -0.09940537726971883 -0.5341039023099696 0.27056447536672507 0.17367417412366132 0.9806374370076489 0.09048479641092205 -0.04781767611896655 0.5147676065326316 -0.16872696319477076 0.8405626229828052 -0.1426807248182276
0.8150325914268108 -0.09987180813461422 -0.5707429341236006 0.2746488449236423 0.17877857975732112 0.9803177152392397 0.08375796444556453 -0.04787516841800637 0.5511443498141357 -0.17030208198385174 0.8168458278891532 -0.14278288857671212
0.7955102811969771 -0.10201022909095771 -0.5972916420566365 0.2751452913083505 0.1842255145800545 0.9797819042942489 0.07802807055952427 -0.04837984671993956 0.5772558811199888 -0.17210849246431928 0.7982194651435415 -0.14549793694984198
0.746805828519363 -0.11199827099765154 -0.6555436230969232 0.2811765167553316 0.19883404393675208 0.9782322464289388 0.0593859833491201 -0.047063250287975665 0.634622783597673 -0.17469418805479314 0.7528186124151118 -0.14565710534115145
0.6954862630189133 -0.11080001784498308 -0.7099452190116747 0.28766933925020205 0.20723563879636492 0.9769847715542704 0.05053856115586447 -0.04806236578337653 0.688005994134239 -0.1822748260089595 0.7024412002714232 -0.14550475400557486
0.6503074315673021 -0.1166810688135105 -0.7506568940793604 0.2923790118800171 0.21570332979234863 0.9758247607626823 0.03518678443591345 -0.04672806517002115 0.7284039524637583 -0.1848014189961364 0.6597545888981645 -0.14444982419525518
0.6204693448584633 -0.12637177451305434 -0.7739818904194902 0.2942579375449352 0.21305959158370782 0.9769740227702118 0.011285799323283361 -0.04254438515396017 0.7547339945471425 -0.1719067579782891 0.6331071505174337 -0.14465098021210573
0.6116231615061265 -0.13266629290631535 -0.7799466411465229 0.2953074233316311 0.19538571319715103 0.9806324033308705 -0.013583542098942665 -0.0365975860260785 0.7666430273521601 -0.14408242177313352 0.6256985890573039 -0.14628119630522168
0.6203708241736908 -0.1266052673107514 -0.7740227043202449 0.2959167780313884 0.18228462272755513 0.9831357604469558 -0.014710297327076122 -0.03489371712853851 0.7628318011404099 -0.13196659736294414 0.6329869353701713 -0.1474277607281277
0.6346178804289949 -0.11515277466993641 -0.7641989167262809 0.2964430565825664 0.1771819541757655 0.9841774256177344 -0.0011619031363005973 -0.03608523035664736 0.7522411188935768 -0.13466489293894726 0.6449795854563757 -0.14838971359132827
0.6420229764274801 -0.11291977901601742 -0.7583242190818975 0.2969984889136854 0.17886101935806786 0.983862018584842 0.004925864426158984 -0.03730876415802596 0.7455301694052265 -0.1387971609692644 0.6518589683462851 -0.14860564513036015
0.646880896837218 -0.12049350755353774 -0.7530115669393921 0.2975504155664947 0.1810275020732678 0.9834762785398462 -0.001858236400395652 -0.03720650377774434 0.7407929189727608 -0.1351137453660965 0.6580046557684521 -0.15136753573260173
0.6470927757625128 -0.1284581704542563 -0.7515114357077395 0.29807766541253866 0.18176169867260694 0.9832745710603079 -0.011567316102174647 -0.03561046527031668 0.740428000855997 -0.12911086844145434 0.6596186467942532 -0.1537407146201696
0.6467337524991351 -0.13958268360156462 -0.7498347336693394 0.29922935292386843 0.18209056156552403 0.9829400144405145 -0.02592210254638498 -0.03424183725821029 0.740660840578961 -0.11977312908269871 0.6611171732625033 -0.1551952489796585
0.6515212108052784 -0.15179424106940995 -0.7432890556499417 0.3001641399779315 0.1794081668568489 0.9828146496161089 -0.04345197538688469 -0.033018962542650854 0.7371111324189065 -0.10504224330297456 0.6675577170447455 -0.15721759614521388
0.6508677331515619 -0.15530867575694776 -0.74313552544389 0.3019744313609465 0.17795770581232714 0.9827907378998547 -0.04953201429646046 -0.032900564375702004 0.7380394629585563 -0.1000079033520695 0.6673051553696898 -0.1573374113597162
0.6567886243912922 -0.1926473737751693 -0.7290512274509389 0.3017749482085422 0.17370752645247084 0.9794665019899039 -0.10232823038349677 -0.025372536982352305 0.7337945203692597 -0.05943366770767279 0.6767667552553531 -0.15845592440776463
0.665317845172399 -0.20741368915595437 -0.7171692453290709 0.3035206944462139 0.17153189863900825 0.977401283509643 -0.12354569495936178 -0.024916177784040223 0.7265872092491351 -0.040820246746115604 0.6858605797180186 -0.15971449689545117
0.6722920564744315 -0.2320716836916925 -0.7029695046229806 0.3050943282630326 0.17351255797530307 0.9725378956416119 -0.1551239303455278 -0.023204757635164622 0.7196643544224213 -0.01768545078537799 0.6940968533312005 -0.16130134762386494
0.6777299680284978 -0.263008786755806 -0.6866647424510205 0.3062380223610726 0.17303971448038527 0.9646633145992312 -0.1987006458946814 -0.01952507240439668 0.7146603022755856 0.01584511141196831 0.6992922027276635 -0.16317924979525783
0.6830626144293059 -0.2900428802152814 -0.6702988828913721 0.3070383131312878 0.17378963652361118 0.9559510428720164 -0.23654759747012308 -0.01591653084651545 0.7093818626141959 0.045085821145035246 0.7033808653394608 -0.16478127461255676
0.6821745852113359 -0.33395014429658293 -0.6504730097521567 0.305843508824748 0.17799035386726372 0.938692395607107 -0.2952558557583375 -0.008117995656314513 0.7091948034369268 0.08563811974626864 0.6997919999716908 -0.164609822276851
0.6863049653700453 -0.38163539050554907 -0.6191445091592871 0.30262321510485785 0.17447867604294579 0.9128075502198266 -0.3692418826026799 0.0025384285641962302 0.7060755526958254 0.14538502321542818 0.6930515918096798 -0.1641916682868152
0.6869978492361727 -0.4065244863476408 -0.6023054018889887 0.30303331062402716 0.17726871636920993 0.8975857564916301 -0.4036280613883933 0.007282575128057326 0.7047054401249356 0.17052170461008767 0.6887035580822767 -0.16497643359549463
0.6847916670893831 -0.4485192301683028 -0.5743612738113295 0.299772603012974 0.1832190445861896 0.8688067698117059 -0.4600060634711954 0.01691844447922288 0.7053305284658117 0.20977439524064395 0.6771289011078748 -0.16335767136131818
0.6854869534735555 -0.47314871364118527 -0.5533876863440601 0.3001068904854017 0.1829925792675889 0.8476225361635269 -0.498045933745772 0.021018451305915238 0.7047136670666552 0.24013814975425682 0.6676168934966121 -0.16457015814020182
0.6871860771931209 -0.4987706907679911 -0.5282074340093555 0.2994386969155901 0.18517709232133966 0.8233177420177179 -0.5365233826761445 0.027129250463856086 0.7024846900761167 0.2708794818912336 0.6581333956721815 -0.16618391926772882
0.6875461539120918 -0.5437622102686316 -0.4812514362830077 0.2918731849730665 0.18852210607002112 0.7736960582973236 -0.6048585164301664 0.04095423048222222 0.7012415430959629 0.32514161231523736 0.634462946260408 -0.16283020788103358
0.6938123049660784 -0.5784804250369396 -0.42893459096549247 0.28441047501961403 0.1777665581298826 0.7147535914985096 -0.6764069442655288 0.05349406731962679 0.6978707160271919 0.393049235197142 0.5987393109046978 -0.15794653506025144
0.700679645100822 -0.617982099833131 -0.35657560099818136 0.27401779617711364 0.1791571624659046 0.6361546616025445 -0.7504731558546985 0.06725761000013178 0.6906162075122073 0.4619581916225546 0.5564565419817367 -0.1521190110783708
0.7006899319634691 -0.6456160794045956 -0.3036667536284847 0.26664974567992394 0.17882412231968245 0.5709565642830172 -0.8012680793459337 0.07658575974544016 0.6906920822780706 0.5071375353061207 0.515515244936571 -0.14595892735873392
0.6977081746711368 -0.6807719820932102 -0.2230533823862505 0.2546171735115233 0.19002261925682742 0.476077420483057 -0.8586277970558411 0.08788704387667881 0.6907204261985002 0.5566864450506007 0.461525183201397 -0.13820335419381516
0.6976511458523835 -0.7052667407110268 -0.12602262946668066 0.23659413998713955 0.1950227361998117 0.35620695784808937 -0.9138286138799449 0.10094091924491755 0.6893830655419289 0.6129563015643532 0.3860512418275047 -0.12598896886722685
0.7015070462479318 -0.7106283573535297 -0.05380707936248259 0.22413946256487755 0.19503904566815194 0.26405704004964003 -0.9445812036373965 0.10836120316642987 0.6854543272380378 0.652135888695939 0.3238381508491597 -0.11667716383120347
0.7063062998112132 -0.706983532106369 0.03613441818252017 0.2077146127777811 0.19460719355387804 0.14483680878900682 -0.9701290321585545 0.11551911231600889 0.6806316559373857 0.6922402647565472 0.23988323156426197 -0.10199898038788081
0.7119671987666424 -0.6922420297512205 0.11791386740449257 0.19162494143478598 0.19312338360514555 0.031583449651510186 -0.9806660208312532 0.1202048067076847 0.6751341100738961 0.7209739648239845 0.1561745032350281 -0.08643508321729276
0.722641324164341 -0.6658303980805351 0.185632426051907 0.1800367590711961 0.19727714504690627 -0.058719131239816764 -0.9785876515001488 0.12222736445764054 0.6624735803427494 0.7437889113305957 0.08892024926585736 -0.0754764304068954
0.7286935832071014 -0.6408453897865337 0.24150123846915109 0.171666933153957 0.2002824091918431 -0.13780439267970182 -0.9699984051154329 0.1228333793344688 0.6548989375171542 0.7552000633921586 0.02793288190248716 -0.06698194476936226
0.7368851743859037 -0.5956077884831829 0.31976804416392396 0.1567362756638448 0.20503597402055357 -0.25382300644920774 -0.9452693429676654 0.12077001565069453 0.644174269221994 0.7621189170301798 -0.06491738732459754 -0.04982163463650566
0.7348127425193531 -0.5583402600640902 0.385105683446432 0.14303599221518376 0.20561129562520863 -0.35769470615839777 -0.9109217816572257 0.11661168347843756 0.6463545687488412 0.7485390111262198 -0.14803756374540825 -0.033449559090455626
0.7381003738309965 -0.5427894116657915 0.4007336930357112 0.1416914828953817 0.20793284346720445 -0.3820370434560179 -0.9004507926783236 0.1203914034422751 0.6418502712924383 0.7479487629583235 -0.16911793882061196 -0.03352395186625153
0.7383265329344775 -0.5146502437772906 0.4359002837174135 0.1352595922644364 0.21109630566491464 -0.4374976632648487 -0.8740904669268594 0.11765803591362052 0.6405562274301678 0.7373811234482278 -0.21437536771433344 -0.025336622621242654
0.7404298695111059 -0.49146431610289776 0.45850456304520026 0.12801235163704863 0.2171014454390926 -0.4707225227327072 -0.8551533599187959 0.11793838997932114 0.6361057857966811 0.7327230940741977 -0.24183940267523904 -0.01970292639950802
0.7407715620866284 -0.4806459016827466 0.46929416148009795 0.12325304266723767 0.21924920631328781 -0.48735907218004476 -0.8452283243566749 0.11698225447142044 0.634970297206664 0.7290134785855364 -0.25564050873422134 -0.01444095535754376
0.7388525105850158 -0.487348071460004 0.46539104508620116 0.12175906114753826 0.21772101081943177 -0.48094436245694616 -0.8492879851196764 0.11680013985685835 0.637726061134382 0.7288239687778494 -0.24924103491384808 -0.012772005731198752
0.7361203236459383 -0.5241751617176685 0.4282140457220507 0.12959987552373003 0.21107241127787474 -0.42333280311969584 -0.8810435715673525 0.1240237345657868 0.6430982089173722 0.7389382502219489 -0.2009849647266911 -0.02481424924904528
0.7356781948572029 -0.5533684280173062 0.3905905483819271 0.1375986414314012 0.20452446021026066 -0.3682566245204268 -0.9069491736985679 0.12953906958376735 0.6457145954578839 0.7471080520048458 -0.15774098973375028 -0.03449437883037393
