1.0 0.0 0.0 0.0 0.0 1.0 0.0 0.0 0.0 0.0 1.0 0.0
0.9999862943227092 0.0013022196146191278 0.0050710344912157 -0.0002808044142658724 -0.0012705661433262472 0.9999797223190089 -0.006240241379404189 0.0010562973370893752 -0.005079057827120217 0.006233712767933444 0.999967671475791 -0.0013509785820348683
0.9999277911935975 0.007078009771442966 0.009711548608158226 -0.000760730978919862 -0.007189353113800078 0.9999082750904686 0.01147844098337674 -0.0017513760219589234 -0.009629413299799479 -0.011547431891079856 0.9998869592190021 -0.00251548121618856
0.9999072762697171 0.01042606098168641 0.008759915255400583 0.0001840494193782251 -0.010636732826010749 0.9996467259103826 0.024357407321809434 -0.00019411704643162195 -0.00850286879022066 -0.02444832569029273 0.9996649341620808 -0.0034550750613099976
0.9999242750561362 0.00898108475193203 0.008413338822296534 0.00021514891653287165 -0.009278041631934873 0.9993105776216998 0.035948399086214104 0.003507941227732266 -0.008084682859345806 -0.03602373620356806 0.9993182317625344 -8.16328564682417e-06
0.9999646355030896 0.0020270715060632678 0.008162029421786525 7.376190406334707e-05 -0.0024078079791435133 0.9988961716318833 0.046910987624471656 0.006043218267308248 -0.008057928015833542 -0.0469289812405625 0.9988657269702537 0.001839304158238403
0.9999478893034739 -0.0058200351849586615 0.008387244361120594 6.958843090140978e-05 0.005323726515660189 0.9983007512425083 0.0580281656149055 0.0067971706456096985 -0.008710718312157462 -0.057980490331578594 0.9982797133706537 0.0025089308920875995
0.9999194087736034 -0.010087091976283675 0.007708860701101588 5.561042697291192e-05 0.009545905227565118 0.9976885693713945 0.06727848273443393 0.0069533922241744855 -0.00836968644773113 -0.0671994726253351 0.9977044548500533 0.0026328782357666223
0.9998199866076473 -0.017637406666461197 0.006994016440154168 5.8401204159425285e-06 0.017053313610754687 0.9969433500542485 0.07624395895745364 0.00846285046401908 -0.008317383890173873 -0.07611096286800255 0.9970646631269847 0.003693050301629668
0.9998281167266659 -0.017636904090922556 0.005716346463907143 -6.939552819013465e-05 0.017099359008826448 0.9963728217447003 0.08335953460757531 0.010126765369298903 -0.007165816373251593 -0.08324746063749822 0.9965031416774918 0.004807407657059114
0.99978641614259 -0.01911430395096537 0.00785910180783485 -0.0012446843876574645 0.019561103273200882 0.9979233748601523 -0.06137019754294005 0.06388663742225377 -0.0066697327900778446 0.06151082256151696 0.9980841314099292 0.0016435491248141714
0.9997749047276246 -0.02013811827167097 0.0066780288517347165 -0.0012434801042894752 0.020424691962332923 0.9987301309917439 -0.04605385333995365 0.06491464359703016 -0.005742110684433803 0.04617988351750502 0.9989166364232782 0.0029206091699655137
0.9995658159466849 -0.028161933032020275 0.008665166976872406 -0.0032265649603480133 0.029057005503823237 0.990902720313186 -0.13140581915227126 0.10282678223968403 -0.004885695650366966 0.13160054864562026 0.9912907875967486 0.0052180190101226275
0.9997291281142291 -0.022397255716142078 0.006327190241188119 -0.004118858614646464 0.022956281280749072 0.9937045942465842 -0.10965486091820695 0.11135267023987935 -0.0038313900508373105 0.10977040725813866 0.9939495853113777 0.01871573101681652
0.9996169072514357 -0.02747815417884601 0.0033150837088543245 -0.004955936307786391 0.027665672130113665 0.9954871113381889 -0.09077456551885911 0.11825003165795356 -0.0008058055983264953 0.09083150446002697 0.9958659490487989 0.025248639844930476
0.9996681796237492 -0.025661855358398492 0.0022360293609181973 -0.0057812368919918635 0.025735783714499087 0.9913020362950543 -0.12906565102256803 0.13946923820085716 0.0010954836095851575 0.12908037037769568 0.9916335300396094 0.025085864206528308
0.9996037731371789 -0.027856991096774867 0.004035440118338339 -0.007221883167993081 0.028138620257945706 0.9926105121442289 -0.1180363894345759 0.13959597262427456 -0.00071748163301655 0.11810317196335425 0.9930010704889998 0.023698307555606517
0.9988631932113883 -0.046192059903667516 -0.01177348076840909 -0.0035710219700981283 0.04601886774179463 0.9988341676223226 -0.014579760011245535 0.10506909599168329 0.012433224011152223 0.014021383386745623 0.9998243924552996 0.01760772292937214
0.998720122463503 -0.04895067722837891 -0.01272588642760004 -0.0034031950337493244 0.0485926740195011 0.9984519394720398 -0.02706430483416582 0.09270153119669987 0.014031002035486097 0.026411280987581227 0.9995526875650298 -0.0037011388209364227
0.9987190114291953 -0.04923713578592324 -0.011663647349326775 -0.002506444388394826 0.04870402737676366 0.9979184648968054 -0.0422688435527486 0.08542123689386986 0.013720565847459459 0.04164663104744097 0.9990381895579482 -0.014997111755253898
0.9988147168980454 -0.04822865943791215 -0.006569453302899186 -0.0018119160659756737 0.047731475227725285 0.9969432985996103 -0.06185277398721218 0.07912009552334277 0.009532448817708776 0.06146589124180851 0.9980636636174004 -0.025487562131012557
0.998547087035541 -0.049428471295672786 -0.02146022362903715 0.006047388074434098 0.051693967807693635 0.9911183345501271 0.12252420418382279 0.010206521242487901 0.01521343699276063 -0.12345555128852993 0.992233479676488 -0.025623682736291283
0.9989364622241347 -0.034963844701349674 -0.03005784428114167 0.01338022104982734 0.041943364565373814 0.9598230956224975 0.2774533821718205 -0.056669159105843664 0.019149376179545843 -0.2784190271395728 0.9602687887870704 -0.014056545854694794
0.9997350866633681 -0.012331920303998833 -0.019433996907553208 0.01358939116180839 0.017154014542549605 0.9621738401631402 0.27189564375103525 -0.07250903116430676 0.015345888024518042 -0.27215698603440613 0.9621304894209548 -0.02073303499918662
0.9998777383434917 -0.0039732524991420515 -0.01512354553935206 0.013694539880005959 0.00788891695971033 0.9632462779622197 0.2685039533808251 -0.08641589865205314 0.013500864946574298 -0.2685904340376025 0.9631598545356768 -0.02601401515203839
0.9998872823211206 0.0017818327225990226 -0.014907975202249452 0.013858735506642317 0.0022326894257276406 0.9642467355784061 0.26499669436488393 -0.10027664962450149 0.014847146204254142 -0.2650001094311781 0.9641340696454267 -0.03222755697831687
0.9999323949311125 0.005051483539673809 -0.010473207788271549 0.011066540919392217 -0.0013921639240832252 0.9462355994357994 0.3234752729962241 -0.1363356116675793 0.011544152066584348 -0.32343882400605767 0.9461786616060631 -0.02385975280517827
0.9999403832833673 -0.0005946314397598254 -0.010903040519117984 0.012755734322329817 0.004179159085646392 0.9433292756274649 0.3318319037909087 -0.1538646992722027 0.01008783963232858 -0.3318576866031777 0.943275522492733 -0.023958708999456808
0.9998283157142556 -0.014347959714544235 -0.011724979659810262 0.015056355511569627 0.017488590086787745 0.9398051774782571 0.3412629156557123 -0.16890288149124005 0.00612277002422235 -0.3414093795388335 0.9398947532836527 -0.021593573778667247
0.9997769576313268 -0.019076169354278145 -0.009062822530180654 0.014930499143039212 0.021061496438707576 0.932357045532488 0.3609248578495142 -0.18790166036365152 0.0015647227259198407 -0.36103523291875067 0.932550863081523 -0.019149407018216588
0.999672736743507 -0.024034093100858966 -0.008762521358885353 0.01554154329347578 0.02557668045733668 0.9322846474336458 0.36082013466033974 -0.19842298512117623 -0.0005028205733914196 -0.3609261676968596 0.932594257243271 -0.016923837811444672
0.9996943641744985 -0.022869459809460826 -0.00938967761785279 0.01580541197438868 0.024707013532249706 0.9374516474412136 0.34723763072580627 -0.2044597421536646 0.0008612317115831921 -0.3473634933578622 0.9377301646860681 -0.018229581541097467
0.9996932058648251 -0.022837564928367846 -0.00958852313183429 0.016376673269205323 0.024731505612773232 0.9415974492310599 0.3358312019924392 -0.20834931767772516 0.001358962042355464 -0.33596530956291265 0.9418733800211484 -0.020434939244376473
0.9997759750098608 -0.02007021304104992 -0.006722078664222001 0.016602664656452555 0.021164616044161935 0.9443149148644056 0.32836169172474045 -0.2081760024731425 -0.00024252996591701186 -0.3284304007139368 0.9445281430778533 -0.022851636855353068
0.9998526990557869 -0.016348476192844186 -0.005225659482697791 0.01641118189196555 0.017156457467844177 0.9433803207836158 0.3312691146565825 -0.20554536832088377 -0.0004859609152928608 -0.33130997220786146 0.943521841908079 -0.02505646679299306
0.9999249752543364 -0.011822779815222494 -0.003204019359239871 0.015966704845257057 0.012221578082124993 0.9453644213061252 0.3257863471014668 -0.1986311021947791 -0.0008227343411833672 -0.32580106323641067 0.9454379886075168 -0.029168190492186413
0.9998952414213398 -0.014397181663792571 -0.0014924285910327148 0.01575944557129026 0.014092952038062526 0.9448476099955258 0.3272069415348574 -0.19229252229112748 -0.0033007401916035468 -0.3271936965252884 0.944951527893523 -0.032645011165462055
0.9998219971905552 -0.01868540920177722 -0.002613315298749242 0.015469700888307574 0.018502615963978113 0.9439465566121333 0.3295793553343207 -0.18592477963581644 -0.003691495141282034 -0.32956904245250207 0.9441242604236804 -0.036268817380425186
0.9998399907282157 -0.016562502393707056 -0.006758435844114226 0.016564523441185097 0.01788086590448856 0.9362721490530911 0.35082009284248855 -0.18541734335411977 0.0005172766245435496 -0.3508848050599585 0.9364184887126735 -0.03565820943625537
0.9999000913166011 -0.01228130576404399 -0.006998350790143239 0.015804930538826048 0.013955730653132353 0.9363841578538952 0.3506992251234512 -0.17948262565172385 0.0022461003960415477 -0.35076185432424384 0.9364619995408396 -0.039082866458354515
0.9999087446298611 -0.012602448299388818 -0.004866282934159652 0.014504683010256581 0.013508290344023972 0.9282091232266674 0.3718135953011445 -0.1830994428557153 -0.00016883339610179366 -0.3718454004766538 0.9282946566902343 -0.03913590979804841
0.9998423330972148 -0.014314526282666632 -0.010507296703710863 0.01453668704287355 0.017227233122444018 0.92541843617903 0.3785550692024922 -0.1819206560859757 0.0043048095964827605 -0.3786763952469994 0.9255191280017256 -0.03886615000756739
0.9998126643962465 -0.010530403822856872 -0.01624028042260907 0.015921262510940885 0.01608931974535959 0.9185844376702481 0.3948971570677176 -0.18360499627015017 0.010759642327189622 -0.3950844738348519 0.9185817811341718 -0.038855640701859345
0.9996736336014197 -0.01639440151052194 -0.019592087210018948 0.015767777278264686 0.022946501394154713 0.913333763831584 0.40656474751139043 -0.18167563706053677 0.01122872904211895 -0.4068816282954348 0.9134118765374974 -0.03896914802644451
0.9993169604765245 -0.03238586019878626 -0.017797993233623688 0.01668732764483057 0.036470643645517865 0.9419781522103606 0.33368705835024054 -0.14776707615990153 0.0059585783573860565 -0.3341082411697441 0.9425158770686133 -0.054258616395064706
0.9992780296127649 -0.03504109397942966 -0.014681323712575713 0.016299000634443183 0.03795759467342693 0.9373381072724642 0.3463473598303906 -0.14275210164073746 0.0016249737956537502 -0.34665457502764735 0.9379914525583711 -0.052552569725820085
0.9994682872725312 -0.030009528480896726 -0.012750330853174664 0.016030658637845814 0.032589458719450126 0.9318248398021397 0.36144210478040534 -0.13887687365458717 0.0010343678670786992 -0.36166544779404947 0.9323073709646639 -0.052212174862477895
0.9994837616369208 -0.03172572289660836 -0.00506840515314987 0.011975833541984145 0.03198786198406096 0.9679423532142882 0.24912723163009404 -0.09145002432505131 -0.002997817505714426 -0.24916075004035718 0.9684575022836711 -0.06868440825790256
0.9989567103104097 -0.04564532255663305 0.0014126055723358386 0.007288364173338188 0.04485788405664746 0.9865817436708414 0.15698481867162475 -0.052965044183965526 -0.008559273553437375 -0.1567576715319006 0.9876000056967048 -0.07787537587925132
0.9989341206240704 -0.04553675819339854 0.007551576408214274 0.0036660600327872 0.04408246100692367 0.9896628844369537 0.13647018648592102 -0.03730882522027899 -0.01368792477281905 -0.13599183365616027 0.990615395546751 -0.08203845036514955
0.9988621256592368 -0.04692020634482361 0.008540969503978948 0.002220105164009908 0.04529680105614478 0.9894074696835791 0.13791685447550558 -0.03582063417571713 -0.014921586295998405 -0.13737304382919063 0.990406983563581 -0.08325800179934713
0.9976955691229259 -0.06726742898852935 -0.008868164959647457 0.0064844845829885155 0.06755462597964741 0.9726665380807809 0.22216250405209906 -0.06594676802196238 -0.00631853315481096 -0.2222496314850089 0.9749693212832632 -0.07974626377044498
0.9961455946331699 -0.08606191143646448 -0.016949976189595983 0.008423436041295642 0.08685501978056058 0.9407897265935886 0.3276749851222695 -0.10732625390254161 -0.012253972084362965 -0.3278841834182664 0.9446384506425142 -0.07138952961361669
0.9956278426263382 -0.09182138818350104 -0.017147351377857844 0.008374539754618483 0.09259248885000536 0.9459395057990909 0.31084575335225967 -0.11753088781818942 -0.012321931495619706 -0.31107440274093157 0.9503056802753457 -0.08059038687644031
0.9929333735167792 -0.10887007931019733 -0.047229456778337654 0.019586257736943707 0.11844993001561042 0.8847999121191771 0.45066476409099665 -0.1749623408761883 -0.007275289401991944 -0.45307441038408697 0.8914430149029308 -0.059698186536696014
0.9926201432781747 -0.11263279972306499 -0.04493443651540593 0.02247199406323109 0.12092033971621831 0.891411281015312 0.43676561165178235 -0.19038926541798656 -0.009139070047201554 -0.4389758313451723 0.8984523898869012 -0.06894886910405412
0.9931093400287528 -0.10991315695561428 -0.04065632393248038 0.023446610045726176 0.1166321919564248 0.8931336127332248 0.43440681579084184 -0.2025204779813621 -0.011435495052342507 -0.4361553023111714 0.8997987451195717 -0.07128404645138933
0.9940591857202761 -0.10249947003408252 -0.03660865919247842 0.025395607674433652 0.10824122619358045 0.8957265979956657 0.4312281282514185 -0.21139551155028188 -0.011409304853901948 -0.4326288481895812 0.9014999209522453 -0.07456094657481334
0.9947188051575336 -0.09765598359203023 -0.03158809165870481 0.026992370869206587 0.1016814604942145 0.8957074913914532 0.4328613755661202 -0.22311096546529563 -0.013977813052450517 -0.4337872735960607 0.900906888645194 -0.07831659142926312
0.9946446745184556 -0.0993658278471966 -0.02843244112476968 0.028158356225573743 0.10189626696648862 0.8967484053960035 0.43065002983631573 -0.23273046017518675 -0.01729515048695605 -0.43124091836926515 0.9020710327317152 -0.08176044052234423
0.9945532440234308 -0.1014722788869206 -0.023816410727934684 0.02991203226396755 0.10160556573702105 0.892913091899766 0.43861431728257627 -0.24896646606059938 -0.023241209386062524 -0.4386451720143467 0.8983597604828335 -0.0818139034783515
0.9939478694809954 -0.10750738921190671 -0.02257861862528114 0.03530412983149943 0.10587698731818596 0.8827267390082398 0.45780297923484947 -0.26934994275068397 -0.02928645268056949 -0.4574228519703831 0.8887669200553462 -0.0764993620165677
0.9931074772983715 -0.11466482624096017 -0.024279953813612844 0.042554344229241044 0.11209025402573926 0.8686085803739348 0.4826540262478117 -0.2884839304373698 -0.034253663840621416 -0.4820488686055682 0.8754744855160438 -0.06903541589178437
0.9920754610840936 -0.12389815610655147 -0.020869269948315703 0.046955961233873265 0.11812135755288745 0.8631167924325593 0.49099566954382984 -0.3039176235716458 -0.042820840774586026 -0.4895698617504216 0.8709120082195598 -0.06557526564297368
0.9921754602232735 -0.12298613393817195 -0.02150039510504759 0.05175018570063281 0.11738018304589261 0.8601906079454404 0.49628017352153664 -0.3174605309402918 -0.04254114195510413 -0.49492072987640695 0.8678961472317734 -0.06315626960187452
0.992439356122257 -0.12079734475610833 -0.021728458746764087 0.056609266911226405 0.11538583302854338 0.8579252236433893 0.5006499976757716 -0.33177126365342907 -0.04183579754164451 -0.49937191764887473 0.8653770588060076 -0.061271163673593934
0.9925845363497406 -0.11946931671593794 -0.022428119912138313 0.05775152888282106 0.11499896885371284 0.8631355547583167 0.49170341800178313 -0.3372972691204286 -0.03938496365301794 -0.49063641984210693 0.8704738526587494 -0.06216961238909775
0.992676106886715 -0.11870857483596832 -0.022414751317919753 0.05883416321624379 0.11463596636880116 0.8670785532017845 0.48480241108331107 -0.3396679672624876 -0.03811485315362471 -0.48382130672172124 0.8743364347498962 -0.06414229864105858
0.9930038829345208 -0.11608220698833663 -0.02163815374926309 0.05972110358875017 0.11198164068303217 0.8676234932304229 0.48444771249803104 -0.3403575630992899 -0.03746198909423328 -0.4834815355474866 0.8745525736956834 -0.06543135395530737
0.9933385605066979 -0.11336462372451242 -0.02066316283332317 0.05921529929915781 0.10931490413015238 0.8703296323547733 0.48018390516574083 -0.33816042286788006 -0.036452104815671425 -0.4792439807999734 0.8769244271438092 -0.06906278630457933
0.9934646504610839 -0.11218018775132788 -0.02106166565846177 0.058319278823361326 0.10889170050357863 0.8761950426477854 0.46949424362912595 -0.33326316518163185 -0.034213825358636936 -0.4687193752294895 0.8826842931868685 -0.07484772771283801
0.9935608441765769 -0.11088407901026816 -0.023271655316459326 0.05800263831824045 0.10880504820297433 0.8765210564802774 0.46890542653316275 -0.3309288374132663 -0.031596050460022146 -0.46841814500373863 0.8829417483767431 -0.07848487420252472
0.9937024471142417 -0.10942119602762888 -0.024133968986604457 0.05722445285634067 0.10809864078792439 0.8794502096476574 0.46355367824071414 -0.3269855808221212 -0.029497973811209457 -0.4632432736808766 0.8857401080059848 -0.08336678802640343
0.9935543661748711 -0.11051668213421102 -0.02521476600905389 0.0560043473557584 0.10968556467071995 0.8811427103767925 0.4599528245947687 -0.3234756552653287 -0.028614652849741413 -0.4597538329583415 0.8875852718034467 -0.08676005341986437
0.9944243621258466 -0.10084748700918836 -0.030821621867284623 0.05552347732968395 0.10350069771811973 0.8774293393092768 0.4684072587942559 -0.3220611735957305 -0.02019389963481451 -0.4689856489096636 0.8829748963216999 -0.08798524155242304
0.9946647946781164 -0.0983829888882491 -0.031027950711421816 0.05408854965564925 0.10153313223147914 0.8804459153673317 0.46314793875418125 -0.3172430286168786 -0.01824744604598101 -0.4638273144289765 0.8857376886541513 -0.09212959677225666
0.9950405897347147 -0.08546226185689873 -0.05089623344304798 0.06074990850281763 0.09945771889733769 0.8627619198377862 0.49573181442142317 -0.3220093904541853 0.0015449699429538667 -0.4983353002508665 0.8669830111321385 -0.08771641762064118
0.9957947450037201 -0.07798124948217751 -0.048080667135242255 0.060508240256854924 0.0915925248077365 0.8583682651148724 0.5047917697853537 -0.31819536345341043 0.0019066258982566556 -0.5070728213707416 0.8619011072070831 -0.08709511405892484
0.9946773162480613 -0.08713432648529328 -0.05499677890116415 0.05982700461397659 0.10302230641763739 0.8506155354349407 0.5155963685453189 -0.31196918413601094 0.001854972220745785 -0.5185179071398451 0.8550647572279955 -0.08695688367673532
0.9929662068437093 -0.10852991402533825 -0.04732198039033732 0.05453620565224218 0.11810783489569475 0.8800030014821383 0.46004918945551876 -0.2825810755569534 -0.008285614199463665 -0.462402395262051 0.8866314755597453 -0.1052368209531031
0.9921009021113887 -0.12230779015545483 -0.027867624531926396 0.04432927336237676 0.12424075362819766 0.9273675734846837 0.3529215476377543 -0.233122185009315 -0.017321523248867397 -0.3535960804596401 0.9352378182665168 -0.12979998286500571
0.9898815114802096 -0.14146535102366198 -0.011052044580177327 0.03704896053089157 0.14065546895358408 0.9679652896031877 0.20798855059080734 -0.17198830312147428 -0.018725177785477897 -0.20743855134272873 0.9780688192216985 -0.15058541646358523
0.9902074637929715 -0.13915016511510295 0.011243228945667328 0.028306954153513576 0.13862199413117912 0.9895846684305291 0.03880884886641328 -0.10803780999289585 -0.016526384715980856 -0.03687025299181646 0.9991833981069416 -0.16066677457608972
0.991429364066407 -0.13033227920983198 0.009017375607357027 0.026912432239073036 0.12959017350136087 0.9898364172277575 0.058568370829357196 -0.09403697090905595 -0.01655907602378695 -0.056897839376273344 0.9982426723375165 -0.14346484564239964
0.9926534969167142 -0.11907525020736782 0.021450404356679286 0.01999829762811457 0.1194386899376174 0.9927038046382612 -0.01653951639884965 -0.06077243414484427 -0.019324450962410485 0.01898001698562067 0.9996330949654594 -0.14466552597408877
0.9928553412034606 -0.1169752161485161 0.023559928920963293 0.01525404024960628 0.11812586125458528 0.9914475675379888 -0.05547974158077089 -0.041525797414455085 -0.016868679456790138 0.057866394651938866 0.9981818111062565 -0.14460519472234376
0.9935636171716493 -0.10944387348339771 0.029212620384545567 0.009672641130346478 0.11145433116934428 0.9905799609502294 -0.0795567283605719 -0.033035667762222526 -0.020230439846337198 0.08230054386693277 0.9964022028191363 -0.14644456838766884
0.9934226042160952 -0.11037400738376778 0.030481271734506907 0.007528398432367795 0.11237169393974442 0.9908847528880429 -0.07429676234612377 -0.03732587495271347 -0.022002996014586693 0.07723331527295192 0.9967702258686941 -0.14840925563015114
0.9916324131938399 -0.12884605937357588 0.007990624960286364 0.013694258707506162 0.12889287542576797 0.9916424378025246 -0.005648204453241631 -0.06397263887990576 -0.007196093928855338 0.006630877239757718 0.9999521227034799 -0.15256085187865315
0.9913139370710723 -0.13132878916216215 0.00703045559289081 0.014468305996779604 0.13142173100688417 0.9912132813845512 -0.014985307004750094 -0.0702620652427015 -0.005000678733708652 0.01577909832887952 0.9998629972491866 -0.16345003359025634
0.9916012842825598 -0.12923168166898413 -0.005105434572801858 0.018937043026085634 0.1291993207188454 0.9880172328414348 0.08443626669947561 -0.10992086209185808 -0.005867583400359561 -0.08438672917800794 0.9964158024658556 -0.165965867720988
0.9903947458973971 -0.13430861874726113 -0.03285486613921892 0.028919985343493482 0.13822076179857853 0.9554353476365492 0.2608415563027645 -0.17310882922051438 -0.0036425686876415293 -0.2628773315005161 0.9648223879432534 -0.15647055047203767
0.9908531687261335 -0.1221204020365827 -0.0574160729395235 0.039066884599231924 0.13492274382544606 0.9041733276299249 0.405297972856074 -0.2290739280531871 0.0024189303393681275 -0.4093375147834068 0.9123798264796057 -0.13817873828976412
0.9921040490361267 -0.1159196310277528 -0.047876873629187806 0.040081936336200386 0.12540327093823497 0.9111121301306306 0.39261776063598763 -0.2336033186069386 -0.0018909056315894138 -0.3955215866058619 0.9184547343253623 -0.14147906115301026
0.9930439607471591 -0.11123540550668737 -0.03860539580615698 0.04063199335215969 0.11754622025652436 0.917567584646847 0.37980602115916773 -0.23637627108935572 -0.00682481699333963 -0.38170199392604526 0.9242602499869215 -0.1435196553041345
0.9935671604709674 -0.10746191495172489 -0.03572442397799684 0.04366251253873511 0.11295961054778228 0.9181031599051254 0.3799035590213909 -0.250485255821463 -0.008026457409434168 -0.3814951174093016 0.9243360056680229 -0.14559203877342972
0.9935225066528143 -0.10900428443197831 -0.03211066411292903 0.04631967261096176 0.11303436600113047 0.9189624867650488 0.37779780309223887 -0.2641112133515396 -0.011673083441157736 -0.3789802288960127 0.9253311435528899 -0.14855321061641194
0.9934810309139929 -0.10960457116132231 -0.03134133364433033 0.05047581336855053 0.11297101805744718 0.9097826134190046 0.39941600543737843 -0.2857561249997322 -0.015264019559965293 -0.40035288721455864 0.9162339086749829 -0.14373615460993866
0.9931644368395868 -0.11249810817660268 -0.03112197059610419 0.05656547347939225 0.11464861646583634 0.8901435159412121 0.4410217860494971 -0.3193759091254654 -0.021911096265808453 -0.441575244646376 0.8969566361736337 -0.13222313303802807
0.9935207977112189 -0.11064343519407256 -0.025970266916412105 0.06025922563848822 0.11077585388443854 0.8917000225909316 0.4388619143962099 -0.3337652935815418 -0.025399502188596903 -0.4388953177692725 0.8981791387739858 -0.135174541928598
0.9931624137584731 -0.11448335232020339 -0.02284692405910965 0.06467899739130481 0.1124618286814296 0.8857575010601918 0.45031765055928474 -0.3504310427740892 -0.03131703988348659 -0.44980797164694214 0.8925760649131245 -0.131967268052883
0.9931390796337076 -0.11501144619778761 -0.021145584593402378 0.06843345039693 0.11215764820471388 0.8856493602639014 0.4506061169284439 -0.3631922416793932 -0.03309728770596759 -0.4498861832815485 0.8924724038528407 -0.1322681345217385
0.9921201907135161 -0.122338246585867 -0.027034803510699316 0.07560407809171674 0.1211500600783515 0.8817308619079337 0.4559312997613839 -0.37459722045597776 -0.0319404151754338 -0.45561391614105756 0.8896042767978514 -0.13093750489296963
0.9917278824740156 -0.1253544478638123 -0.027605606755770676 0.07685373358039764 0.1242701199613458 0.8838296952780413 0.45100111643932533 -0.38101831847391543 -0.03213634093030764 -0.4507009342629387 0.8920963644394718 -0.13093604572081508
0.9910189711384203 -0.13118701596321053 -0.025910725316080088 0.0780447724660742 0.12875607475574408 0.8838249308583713 0.44975033608290804 -0.38532958589104943 -0.03610085950820438 -0.44904727861981925 0.8927783988800921 -0.1312987562039832
0.9905282631494082 -0.1350846235860432 -0.024615124879308 0.07926817376584508 0.13178282544537898 0.8849165722820631 0.44671685329545957 -0.38541346037726487 -0.038562246042478016 -0.44572951951961076 0.8943367087450753 -0.13334666442390755
0.990042445051879 -0.13881594361485486 -0.023368585622684807 0.08013492211352558 0.1347745612757735 0.8868013115198172 0.4420624973006137 -0.38280006079448625 -0.04064203032097524 -0.4408101265681759 0.8966797966310689 -0.1370943235973417
0.9899274387347853 -0.13962239681331381 -0.0234361333859428 0.07989063336287387 0.13567321461071793 0.8882682858782075 0.43883052667309447 -0.3797981671429367 -0.040452995898613196 -0.43759003486265363 0.898264168556069 -0.14132028125590876
0.989834510587069 -0.14070916437883538 -0.02070199774557916 0.08004204019474807 0.13575440222953125 0.8913442187555282 0.4325230929862594 -0.37460936662329414 -0.04240735698144527 -0.4309366713925715 0.9013851570349586 -0.1461648609175064
0.989905276420984 -0.1406621086221661 -0.017369942770533813 0.08005727977816694 0.13462354984703123 0.8948571125761862 0.4255669722833239 -0.36851935447820994 -0.04431753084808112 -0.4236093946901779 0.9047602097736993 -0.15153147558657426
0.9905284702455468 -0.13668125384451787 -0.013099025936992994 0.07955430301223484 0.12955233298586796 0.8987132714795569 0.41896377968081167 -0.3620860117320805 -0.045492226269192464 -0.4166925611455104 0.9079084572990085 -0.15685600942848274
0.9909508832514478 -0.1339375639094442 -0.008779291381979621 0.07862990381977757 0.12585875911097902 0.9044645533525737 0.40755790322820945 -0.3540257735763442 -0.0466467548518844 -0.40497481489931575 0.9131371636063506 -0.16318984168775766
0.9920931294432505 -0.1253504547143704 -0.0062037097279880075 0.07749416382263602 0.11745205123586631 0.909889473377629 0.3978770688253712 -0.3481134283333981 -0.0442293813203057 -0.39545974477749807 0.9174177631202358 -0.16700981233426201
0.9925345609993288 -0.12188971721288017 -0.004247594569212747 0.07638177710735145 0.11373967116285259 0.9124742003676648 0.39300651504416273 -0.34389738947471005 -0.04402763252353537 -0.3905556688887734 0.9195258762390612 -0.17036382053600943
0.9934746563313503 -0.11382985844788453 -0.007132359569623918 0.07359014578945972 0.10820017332827779 0.9208717655651496 0.37455028217404396 -0.33160211601832495 -0.03606701705197278 -0.37287793540334546 0.9271791712340764 -0.17791496180859814
0.9930312598214254 -0.11700585198258323 -0.01409069264773378 0.0736154231068498 0.113392148585586 0.9160264944386903 0.38475665312702395 -0.3298044771103549 -0.032111332214788686 -0.3836731578937929 0.9229104887556508 -0.17731073968171843
0.9936011779249468 -0.10999465289970617 -0.025649084966556567 0.07236920377732342 0.11076914358568352 0.9046293560512199 0.4115530646218664 -0.3340488164700811 -0.022065721276304018 -0.4117607369624138 0.9110248072586853 -0.17754479249622643
0.9918274597270171 -0.12137379767972058 -0.039327997256974445 0.07235257553367555 0.12642712394834504 0.8935002760545205 0.43089840916467276 -0.3345428478027334 -0.017160199928698973 -0.4323490001460617 0.9015430492278814 -0.1775580662153158
0.9890349107915672 -0.13821786975352085 -0.05201697527062764 0.07235193982762078 0.1467754078301009 0.8810059164143591 0.44976166455046307 -0.3345651881645801 -0.01633783620357095 -0.4524648005355722 0.8916325921502019 -0.17755797942044968
0.985622861891687 -0.1558614760621195 -0.06522863172079756 0.07236769459656367 0.16800266007119433 0.8630139032111496 0.47642639418199684 -0.3359176897014298 -0.017963304969681876 -0.48053532975629837 0.8767913757163501 -0.17728196717825603
0.9822961571372821 -0.17195593604043244 -0.07433314021199638 0.07240852133159822 0.18586030847225082 0.8448783490842625 0.501633851512486 -0.33692409422964026 -0.023456457701847098 -0.506568585000205 0.8618805388700743 -0.1770503412192452
0.9812864268816435 -0.17758811287495024 -0.07442721668422128 0.06656822348582342 0.19094149046490586 0.8475268091293823 0.49521677579218515 -0.3315415757311035 -0.0248655512082031 -0.5001607441338048 0.8655754931781688 -0.18601250259087712
0.9810951703449485 -0.1779924383211584 -0.0759668258274229 0.06199170902401464 0.19202052567395037 0.8464624865541064 0.49661793823475486 -0.33125760794375786 -0.024091169454938062 -0.5018166505379511 0.8646384590088304 -0.19443968505314013
0.9794113228589928 -0.1834619515471499 -0.08423284982771324 0.061854348106337276 0.20059583390080146 0.8375455655553221 0.5082113114052635 -0.32814631338737843 -0.022688589141468016 -0.5146446715483677 0.8571033134748938 -0.19778104959653256
0.9777223591007366 -0.1894468614481416 -0.09038183004303381 0.06249156547220862 0.20842504954276247 0.8252344433986649 0.5249258158555287 -0.3250595761721542 -0.024859349098029976 -0.5320695444356349 0.8463356382939795 -0.19983297403704656
0.9764710683018307 -0.19348390187006026 -0.09522726755823167 0.06326735059332471 0.21324771835244496 0.8006474035040221 0.559901014358559 -0.3272205884096966 -0.03208836840582834 -0.5670341391657155 0.8230690260443818 -0.1987066774864992
0.9770234021300417 -0.19339120415189484 -0.08958299976506763 0.06364517568726018 0.20888937557260356 0.7854335271678455 0.5826314471203596 -0.3252396267622876 -0.0423143056556248 -0.5879574955363331 0.8077843047370533 -0.20047587971737504
0.9746981306246452 -0.1995725875242401 -0.10066944156838264 0.06748417260650204 0.21831515558962336 0.7532938957514469 0.62039245600143 -0.3303465382076692 -0.04797965190256474 -0.6266730319173531 0.7778038724966729 -0.19631357132092603
0.9746394299680459 -0.2033401806060966 -0.09343849582817025 0.06664140174400525 0.21579918001381995 0.7435013639705421 0.6329584786376639 -0.3290465187612499 -0.05923424226675305 -0.6370702415943029 0.7685263897993744 -0.1988777615475273
0.974162021805609 -0.20645492261491188 -0.0915681178121913 0.06563328912729081 0.21606488614878674 0.7338720867537575 0.6440091033962152 -0.32838502325613633 -0.06575956390602841 -0.6471538651756291 0.7595179751283919 -0.20128571339526402
0.9733056916311341 -0.20973382156776152 -0.09320812587435844 0.06484922085734772 0.21886977047386594 0.7259503855171081 0.6519908445218221 -0.3267699321450654 -0.06908005653694713 -0.6549868409809043 0.7524760354527629 -0.20524319932688456
0.9719808458860271 -0.2147636571104046 -0.09555002258103464 0.06441588240122229 0.22329464778864097 0.7166125358635117 0.660761661805687 -0.3248821535074484 -0.07343524698413753 -0.6635834876093823 0.7444892339534179 -0.20923427489183727
0.9704007040403857 -0.21954531773232377 -0.10060977616377755 0.0647273935051248 0.22927050844813013 0.7066107234624072 0.6694298465439591 -0.3225031908896471 -0.07587824163652743 -0.6726820489278319 0.7360308101543049 -0.21395568689434494
0.9689433980355889 -0.22425042519213378 -0.10421342621938026 0.06456287864010246 0.2342476384468438 0.6973547081377808 0.6773658206022404 -0.31999491391672064 -0.07922584985542781 -0.6807408889138489 0.7282273730610982 -0.21918745128134198
0.9688558789825245 -0.22386714234685604 -0.10583850121029297 0.06636454493931351 0.23461313531738923 0.6931448550185119 0.6815474207257406 -0.3236895431735372 -0.07921466087496778 -0.6851523279817546 0.7240796399317175 -0.22812875145075534
0.9694242580566551 -0.22035843431978905 -0.10797577652151287 0.06616604750612035 0.23313759624649683 0.6897595745586377 0.6854769073580028 -0.32137961889079497 -0.07657329239167425 -0.6896911553215815 0.7200434994939412 -0.23393410407761078
0.9695938502582228 -0.21712063503069556 -0.1128999352758508 0.06688141818536718 0.2341094130624015 0.6885740740971358 0.68633703615414 -0.31996469671798905 -0.07127796473668771 -0.6918991070417271 0.7184671721226074 -0.23903656563683437
0.969627259380579 -0.21355084970551422 -0.11924350068724478 0.06887269324471348 0.23566432799816991 0.6852187298586957 0.6891571785594387 -0.3207981995464746 -0.06546222097721542 -0.6963270257866546 0.7147330765984194 -0.2411456112602408
0.969146904103538 -0.2134129783989557 -0.12332549986682859 0.07211480389377103 0.23838387206611303 0.684328683560707 0.6891062199652794 -0.32284732312238273 -0.0626690338627141 -0.6972439698605907 0.7140892372020166 -0.24204080107691286
0.9692352493210206 -0.21162906310413762 -0.12568281952308613 0.07493145707054694 0.23915453805749468 0.688959806188291 0.6842071998915958 -0.32532135026517583 -0.05820771770235129 -0.6932153526189803 0.7183761803492836 -0.24204194560794726
0.968994380339867 -0.2120708371663817 -0.12679057888225082 0.07686348603090083 0.2410717478022129 0.6989529563180006 0.6733120949945224 -0.32743286814520706 -0.05416920971672961 -0.6830012627205581 0.7284057741676603 -0.2432685734317811
0.9692062952590665 -0.21301056923221406 -0.12355425782040978 0.07837138867964298 0.24051673839913462 0.7112198644555185 0.660543717670311 -0.3294677526748312 -0.052828550803792576 -0.6699199965661883 0.740551377299867 -0.24491643450039224
0.9696484413295412 -0.21129164520236296 -0.12303552696217111 0.07980491758849939 0.23959733484524756 0.7208258354677354 0.6503869863837182 -0.33028317213263936 -0.04873414985651334 -0.6601257119594113 0.7495725628969111 -0.24559476048208698
0.9703621754674047 -0.20798291689030318 -0.12304614867583648 0.08031449461297965 0.23782452571010962 0.7316103437579817 0.638894200847909 -0.3306900291917852 -0.042857244345833594 -0.649222158577577 0.7593904433286959 -0.24738053190512843
0.9701470846800712 -0.20772073917480074 -0.12516680312056613 0.08085013811849255 0.23962559342260667 0.7415782511818526 0.6266109417740227 -0.3306804588726088 -0.037339109036156046 -0.6378979478652825 0.7692151838371676 -0.24928380433794714
0.9711018702622685 -0.20205935009176662 -0.12701644229628734 0.08074751703829589 0.23660546623884804 0.7452892497306902 0.6233472447855696 -0.3318148017743362 -0.03128915018041474 -0.6353864597836162 0.771560131036221 -0.24908324485805167
0.9714480527444058 -0.1998289760626924 -0.1278947268061769 0.08067119248828274 0.2355723693285768 0.7483837972479205 0.6200220567251641 -0.33195450863670073 -0.02818403143649277 -0.6324476834826092 0.7740901678935524 -0.24973111702971826
0.9720814462694917 -0.19567915905544175 -0.12948871970159131 0.0809233310658361 0.23343168263316308 0.7504542912213282 0.6183267795676836 -0.3316515792689434 -0.023818298882459586 -0.6312907598712723 0.775180408124133 -0.2507841180318467
0.9723119973142432 -0.1939768850900371 -0.13031633792254307 0.08189042752260946 0.23275693889524615 0.7541895165665954 0.6140214821137435 -0.33042521128153396 -0.020822758580270752 -0.6273524855707603 0.7784569811963257 -0.2526167493730724
0.9722602068955019 -0.19310547287923388 -0.13198623576567356 0.08345343535406552 0.233247855486624 0.7582689479076152 0.6087886665748369 -0.3295638994668125 -0.017479359210139045 -0.6226865013657878 0.7822761616069082 -0.2541317972672875
0.9718295685025263 -0.19490627567869787 -0.13250974864228393 0.0861565092166765 0.2351549216418612 0.7641986112542083 0.6005852523869932 -0.3282489582286431 -0.015794068880232694 -0.6148268262349964 0.7885039766101424 -0.25631198186659077
0.9700255439023798 -0.19642156776908803 -0.14306995453977775 0.0920996436718551 0.24287402583790718 0.7644871372123435 0.5971361859828643 -0.32770368373810904 -0.007915285855203649 -0.6139853294273476 0.7892777480062527 -0.25731291495549485
0.9660362019646849 -0.19899180062858565 -0.16485241816918542 0.10217413166460484 0.258275288141514 0.7638870183365928 0.5914139825471214 -0.3255706856354842 0.008242088876851126 -0.613904623292106 0.7893371785691609 -0.2574440013585179
0.9637812229574274 -0.20126060911384225 -0.17498548938068903 0.10941642746273784 0.26621429308264777 0.7653494362054942 0.5859779779637089 -0.3231815215975287 0.01599076086936877 -0.61133821058319 0.7912078663965377 -0.25766799966898707
0.9609712771506068 -0.20448052410623693 -0.1863381865124784 0.11728743061955686 0.2754795733951907 0.7691316848520672 0.5766692778348984 -0.31855879976634416 0.025400967176963486 -0.6054949765422165 0.7954436650377043 -0.25730074938525377
0.9565530644521408 -0.207552164272602 -0.20476409351486877 0.12815865219508554 0.2889836277835517 0.7680579714746976 0.5714677727809583 -0.3165313078378743 0.038661321243141394 -0.605812719873008 0.7946673836768458 -0.25775257093199433
0.9433995315083015 -0.2138831827161577 -0.2534784174266374 0.1476581226721637 0.3231454693904144 0.7648229732770838 0.5573354691386936 -0.3120092144983173 0.0746614328978123 -0.6077004226580784 0.7906490161499211 -0.2572698963923685
0.9436165442715571 -0.21599852988828627 -0.25086341395885836 0.15402086175614585 0.3230346591121294 0.7664549367341943 0.555153527385074 -0.31013923037262764 0.07236315629727598 -0.6048896304631786 0.7930145702121845 -0.257281686356716
0.9380730700291254 -0.21785816436525898 -0.26936357494197555 0.16712510778718392 0.3355674889647817 0.7646406605694507 0.5501991644430071 -0.3084088925435582 0.08610096187611574 -0.6065166777783716 0.7903949290960155 -0.25691619956296213
0.9313080793126952 -0.2187681540155587 -0.29121427883177936 0.18219914529457357 0.3496204139680801 0.7611184932243288 0.5463187763647829 -0.30708505719448104 0.1021314229004788 -0.6106055470273348 0.7853216146240808 -0.25574268225924357
0.9237784218907789 -0.22819130571980442 -0.3075096018710025 0.1951726118932122 0.3658087370110688 0.7633061518397647 0.5324919590847684 -0.30203442986789114 0.11321393542907088 -0.6043942807120689 0.788600125708336 -0.25479275234086163
0.9177754546828446 -0.2307476250630159 -0.3231775801466819 0.20829235210355707 0.3771162218730077 0.7613883484746414 0.5273245092040426 -0.29925985144120526 0.12438476587554784 -0.6058409992191304 0.7858022102814748 -0.25337644566196366
0.9103654163409562 -0.22995433643361826 -0.3440287951403502 0.22308545971396457 0.3894877406024912 0.7569683571167648 0.5246886755441845 -0.29767534246069693 0.13976447563924 -0.6116534226825827 0.7786822085228159 -0.2522598851825393
0.9098817496080295 -0.23130136792858288 -0.34440510873764113 0.23028782376789636 0.390527121762623 0.7576929539809746 0.5228670525624884 -0.29398853214052406 0.14001345970305834 -0.6102467244336087 0.7797404481107999 -0.2511139046587384
0.9116170817329711 -0.23106695429610064 -0.33994464097110544 0.23697691809596252 0.38824121575250026 0.7556539776340266 0.5274995966604078 -0.29248685163698346 0.1349927949324311 -0.6128581636220535 0.7785767891467964 -0.2514351825702024
