1.0 0.0 0.0 0.0 0.0 1.0 0.0 0.0 0.0 0.0 1.0 0.0
0.9999998222489201 -0.0003726798442159827 -0.0004654157945044006 8.901969123508413e-05 0.00036954436140744523 0.9999773592412816 -0.006718961363023212 0.0010982121913140927 0.00046790927861175717 0.0067187881769380075 0.9999773192159613 -0.0014030787475199538
0.9999998060173279 -0.00043051357432743624 -0.00045013705586051237 6.307646709407589e-05 0.0004243163051059708 0.9999063598216439 -0.013678141098208942 0.0022511350618549257 0.0004559835303606605 0.01367794744439425 0.9999063485310656 -0.0028647913911200446
0.9999996853990095 -0.0005169277364907328 -0.0006016540514277838 6.370873563183834e-05 0.0005038018822833652 0.9997662266918372 -0.021615692217211113 0.0035992630572694514 0.0006126871516203333 0.02161538230244934 0.9997661725935588 -0.004310527918671247
0.9999903813080337 -0.0024157259173045956 -0.003660814076977751 0.0007408090391401037 0.0022977718448306166 0.999488762524327 -0.031889399996529184 0.005375738879294199 0.0037359785816890455 0.03188068154669839 0.9994846995367941 -0.006136216909745661
0.9999891148714665 -0.0026033820759255246 -0.0038720201895550165 0.0007665816518093 0.002445967937432051 0.9991919611692353 -0.040117851084354464 0.0068146203380011795 0.003973333541326018 0.040107943559152176 0.999187452625395 -0.007570346886534419
0.9999844908403742 -0.0030000295510480388 -0.0046923236685999575 0.0009354323659130733 0.00277631614165394 0.9988920986121188 -0.04697730727658133 0.007958087826594944 0.004828058346753549 0.04696355132408098 0.9988849356655809 -0.00889483469565164
0.9999772550907738 -0.003510166979553158 -0.005759169115241837 0.0011624585312394018 0.0031940237179467913 0.9985350881848837 -0.05401366379070645 0.009159905660135702 0.0059403294194425044 0.0539940403320768 0.9985235881515305 -0.010269211057240886
0.99997481579392 -0.0038245786163400995 -0.005978325545158096 0.0011944291342385687 0.0034518397838426288 0.9981219189918067 -0.06116142272887069 0.010405977813145322 0.006201014435004733 0.06113924620503901 0.9981099839163302 -0.011642087603338232
0.999972454613095 -0.004130331364868833 -0.006166877482074461 0.001225118208508847 0.0036961160581177274 0.997621265747767 -0.06883421281534281 0.011799451089487238 0.006436516227545809 0.06880952325542856 0.9976090520681004 -0.013101914988465756
0.9999685807795213 -0.004514061244947839 -0.006516187909177334 0.001289461152908557 0.0040066677044232665 0.9971086792819159 -0.07588299094381727 0.013068135275414528 0.00683988798864283 0.07585449855974255 0.9970954372478862 -0.014504275270448667
0.9999644742259166 -0.004778644567829323 -0.006943690818385357 0.0013705704868359602 0.004185746733697856 0.9965386041647434 -0.08302583895189548 0.014350049276174 0.00731640693020225 0.08299382486353492 0.9965232035553176 -0.015807211816616436
0.9999647877464072 -0.005212547542308396 -0.006576672061371304 0.0012957048553053681 0.004591126724391651 0.9958218567524413 -0.09120170595729432 0.015933892144754908 0.007024587011648717 0.09116830020483753 0.9958107230870116 -0.01728573601478595
0.9999552333206495 -0.005999203492195446 -0.0073171655786461705 0.0014718269359496523 0.005248544380942218 0.9951119879470832 -0.0986133065356056 0.017256540917445898 0.007873000478049908 0.09857048747705 0.99509892717358 -0.01869775193563415
0.9999563340782158 -0.0062688291578744965 -0.006930491890597284 0.0013831952017651934 0.005505147005057267 0.9944364866572645 -0.10519395116264331 0.018494450028168144 0.007551376914772639 0.10515120439512458 0.9944275744974824 -0.02008004633763228
0.9999501611666664 -0.00671800539611066 -0.007385362973919397 0.0014756816294197077 0.005846032993771907 0.9936533178333542 -0.11233391231948887 0.019814364132150146 0.008093150251567168 0.11228513865273854 0.9936430689924532 -0.021364618758958814
0.9999309566380722 -0.0076883475550140095 -0.008886578010906119 0.001813598491084179 0.006539173704810264 0.9924099175218539 -0.12279981600769957 0.021860087882322826 0.009763255816013835 0.12273322661830358 0.992391673644903 -0.022931610165320006
0.9999062023120807 -0.008669668278329351 -0.010602991548455907 0.0021844981826589166 0.007225276407078485 0.9915669999779746 -0.12939350808877498 0.023155572370717588 0.011635375312993246 0.12930476173220495 0.9915366340356284 -0.02429969249202203
0.9999197867293821 -0.008158897344722646 -0.009687750057970181 0.0018924598866243763 0.006743438719652057 0.9903984531377168 -0.1380776233017189 0.024887113853684615 0.010721293825920497 0.1380012188951075 0.99037402906284 -0.025894294666946597
0.9999012577767645 -0.00903858476523829 -0.010760050273395936 0.0021140500293459277 0.007365882227700908 0.9891916375280805 -0.14644332700236465 0.02653807093346671 0.011967392174239366 0.1463496095996005 0.9891605396974712 -0.027341491745017675
0.9998802176189572 -0.009963741254404052 -0.011843744107445231 0.0024032752377570743 0.008027302706221208 0.9881047098336484 -0.15357292995780072 0.027839219022091338 0.013233020272411381 0.1534594613074612 0.9880663342659206 -0.028707783519000295
0.9998465620507486 -0.011183654724391869 -0.013482515429424198 0.0028010139724308266 0.008850327343562284 0.9867259109267376 -0.16215316343417677 0.02949634829382207 0.015117012310998093 0.16200895831034978 0.9866734887317002 -0.03012518388999779
0.9998390532302194 -0.011701429004890272 -0.013599418919302515 0.002829014082196094 0.00922672813050856 0.9854730944755986 -0.1695807994812289 0.03085111789675124 0.015386199131197167 0.1694280278582343 0.9854224516685037 -0.03136738386908218
0.9998329953372511 -0.011930422353182642 -0.013843643213241531 0.002844550337064826 0.009294868882589532 0.9841907298247403 -0.17686778321531457 0.03241097099038884 0.015734892671903332 0.1767095706223031 0.9841372570953124 -0.03269835405484451
0.9998140986191002 -0.01291792312134913 -0.014314170067021726 0.002948462295833223 0.01005873995239452 0.9828073243105991 -0.18435993336950948 0.03385082878409922 0.01644961862922084 0.18418167808897498 0.9827545571012541 -0.03389680898614188
0.9997938567538354 -0.013518281054441937 -0.015149259870539838 0.0031732011758675927 0.010367511062728233 0.9814280295489639 -0.19155035246639807 0.035316347097119095 0.017457339764587267 0.19135380553563666 0.9813658657174569 -0.03511402465795344
0.9997781631112825 -0.014396240747471931 -0.015374420905234769 0.003293984823987379 0.01106464576135192 0.980095364537612 -0.19821869242344461 0.03667989901521321 0.017922002678447735 0.19800460768432943 0.9800372325354625 -0.036283777641677874
0.9997731679697193 -0.014753875287879867 -0.015360200903048607 0.0034266518217079315 0.011266810010900564 0.9783955951218356 -0.2064342956932462 0.038387465904311975 0.018074058757528644 0.20621440931753063 0.9783398927723692 -0.03750294445937823
0.9997594709860139 -0.015345693956263796 -0.0156687539634536 0.003483912974291093 0.01166157159653219 0.9770254142963044 -0.21280354218629197 0.039762952357422575 0.018574388863849794 0.2125696344639439 0.9769693662455335 -0.03862913379897118
0.9997515392347384 -0.01562812886059145 -0.015894067638237624 0.003508256594545398 0.0117637649702081 0.97558445481653 -0.2193093371337819 0.041210974928984546 0.018933399892724714 0.21906787329193184 0.9755259059911489 -0.03976203964039692
0.9997565273876308 -0.015776322306537447 -0.015427041203881631 0.003387383318934856 0.011867470670297921 0.9738612718133307 -0.22683338908108508 0.04293169761868955 0.018602394623156205 0.2265950814042565 0.9738113883076549 -0.04115807793514581
0.9997375761457767 -0.016268489879635275 -0.01612808355644773 0.0035004976998001735 0.012060206730258018 0.9723465767294965 -0.2332309716483901 0.04430501585554272 0.019476402537198536 0.23297525825603235 0.9722876111443278 -0.04223406105381865
0.9997296389693144 -0.016458305322226224 -0.016424772516073244 0.0035496277066598527 0.012016608730229618 0.970447764307202 -0.24101190399185132 0.045942494699864105 0.019906031269666582 0.24074937370027197 0.9703831660648374 -0.04334312828252171
0.9997020818602864 -0.017313193164071053 -0.017204675721236865 0.0037604723208430153 0.012507651514870998 0.9686763660564468 -0.2480114039661456 0.04746159181562921 0.0209596321005856 0.24772232678170067 0.9686043271821929 -0.0444571839899837
0.9996885965561859 -0.017524280202927223 -0.017765402300336613 0.003946035845403378 0.01243746014035359 0.9670989160545538 -0.2540964308119338 0.04882565731254317 0.02163375836004061 0.2537963478253304 0.9670157156580979 -0.04547857175385743
0.9996990415542168 -0.017613293539778363 -0.0170762468435602 0.003974765286692076 0.01249260394577183 0.9645664058148075 -0.2635442725998 0.05098173070267359 0.021113056676726923 0.26325162993642653 0.9644961473088318 -0.046653263457351005
0.9997003206220462 -0.01778032853721518 -0.016826433528437594 0.0038746254932145504 0.01256976092514085 0.9626575594161557 -0.2704300730488655 0.052469548724621236 0.0210064289793158 0.2701375264861191 0.9625925652764505 -0.04783973110655439
0.9997049433180557 -0.017797251086172954 -0.016531308454537087 0.003759986479255961 0.012508399119667854 0.9605818117342969 -0.2777159032477583 0.054039038126022405 0.020822253886321366 0.2774271811107033 0.9605210007720092 -0.048962948113130234
0.9996778422834148 -0.018347630459960844 -0.01753784776080098 0.003923196362370743 0.012595001735436637 0.9584970020321524 -0.2848242669202528 0.055735721582815805 0.022035824896306053 0.28451161936181074 0.9584193032641083 -0.05007366385056928
0.9996819625305075 -0.01837380143776016 -0.017273598695085764 0.003729245626344509 0.012523124785770647 0.9562228410508845 -0.29237142404512445 0.05742478338742595 0.02188938411086802 0.2920621195453115 0.9561488237664398 -0.05117165188281719
0.9996636297547057 -0.019068729855216095 -0.01757870550852517 0.0038616773213001666 0.012914335277288514 0.9537832042370492 -0.3002179529269561 0.059081862182961124 0.022491049108310686 0.2998899512438106 0.9537086399173449 -0.05223553990174636
0.9996182690164397 -0.019940656834195332 -0.019122930047403074 0.004248075882241275 0.013086853387155217 0.9513247726316092 -0.3079121810611579 0.06085975189405522 0.024332088217005037 0.3075443824595681 0.9512225829429001 -0.0535039537685359
0.9995857039148094 -0.020890454681200276 -0.019799228074543745 0.004401222159903633 0.013603897223614271 0.9491194918783102 -0.31462219266445085 0.062408638424106676 0.025364433947250277 0.31422249925788304 0.9490104669868846 -0.05449022113603391
0.9995736633281148 -0.021239145475630813 -0.02003472685807897 0.00450056009375834 0.013694975135811447 0.9470701823348802 -0.3207343408308587 0.06379356516348615 0.025786415742447513 0.3203232249332556 0.9469572811544964 -0.05550075821746633
0.9995503638443295 -0.021777604384309857 -0.020610824484945663 0.004647781033693078 0.013819340382815527 0.9446118946063508 -0.32789845135282897 0.06548856014142583 0.02661007271791324 0.3274661883545847 0.9444881150731682 -0.056438925431350144
0.9995144711754101 -0.022775481428295247 -0.02126262816892394 0.0048558972600361025 0.01430354929584 0.9416557444979363 -0.3362735007870501 0.06738648029873281 0.02768086683039412 0.3358060992592991 0.9415243137124879 -0.05740651006283929
0.9995057433223602 -0.023205236314458394 -0.021208160533309185 0.004865889785366071 0.014525734297515577 0.9391992179720937 -0.34306534655036963 0.06898523687873687 0.02787960022551346 0.34258772010712457 0.9390720855839917 -0.058386318209031195
0.9995002223225641 -0.0236155188542155 -0.021014586514877545 0.004860986720019604 0.014758676292289047 0.9364745733858811 -0.350424820576156 0.07069215363975206 0.027955089898701893 0.34993953859342336 0.9363550780968601 -0.05932252163775924
0.9995019314726682 -0.02373945944934705 -0.02079247574145002 0.004829923773316938 0.014768004342184877 0.9341309285981313 -0.356624892967586 0.07218056190385065 0.02788897685744652 0.35614020596030144 0.934016251822418 -0.060329925181149935
0.9994874130222949 -0.024192451442142895 -0.02096751065864538 0.004859328561267971 0.014911322532459734 0.9313555809108178 -0.36380548974226073 0.07391555694236866 0.028329554714711037 0.36330635447166754 0.9312389216147342 -0.06121953316090096
0.9994436375962115 -0.025162770953932996 -0.021891784449262965 0.005082744712419811 0.01516901338909483 0.9274876695269006 -0.37354587925495875 0.07627491300870094 0.029703809541110137 0.37300597560022924 0.927353344667105 -0.06223561609722658
0.9994206125302314 -0.025896875204205964 -0.02208599339751929 0.0051696057891850045 0.0155234449550449 0.9243060841829452 -0.38133618422478327 0.07814381971844162 0.03028963364626869 0.38077239211509034 0.9241725615362786 -0.0630964747366505
0.9994096032977521 -0.02635622098345318 -0.022040745261935422 0.005216544077889292 0.015706741683655902 0.9210338365632421 -0.38916573612187094 0.08000588430533564 0.03055721030972969 0.38858978566229235 0.9209040315782206 -0.06391981765227547
0.9993778747028245 -0.027149266469927116 -0.022511794344543774 0.005364983172265689 0.016024079864589754 0.9181453394896433 -0.3959196439152023 0.08164873153062667 0.031418026974324616 0.39531260149860187 0.9180091800616418 -0.06473338523365334
0.9993087628002466 -0.0281598760627402 -0.024269692432579204 0.005778305601933974 0.015958945333384676 0.9145871573294844 -0.40407380973260143 0.0836572173331688 0.03357541741344279 0.40340718018907873 0.9144043625866014 -0.06563294202978232
0.9992480806086463 -0.029131477168837853 -0.02558574677234295 0.00610097458488868 0.0160989294087068 0.9120680054518403 -0.4097228061787566 0.08517470448126284 0.035271771600395276 0.40900282452455405 0.9118511894268196 -0.06653341547081262
0.9992106543304691 -0.029838942025791307 -0.026224145577271932 0.006278914878972436 0.016264355292916935 0.9095702704105058 -0.41523173521813705 0.08661938415794436 0.036242778858446366 0.414477455025169 0.9093376162110948 -0.06737261281632026
0.9991308454767034 -0.030886219800374985 -0.027992767699017856 0.006719069438794311 0.016191876974531734 0.9063841925540197 -0.42214395484033523 0.088386665235647 0.03841063312482466 0.42132379106174445 0.9060965105044324 -0.0682823431396249
0.9990766214039033 -0.032050329836382674 -0.028612600747591293 0.006913280750558734 0.016721364278634215 0.9035230932665211 -0.428213049673592 0.09005055813068574 0.03957651501614554 0.4273392051888947 0.9032247246215639 -0.06922533752839088
0.9990077682182807 -0.03325289263678227 -0.029626410022420894 0.007196934071020355 0.016999377760526853 0.8995649598566722 -0.4364560735673388 0.09222287758238498 0.041164307297522566 0.4355193774441617 0.8992376613973438 -0.07004839135916732
0.9989506215601588 -0.034250488132253315 -0.030406574079876413 0.00745297991625771 0.01723961543625957 0.8962619778167467 -0.44318987215371153 0.09364617618679963 0.04243172567999695 0.4422006006132464 0.8959119250646801 -0.0709647495187229
0.9989411003311642 -0.03462279305422737 -0.030297529111917416 0.0074634477475633235 0.017337206544460772 0.8932760496672466 -0.4491740423934948 0.09539115532606009 0.04261571703489266 0.44817313762875477 0.8929304224684016 -0.07165668873164467
0.9989157341265477 -0.03503654301218136 -0.030656104908750724 0.007604074752085495 0.017296001608210522 0.8906591765901483 -0.4543424693819933 0.09682610512770139 0.043222730626251975 0.45331961330777926 0.8902994573443787 -0.07249440921932113
0.9989079326707972 -0.03573185891929336 -0.03010276242350711 0.007443105915420061 0.017844612406754515 0.8872255411911169 -0.46099068197327187 0.09860245203129939 0.04317999369392145 0.459950076982602 0.8868942523369348 -0.07325651937899257
0.9988950845019474 -0.03577227582972131 -0.030478753908420593 0.007602761796459004 0.017342148857340787 0.8833455302235506 -0.46840145613254003 0.10069763469915051 0.04367905711960318 0.46735534501708276 0.8829898761894754 -0.07394110900228025
0.998850959970602 -0.036533999585186404 -0.031016554291485914 0.007731529409286102 0.017406159400278797 0.8795572258064064 -0.47547461777330474 0.10258670144692142 0.04465182393518966 0.47438839931647564 0.8791824959661175 -0.07463821685013121
0.9988390215549973 -0.036982398050147434 -0.030869260657107534 0.0077120673430980564 0.017590076057353094 0.8765555425399469 -0.48097917841294935 0.104154541760053 0.044846384952998454 0.47987777931152414 0.8761884036436952 -0.07539294785889887
0.9988418456768551 -0.03713922812319392 -0.03058831573112895 0.00772407359901921 0.01750295373677853 0.8726633319586428 -0.4880085610574143 0.10612799677784714 0.04481756280011281 0.4869079859575661 0.8723026993397441 -0.07607389366788303
0.998820853091379 -0.03785098450257127 -0.03040076318114562 0.007625204602392812 0.01794487022892459 0.8697002101319806 -0.49325401785373835 0.1073846888556488 0.04510970031242772 0.4921268611532754 0.8693539368227117 -0.07697871547909525
0.9987401339223068 -0.03907488761698081 -0.03148488606574997 0.00798054435963434 0.01816582896521138 0.8664005361868614 -0.49901915148932513 0.10899464713555178 0.046777639432314444 0.497818505132985 0.8660188152669088 -0.07773973112267675
0.9987196207925244 -0.039260111101427554 -0.03190239364593082 0.008137629890259835 0.01778178877367716 0.8628376166597864 -0.505168343490433 0.11068088253763646 0.04735955058955571 0.5039542548219665 0.8624309723188236 -0.0783619578226849
0.9986658225073574 -0.04036148313840583 -0.032210644740077884 0.008210887803366589 0.018317703452146537 0.8600918279147561 -0.5098102679374878 0.11194434000446907 0.04828081084595141 0.5085400655141366 0.8596836424353641 -0.07921302647536696
0.9986197204898893 -0.041203014477549205 -0.03257246454688391 0.008352861554173785 0.01847371344423601 0.8560720337950778 -0.5165262770329695 0.11375970840808987 0.049166815640992914 0.5152115920201358 0.8556515877901479 -0.07999845197441002
0.9985794779866052 -0.04189167430792261 -0.0329258829445467 0.008546513987045482 0.01851390547875391 0.8522427708784197 -0.5228187972800881 0.11541262024605252 0.04996260049199614 0.5214665349848955 0.8518077197601133 -0.08067067757703372
0.998528483501066 -0.042807360867222664 -0.033292604173363424 0.00864048757688928 0.01880970061994485 0.84919714920912 -0.5277408425900844 0.11694613922229984 0.050863177246893654 0.5263380393156929 0.848752735235453 -0.081418948789014
0.9985002800249138 -0.043213601433275385 -0.03361213235327758 0.008766908518650038 0.018653658577625246 0.8457661319895351 -0.5332276165026812 0.1185165093287278 0.05147068886111405 0.5318009351539609 0.8453038113941844 -0.08206029140418622
0.9984474292501335 -0.043888615592583106 -0.034300443804207735 0.008980129840461393 0.01852399342536391 0.8423531099546435 -0.538607556405699 0.12007421174104362 0.052531825509648994 0.5371359488724504 0.8418582895817537 -0.08288679359153928
0.998431202566255 -0.04471071640232551 -0.03370586864171497 0.008907816877951313 0.019133276257029628 0.8381725891585291 -0.5450693795499437 0.12188154438890765 0.05262177763791247 0.5435693724098878 0.8377131286401965 -0.08362293068938628
0.9984299858032855 -0.04501816315577803 -0.033330593077994256 0.008867746195534792 0.019287447873269536 0.8349569846428933 -0.5499771160244616 0.1233879029222392 0.05258857103389475 0.5484707820678582 0.8345143757985746 -0.08439083489551637
0.9983899544162054 -0.04562414880536931 -0.03370364915840231 0.009043197620454371 0.019202695683122897 0.8309515305726624 -0.5560133184712864 0.1252296425378552 0.05337373323375948 0.5544709107651511 0.8304897673758268 -0.08500910926589982
0.9983589638051084 -0.04609440063899497 -0.033980665380797435 0.009132989663938225 0.019023773817172986 0.826641328738566 -0.5624075120862917 0.12706846617375378 0.054013659566288785 0.5608381405103178 0.8261616698499066 -0.08575871326896342
0.9982511804981853 -0.04747969452294515 -0.03521731451980683 0.009477460435104428 0.019100881302424995 0.8228504584939701 -0.5679368620627957 0.12864119504745564 0.055944052118610844 0.5662709612581878 0.8223183455744363 -0.08648929306145367
0.9982313997570483 -0.04786793558937774 -0.035252422349321993 0.009532678763259219 0.019011058605771722 0.8188992129975584 -0.5736224007155479 0.13009603423493818 0.056326301048193264 0.5719377061310013 0.8183609277793245 -0.0873134790864017
0.9982073665236035 -0.0480192617760841 -0.035723996367875786 0.009701980581274784 0.01854793895572402 0.8157019964261272 -0.5781749103748158 0.13148288051123685 0.056903667531248106 0.5764758481713793 0.8151304000566914 -0.08791972682389
0.9981556760298181 -0.04888264376429037 -0.03599629908851684 0.009820782165190466 0.018754790589519458 0.8122641317215256 -0.5829881972635644 0.13301075879468485 0.057736506989943 0.5812378751056152 0.8116828372605331 -0.08850984193526445
0.9980354981388285 -0.0503851871151186 -0.0372354317036157 0.010118510718704843 0.01873141938517428 0.8071199254630652 -0.5900902980462516 0.135308193468931 0.05978526894308371 0.5882335920702519 0.8064781229379573 -0.08886952818933326
0.9980139218311206 -0.05063241705293693 -0.03747759563583715 0.010288264572801378 0.01844190970983064 0.8037174401785537 -0.5947252914742139 0.13683447196453294 0.0602337762183337 0.5928529621214785 0.8030549529803473 -0.08953504890058968
0.9979351173982516 -0.05170979270501526 -0.03809985304095172 0.010467098207491598 0.018573668742729373 0.8001602976618748 -0.5994985545229419 0.13824646603459148 0.061485935731459065 0.5975530063384042 0.7994685011450805 -0.09026959570364723
0.9979110398466037 -0.05254852503678316 -0.037579370254549604 0.010347947217190755 0.019097575683119292 0.7956508240353855 -0.6054544151419173 0.14040300654792998 0.06171579340247902 0.6034719701264274 0.7949922906018843 -0.09058431534412353
0.9977773664619107 -0.054228837977502414 -0.03872415406362691 0.01067775158182588 0.019247032371637225 0.7909000945017525 -0.6116425363412896 0.14296725486757111 0.0637956011118232 0.6095377540798681 0.7901859576264636 -0.09051094385208333
0.9977536844989419 -0.054442594984900505 -0.039033177171427395 0.010787478959223624 0.019099912673257998 0.7896873148648121 -0.6132121476923617 0.14450378355861407 0.06420886546778304 0.6110891494642284 0.7889532768183589 -0.09064943101016766
0.997587725122481 -0.057641600491964005 -0.03868044179787127 0.010527630516471842 0.022161112318559238 0.7925113110939787 -0.6094544338085571 0.14438481951571663 0.06578461663457413 0.6071270605736734 0.7918769579508 -0.09122881074689941
0.9972535600202994 -0.06442473019333539 -0.03653479391422757 0.009764536467346653 0.030147099903864414 0.803679780721259 -0.594297873483674 0.1393510626135966 0.0676497553153413 0.5915642519619875 0.8034147412180264 -0.09467068165836404
0.9927750036171923 -0.11311275389654066 -0.040041192525006576 0.009867503454127402 0.07067237891659366 0.820889122625371 -0.5666978588398048 0.12827450374331548 0.09697013484136888 0.5597736625291423 0.8229521490873917 -0.10540111338195789
0.9847832665488077 -0.16798189456518017 -0.04454212639460648 0.010748878215284755 0.11713143114290565 0.830907469841594 -0.5439420965505948 0.11679172114861032 0.128382809456231 0.5304477916437529 0.8379397320669254 -0.1161107010786006
0.9834498064180364 -0.1761562769076714 -0.04237268415329101 0.007478200276501023 0.12491446198440845 0.8286330483681907 -0.5456772382454557 0.11172019452400571 0.13123587712006335 0.5313532132753779 0.8369234775643812 -0.12509946923062762
0.9721309343115192 -0.22933378308333907 -0.04865657706103669 0.009433671186483762 0.17259495554715348 0.840562124254842 -0.5134844657707437 0.0955976655829792 0.15865821086312734 0.49077625370923733 0.8567182972954629 -0.13871753567956444
0.9575823200343938 -0.28234632609633364 -0.05759038546016428 0.012687314733820561 0.2224894892571566 0.8514447502944003 -0.4749107962198783 0.07674028253713443 0.1831243499036553 0.4419529266064566 0.8781475292548231 -0.15284123549527165
0.9437611966382542 -0.32365517024256263 -0.06754357478833982 0.01659994705113866 0.2656587876841736 0.8639324943290381 -0.4278388175102691 0.055528095162225954 0.19682533436045277 0.3858341301876595 0.9013278048169966 -0.16617898995365504
0.9405948403680378 -0.33292603782926905 -0.06664532698044012 0.015884865735777198 0.2731676472537374 0.8586016340812331 -0.43380026561413854 0.05112403444302879 0.20164519028948322 0.3898249444152382 0.8985408894117017 -0.17502072059707519
0.9264226470287158 -0.36733849419757353 -0.08248339077030337 0.02250412564815203 0.3125487545703011 0.8725503706455299 -0.3754585552399953 0.022968704333649993 0.20989129350418426 0.3220532275370192 0.9231616129064986 -0.18979550430265565
0.9231075651168088 -0.3755022079973866 -0.08288856985859658 0.02208033430695089 0.319508226279062 0.8689056835269872 -0.37804418587581734 0.018669560007532122 0.2139787759665018 0.3224918679960631 0.9220694542778682 -0.1976921965422647
0.9080126037715676 -0.4059744381619722 -0.10343049333271012 0.029344844341970818 0.35582358698975847 0.8776540046465152 -0.3211121658699339 -0.00808520424091166 0.22113951780203808 0.2547708846925197 0.9413761787825684 -0.21055787028229273
0.9023030796217374 -0.4168698883833769 -0.10985740150011739 0.02796944678346386 0.3674362644952294 0.876941624923134 -0.309780532007692 -0.02011156830300933 0.22547670398273562 0.23915033480304368 0.9444402433847634 -0.22377010508769765
0.892293651431551 -0.43468821040195016 -0.12189421377775916 0.028728484804961305 0.38029987156638617 0.869236571781645 -0.3159110475496008 -0.025582937118488205 0.24327771640973986 0.23552906830123105 0.9409261451801695 -0.23565615422432162
0.8834658676109595 -0.4486281860708828 -0.13498448588324066 0.02892203963167217 0.38790555842435676 0.8620398284805474 -0.3262155910693412 -0.026737804949118812 0.26271151194780284 0.23583910781713302 0.9356081320264994 -0.23902123938170347
0.8834011922586825 -0.4466909764335027 -0.1416668807054822 0.026278927738818177 0.3917206796186736 0.8698180132975526 -0.29995255108464486 -0.03978735021875317 0.25721050265302364 0.20948459445979845 0.9433763628631947 -0.2478623032547387
0.8787943713006331 -0.450020576532968 -0.15875116902643396 0.02628729059688074 0.3893580580502347 0.8685255158828917 -0.30669811034910244 -0.03978956862843527 0.27589990141657017 0.20771352617799343 0.9384744724503851 -0.247904928020123
0.8754841741917031 -0.45099424279140243 -0.17358471623066518 0.026127892384767884 0.38539032070461404 0.8683158625352357 -0.3122528840169257 -0.039684995421402004 0.29155061558340867 0.20647458884497896 0.9340056117145282 -0.2504827183860976
0.872142223630173 -0.4506006492325589 -0.19059642355672135 0.02613820384482834 0.3790179091656645 0.8686014827000225 -0.3191815921744453 -0.03961783655952984 0.30937576875557593 0.20613228558991634 0.9283297445112761 -0.25168630814680415
0.8680248224556945 -0.4506206589822936 -0.20850402705732785 0.026154902045965194 0.37196901193956167 0.8683286759129588 -0.32809200652249515 -0.03960404212122911 0.32889506192319845 0.2072349687808861 0.92134776602373 -0.25179749840267446
0.866300044331414 -0.44955738545653195 -0.21776682569408098 0.02551059893157607 0.3660131649124508 0.8679392133321631 -0.33573186484323986 -0.03954515509932263 0.33993910675613537 0.21113900431193725 0.9164397004473355 -0.25391949272494985
0.8658514877913729 -0.4473159546148975 -0.2240750718764312 0.024390932324297013 0.3600472003835936 0.8681019627164338 -0.3417089343634643 -0.04238871821558062 0.347371867866988 0.21519158690534748 0.9127022331186417 -0.2560697580596379
0.8653300197649704 -0.4468461891706164 -0.22700757722431322 0.022034526565847923 0.3592459059831128 0.8688051195918324 -0.34076391124266225 -0.04471338946337171 0.3494944004242793 0.21332169930582065 0.9123308153720052 -0.260527998997539
0.8636739844288126 -0.4453050433391559 -0.2361581398079904 0.023694478699158566 0.3530066628099485 0.8688041138349313 -0.34722573031860104 -0.04664015439404821 0.35979653226878155 0.2165244331714456 0.9075591579655516 -0.2638504273935603
0.8624885632519734 -0.44570240031073355 -0.2397140976596828 0.02349889782584456 0.35082724937157134 0.8679568382271523 -0.35152690945801734 -0.04667326254011964 0.3647378776024251 0.2190897015653164 0.9049673935065816 -0.2647382657765033
0.8637010505424477 -0.4442110691910249 -0.23811136323165463 0.02101300919286914 0.3512769280555261 0.8693442932062408 -0.34762770270163673 -0.04968326516444839 0.3614208282705107 0.2166033838099317 0.9068946791189939 -0.26916368063425244
0.8653605942142459 -0.4431509605096447 -0.23402621259283088 0.0181007317547971 0.35151099546544323 0.8695692986889983 -0.3468274136287671 -0.050980386864284785 0.35719891103985396 0.21786798979406585 0.9082634402941875 -0.2731437078650326
0.8649704604208898 -0.4428272240890844 -0.2360723452775182 0.016928522344230954 0.35326131560840357 0.8714369639982779 -0.34029995690873543 -0.05573580025709325 0.35641625312812375 0.21095418313705996 0.9102009597462983 -0.2784777396331704
0.8647385335367768 -0.4430843449093901 -0.23643927743266227 0.016771802276866112 0.35161726396192294 0.8702848138113468 -0.3449197624568415 -0.05749319479629595 0.35859805953266566 0.2151292777507752 0.90836491871595 -0.28137899282225104
0.8635167136636901 -0.4454983561214442 -0.23636856795384084 0.017114545282996097 0.3542507355912457 0.8694036205378171 -0.34444703646395325 -0.06199339198815698 0.3589502772760023 0.2137020338902521 0.9085626776148406 -0.284630204860905
0.8622592000710189 -0.448571805026103 -0.2351433767481203 0.017788722574763074 0.35650434586581053 0.8673430100497865 -0.347304987434056 -0.06565263561105743 0.3597411892898478 0.21563728493329737 0.9077922879573939 -0.2877060264711638
0.8623257925404006 -0.44790073161936345 -0.23617612524217335 0.02006621021183451 0.3550143304969919 0.8673809485118686 -0.34873358785816294 -0.07119645081674174 0.3610527006703305 0.21687605855302336 0.9069761422249012 -0.29096411313897125
0.8663041186709309 -0.4442485149748565 -0.22838658217245222 0.020531772317133844 0.35262725585818455 0.8677248273520283 -0.3502965064382209 -0.0790211279142517 0.35379541037117035 0.22292797253716684 0.9083677265627403 -0.29543889757954145
0.8666331781830008 -0.44058190233296096 -0.2341677215354378 0.02637921034920181 0.34582808201829696 0.8687155369198687 -0.35459308171702036 -0.08516183712777263 0.35965243243995154 0.22632035536093018 0.905223300953597 -0.3000910480532531
0.8698701057864365 -0.4373152379885265 -0.22821345640020863 0.026121893617006096 0.34321814501103515 0.8688688697005514 -0.3567466779109143 -0.08818684616218297 0.3542983262651324 0.23199627128108988 0.9058975803684405 -0.3040145317982545
0.8743177643495322 -0.4316337772447989 -0.22194758228964998 0.02429564429343141 0.34012312960581054 0.8711071036104021 -0.3542438012818978 -0.09087287171529211 0.3462437055745292 0.23423214207466939 0.9084330464977202 -0.3081202052297318
0.8796698288124271 -0.4243113992744535 -0.21480416365347405 0.021492757593634986 0.3378101904042343 0.875392520955167 -0.3457921478501443 -0.09450991981134024 0.33476150844469366 0.23161988408061487 0.9133931036318997 -0.31230242311213213
0.8806942404268638 -0.42270866462291135 -0.21376398137118977 0.021465048022816242 0.3355742277132362 0.8752718465928326 -0.34826589304242994 -0.09520197067596937 0.33431660529146773 0.23498208317804192 0.912697007780619 -0.3156758548997906
0.8773157998248655 -0.42512675428078195 -0.22267516739039883 0.025581501823433547 0.3382984243277018 0.8769375121740253 -0.3413719025336278 -0.10168480800988845 0.340398536241047 0.22416030544394586 0.9131708460021202 -0.31934043043645943
0.872546480220314 -0.4322377464577884 -0.22766899304084406 0.028337030140002283 0.3407859516512351 0.8724436036585235 -0.35029572305766804 -0.10374859957092425 0.35003939065810863 0.22806290573529497 0.908548147329173 -0.3228812032010723
0.8692116603139118 -0.4382839895814108 -0.22886291541211434 0.028291428700297896 0.3436887126124181 0.8683355741088207 -0.35759110665664917 -0.10372130505625982 0.35545626791090434 0.2321647587678 0.90540066621863 -0.3230576727073922
0.8672757922169617 -0.43989943589027414 -0.23306905958933744 0.02690298414781403 0.35319363117773955 0.873644721198721 -0.3346627556467796 -0.11620306704561252 0.3508375110074773 0.20792639905753194 0.9130605968089103 -0.33378439909050667
0.8703539952048344 -0.44300305890280967 -0.21501677337764832 0.020293660958859865 0.3559671870306816 0.8677273309534337 -0.34689572046062794 -0.11465846817113323 0.34025179615755785 0.22538316023871058 0.9129245019673666 -0.3399568514093836
0.8689380995395297 -0.4461975023599598 -0.2141363305381924 0.019562328655171147 0.35634185494852616 0.8643032837899124 -0.3549652321591816 -0.11445548155438034 0.3434633336769317 0.2321370769991555 0.9100248985065263 -0.34179654291736794
0.8650346082704249 -0.45103964707710265 -0.21972337895406852 0.019450565597860816 0.35692379402181496 0.8610196130164816 -0.3622852898780534 -0.11441564494481261 0.35259116800552875 0.23496481176021852 0.9057985457478825 -0.3427272176771667
0.8631308681707569 -0.4538682973860185 -0.2213790257425275 0.018073472434623643 0.358464047951555 0.859463918542922 -0.36445205315518997 -0.11517147413943157 0.3556805177922719 0.23521339534721478 0.9045253052912633 -0.34666178939332953
0.8632780973437599 -0.45456644525320933 -0.2193633367187806 0.013710337343931425 0.3609264472832208 0.859780473576315 -0.3612611754789085 -0.11831307440865341 0.3528215218747973 0.23269483042549916 0.9062947035016794 -0.3536179463615956
0.8609711213506611 -0.45607629013834117 -0.22521799611450094 0.011101482972268312 0.3593386289187984 0.8587405296426063 -0.3652950212032697 -0.119501421622812 0.36000621934480714 0.23357893809756794 0.9032366255363365 -0.3585268829106642
0.8611644987754512 -0.4565495700715026 -0.22351330187787688 0.0050793532010627385 0.36196341154857475 0.8594692560260853 -0.36096410714375443 -0.1239502762249809 0.3569008192046378 0.22994583713017575 0.9053986510027271 -0.36626094403983456
0.8578968465839517 -0.45830832703752467 -0.23230686169240955 0.004049269585104146 0.358713757219107 0.8579165772684816 -0.36783635876526394 -0.12414706772146182 0.3678823738684176 0.23223398505817844 0.9004054282271584 -0.36905297731639025
0.8602985247286155 -0.4564894957730541 -0.22694446148480837 -0.0021545171779210137 0.3596731165824619 0.8589899399159036 -0.3643782819147353 -0.1275242458364768 0.36127786751699226 0.2318482766210243 0.9031747776982221 -0.37630569310742995
0.8602877073337991 -0.4562331222086902 -0.22750032705485373 -0.006915934873044631 0.3605750108024697 0.8599857264738278 -0.3611235409746706 -0.12952138659915002 0.3604035546372341 0.22863921024399292 0.9043414119368011 -0.3832227691433939
0.8579008186307688 -0.4555420511999727 -0.23767125400682707 -0.008640783991342845 0.3571356797420746 0.8612267341114646 -0.3615834878791763 -0.12921210956449877 0.36940532162899675 0.22532188540003403 0.9015374403273272 -0.38848952085131866
0.8596515100172069 -0.4508449577613836 -0.24028754729754823 -0.013833267650807295 0.3511398050450833 0.8630557044839225 -0.36309184550284845 -0.12665812343454377 0.3710796661608342 0.22775793074863512 0.900236750162457 -0.397987173853958
0.8561493827818693 -0.44760530405062143 -0.25818157592666097 -0.013206489221089279 0.34229703409113504 0.8655700083389828 -0.36554247511947086 -0.12491239383344492 0.3870929795470793 0.22458417675741996 0.8942711964139036 -0.4021446576224453
0.8576974307154432 -0.4596613197967855 -0.23036186408953055 -0.029868105474893616 0.35277526944829174 0.8520582214342134 -0.38671229170024196 -0.11814223479554288 0.3740384025869684 0.25041617034258296 0.8929652932903617 -0.40728374754176916
0.846969865221307 -0.4759255647459095 -0.2369322777256973 -0.030911388294731508 0.3693982126863588 0.8473335400066132 -0.381537458769107 -0.12249954465075698 0.38234409616355186 0.23562837011096946 0.8934720271657769 -0.4154708059580514
0.8358917138388436 -0.49094223819791327 -0.24548067436925233 -0.029853763097289068 0.39252304703466045 0.8472627969341303 -0.3578706616614217 -0.14118724979309255 0.3836804663807959 0.20278429841726395 0.900926094656621 -0.42831624644360955
0.8243071434667512 -0.5033006696432499 -0.2592415267011437 -0.029846915612330466 0.3925273600428393 0.8380579915851649 -0.3789209341776228 -0.14118250372199134 0.4079705931160759 0.21058784076223339 0.8883764722659055 -0.42832512409257684
0.8210913994736126 -0.5073032596849372 -0.26163393591715156 -0.030632404318208177 0.4002733012325024 0.8385187687399043 -0.36968575681428834 -0.15515673561057067 0.40692775529680647 0.19882071618409367 0.891560499789635 -0.43625938393607644
0.8221150838072028 -0.5068009387088065 -0.2593831095128359 -0.03357482813774191 0.40276872181107604 0.8397388581383155 -0.3641648072826833 -0.16498403630999883 0.4023731423782496 0.19491397758096946 0.8944855480309425 -0.44125209063032245
0.830201645818132 -0.4978581973522999 -0.25080359369431454 -0.033699269594752654 0.3872475667458339 0.8386767115292935 -0.38296304728765274 -0.16485876785585513 0.4010044255744506 0.22081347075650198 0.8890651617301005 -0.4413919793213021
0.8318925385939268 -0.4928223046090735 -0.2551097417025722 -0.03450648063376145 0.38976988567415705 0.8461219451206721 -0.36353416649163606 -0.17705800856887985 0.3950116966031587 0.20298726577057866 0.8959698262116176 -0.4442612289103408
0.8341509104039924 -0.49031853868282055 -0.252547004132169 -0.037474565059294467 0.39347771949552934 0.8499126994593416 -0.35046210573803316 -0.18483375417032274 0.3864809735715172 0.1929666653121263 0.9018848724452184 -0.4451479626257795
0.8354759734319757 -0.48928354188030415 -0.2501629738049917 -0.040793091231068425 0.3950253584279287 0.8512027302973302 -0.3455558972630344 -0.1874962737799504 0.3820142196525918 0.18988293124827965 0.9044388361872683 -0.4454859196113183
0.8372318476613546 -0.48450521334217056 -0.2535695792200074 -0.04020839089771299 0.38969840103643943 0.8539157632548223 -0.3449101701814256 -0.1901458081152782 0.3836378363654922 0.1899541194846672 0.9037363791502512 -0.4462966839214865
0.8390161577192611 -0.47842126285153813 -0.25916207735227603 -0.03826269441261406 0.3818069346506738 0.857024224066513 -0.34602448470570835 -0.19174001074757954 0.3876536492007572 0.19137025530299692 0.9017217273896644 -0.44536640058473276
0.8354109507001563 -0.4784963514432149 -0.27042519317880154 -0.031167847245876377 0.37087074702830725 0.8538802036538163 -0.3651622746215525 -0.18988175938764443 0.4056395351157551 0.2047677695919258 0.8908011720285398 -0.44427827032042666
0.8253126092079951 -0.4811398605538167 -0.2955732255610183 -0.017986760991142655 0.3575726729123453 0.8504229599952371 -0.38590487519499383 -0.1885444097658374 0.4370364752152977 0.21280325114808876 0.8739072580269543 -0.44260458983176815
0.8157325802572576 -0.4908601159585632 -0.30600115043571696 -0.009323710848033262 0.35435046575653045 0.8422016790488069 -0.40636446599758663 -0.18608467359456976 0.4571827915888416 0.22305308419414308 0.8609478594586969 -0.4415284480747496
0.81158076519177 -0.49116805327377316 -0.31637099268737134 -0.002601178945843559 0.34836483074266505 0.8415445550651686 -0.412849496235378 -0.18885160653042582 0.46901876963760725 0.22484818274431934 0.8540870496876768 -0.4406080785133534
0.8047887680529184 -0.49166216487001113 -0.33254075607540173 0.004689182847509382 0.3395085786906463 0.8408512387505251 -0.42154847797989764 -0.1892615017742771 0.4868767439622915 0.2263570408161516 0.8436311553407863 -0.4391878731377964
0.7995609476928853 -0.492192146783563 -0.3441644687777092 0.010321944530769957 0.330689346272079 0.8391514397973419 -0.43182104782907127 -0.18843809135676926 0.5013450380592192 0.23145572304576847 0.8337154197223164 -0.43813247495980595
0.7918459462643977 -0.4921603494363351 -0.36160501631938846 0.01790801893496642 0.3180484435457749 0.8377870068871153 -0.44379963795528554 -0.18607756552134677 0.5213685691933784 0.23641303164977362 0.8199290783497133 -0.43691339131012297
0.7870030780880677 -0.4881783560198487 -0.3772373891777757 0.023194238405994376 0.3113653238682098 0.8421592838010801 -0.4402492201016381 -0.18941222352363438 0.5326141100011821 0.22901884948932388 0.81478376051946 -0.43627847911284023
