1.0 0.0 0.0 0.0 0.0 1.0 0.0 0.0 0.0 0.0 1.0 0.0
0.9999106958351622 0.0006292928899074967 0.013349320016411204 -0.019422058246822336 -0.0005643284128947334 0.9999879836586377 -0.004869709619099814 -0.0003720808115285212 -0.013352224080064146 0.004861741333170939 0.999899035694767 0.01571612285915786
0.9999082555175184 -0.0010094465959082013 0.013507833485910397 -0.018114384175758093 0.0010897961807146573 0.9999817503539463 -0.005942331473567537 -0.00029714218046212996 -0.01350158850645255 0.0059565070827842185 0.9998911076368142 0.053140255238005266
0.999231702107347 -0.0029457785365664614 0.03908104262257899 -0.06244159443000659 0.0030578821252934263 0.9999913793310619 -0.0028090248250659485 1.576221142608335e-06 -0.03907243095281044 0.0029263718788844987 0.9992320959051826 0.07411635208333957
0.9999668124883611 -0.002226537549677575 0.00783686496039238 -0.012909530615033901 0.0021682151215410774 0.9999699520328907 0.0074427061291279855 -0.008068046314264095 -0.007853200943199322 -0.007425467115120372 0.9999415931308526 0.0878612449577256
0.9999704608928462 -0.004568637264692354 0.006181010863367035 -0.01268304492629046 0.004524943998064725 0.9999648077869506 0.007064564347560099 -0.007641969266171123 -0.006213068771852748 -0.007036386938629944 0.9999559425471134 0.12419132855967571
0.999953832945956 -0.007650611485445098 0.005813787112646797 -0.01091911294347778 0.007627478430892977 0.9999629468221248 0.003990808890189873 -0.007667749193696905 -0.005844103821690187 -0.003946280110498092 0.999975136352805 0.14356748673288347
0.9999684988002234 -0.007932678725944692 0.0002720578235152893 -0.003121796918246219 0.00793251942476646 0.9999683678767289 0.0005817057039779341 -0.008272533449250207 -0.00027666370221152625 -0.0005795292755819021 0.9999997938014862 0.16992686791949474
0.9999647440964693 -0.008387470573612017 -0.0004011252424140583 -0.003708108724088141 0.008387413231871463 0.9999648146018574 -0.00014442143381783598 -0.007610930910485175 0.0004023224591888922 0.0001410519389425851 0.9999999091204907 0.20238614083228085
0.9999747512688258 -0.007035906430611377 -0.0009964163539130113 -0.004391104339763866 0.0070369882383933035 0.9999746499591448 0.001086386496000127 -0.007161734977226229 0.0009887473809842104 -0.001093370836283795 0.9999989134588255 0.22678657152862344
0.9999811378040204 -0.006013801404008785 -0.0012482903707467885 -0.005232748331388114 0.006017996697241267 0.9999761633656612 0.003384732817381831 -0.006711818879949026 0.001227905504736097 -0.003392181181217707 0.9999934926562802 0.2553602003391489
0.9999771201272272 -0.006408070885694734 -0.002166990904672599 -0.005918980458736662 0.006414934022388416 0.999974383198374 0.003175148582448815 -0.0053458054542012004 0.002146588816107314 -0.0031889770391350697 0.9999926112636528 0.29981538960407056
0.9999720505893979 -0.007069638972308553 -0.0024327443013555544 -0.007016440157700396 0.007077976114669854 0.9999690486985697 0.003435680281659312 -0.004670686200931999 0.0024083799855375574 -0.003452803162479771 0.999991138888824 0.3350791069982845
0.999972076374925 -0.006685365457550472 -0.0033395148027727897 -0.007743938470505571 0.0066956013043463596 0.9999728920326645 0.0030633515965849544 -0.00393835587382408 0.003318944650366177 -0.003085626116374091 0.9999897317062203 0.37057397753372157
0.9999832134336054 -0.004607567066083424 -0.0035132857456109065 -0.010333166688716386 0.004610631226731153 0.9999889972439746 0.0008645638685401295 -0.002938725666710476 0.0035092635537775285 -0.0008807478204497061 0.999993454654873 0.4036709577996454
0.9999823448349237 -0.003569421876824646 -0.004750710042907211 -0.011072111025734112 0.0035598465758810336 0.9999916184909564 -0.0020224836698475132 -0.0021411233001106932 0.004757889322244519 0.0020055361636839436 0.9999866700681035 0.4298548866759847
0.9999719854639901 -0.004126551522527185 -0.006244986768328737 -0.011790309646081501 0.004101663133163447 0.9999836163692106 -0.003992912808696976 -0.0013070297722480855 0.006261361413201126 0.003967186117101303 0.9999725280164282 0.46557236586177336
0.9999658913181565 -0.0032048099440057064 -0.007612187169648342 -0.012828603682507126 0.003166062729153941 0.9999819993631447 -0.005096763334120212 -0.0008546402661504731 0.007628384303246605 0.0050724888281548615 0.9999580379245978 0.501183823993214
0.9999575463204102 -0.0013944895002705074 -0.009108290503528875 -0.013842777495611587 0.0013386841760347997 0.9999803147232272 -0.006130097121058554 -0.0005673147237609324 0.00911665956038009 0.006117643751510531 0.9999397286603783 0.5366952465060246
0.9999512456788264 0.0008050606119297607 -0.009841653457291353 -0.015066984528957578 -0.000869965083263224 0.9999778916418746 -0.006592373489583873 -0.0002944468223240866 0.009836128614256366 0.006600613977757694 0.999929838773202 0.5655750493437472
0.999937610440047 0.0012098470425945462 -0.011104571021963631 -0.016090421486730924 -0.0012828601200586289 0.9999775925889268 -0.006570280813370747 0.0002856437593092761 0.011096373162464703 0.00658411650775528 0.9999167564914855 0.5994883496202308
0.9999240888273572 0.002485887672896463 -0.012068013310287347 -0.0170496471918371 -0.0025567102209224524 0.9999795807018851 -0.005856740742701643 0.0004353783072040355 0.012053207690310118 0.005887150563619488 0.9999100267737175 0.6228498334830683
0.9999079963900867 0.004147480764373314 -0.012914997424376894 -0.018729671966113602 -0.004223698313210976 0.9999737938001186 -0.005879803190165766 0.0009607405841266125 0.012890272600743243 0.005933811279882001 0.9998993103087801 0.6593680543300812
0.9998899870897181 0.003949569193367122 -0.014297364124546692 -0.020032668484672472 -0.004039965603579315 0.9999719987228127 -0.006299241876826786 0.001367569565104217 0.014272084488432344 0.006356309738179214 0.9998779450167247 0.6945947584915478
0.9998678596849307 0.0049988331954448646 -0.015468511103510746 -0.021104606101918486 -0.005107707465922667 0.9999624062009457 -0.0070069614852086085 0.0014672887976343496 0.01543290295174102 0.007085044212759232 0.999855803431168 0.7256027110944321
0.999851069239502 0.006084000884440227 -0.01615005491823725 -0.02235111012424188 -0.006200668159177904 0.999954971800751 -0.007183737560365196 0.0018359112855507367 0.016105621844675497 0.0072828088121664305 0.9998437726169036 0.7583435943965717
0.9998367850966455 0.006383627516055561 -0.01690125638347168 -0.023391452956436794 -0.006483471836098158 0.9999618157501904 -0.005859320312957045 0.002357946835190976 0.016863207303300504 0.005967942804314189 0.9998399951482893 0.7874903860713643
0.9998409527521824 0.005504340567832681 -0.01696382723682622 -0.0244305227897495 -0.005566625665497644 0.9999779299378876 -0.003626612170328965 0.0027451871351008876 0.01694349073561233 0.0037204666437248126 0.9998495268037315 0.816540905672344
0.9998194344793402 0.00680245175962894 -0.017743311062762317 -0.025592330732621075 -0.0068525153663799646 0.9999727060562934 -0.0027622772496675783 0.002657295478107965 0.017724036520091264 0.0028833647893446897 0.9998387593691928 0.8540212038202102
0.9997930757202718 0.008521882862947057 -0.018471146533685867 -0.026821326287929072 -0.008607622167709952 0.9999525233017714 -0.0045672730414344125 0.00277619976674383 0.01843134781877363 0.004725320612115225 0.9998189619939685 0.8892939754145008
0.999764199680306 0.010823274350533195 -0.01882556160993949 -0.027940399254932947 -0.010973673965711363 0.9999085465158709 -0.007904244695696972 0.0032997283443037956 0.01873829013786416 0.008108966447598544 0.9997915388449042 0.9162939314897932
0.9997421614335038 0.012621548586958421 -0.018876100326407876 -0.029488391239848893 -0.01281347716842844 0.9998670786220387 -0.010081661107199965 0.0037368382416929436 0.018746345113640078 0.010320930146712448 0.9997710002524516 0.9467942528212261
0.9996927165846222 0.014635435407614078 -0.02000690975856176 -0.03120607190840522 -0.014859754708196463 0.9998278653999602 -0.011109782165646101 0.0041366686683411745 0.019840869377874354 0.01140366608531827 0.9997381138588973 0.9867823020304617
0.9996697968662487 0.014683207727705126 -0.02108792650351631 -0.033248224613988686 -0.014939147378724706 0.9998160219659782 -0.012030964039505519 0.004031890347905184 0.020907393644099884 0.012342027019424249 0.9997052341865894 1.0233514397387067
0.9996147688643827 0.01474835114293498 -0.023511699359484578 -0.03412185467097754 -0.015071431026377985 0.9997936011534377 -0.013623768181172662 0.004405666030975163 0.02330591845483009 0.013972874836693136 0.9996307282860886 1.061522733339333
0.9995666992312675 0.015323834159630999 -0.02513153187842542 -0.03619883925205711 -0.015686067754026905 0.9997749853612765 -0.014280263452471294 0.004743157279674161 0.02490704852695764 0.014668290715145992 0.9995821527924418 1.0976331044338288
0.999500672439962 0.01630621536197404 -0.027064979819531983 -0.037737104956958305 -0.016697074439409827 0.999758631529259 -0.014278879084325066 0.005711454511952641 0.026825612709265638 0.014723655229218587 0.999531690582877 1.1345744635132449
0.9994605636707822 0.01628802445375378 -0.02851809822331785 -0.03934972987153513 -0.016643129564655284 0.999786337040296 -0.012259139685907213 0.005887193509221661 0.028312327795060186 0.012727157064262844 0.9995180996699797 1.1648187500828984
0.9993901697196133 0.01819970402155307 -0.02980032619501142 -0.0420984421476269 -0.018548427143804027 0.9997621961599072 -0.01146764927990291 0.005776201661317709 0.029584531740288928 0.012013405139415846 0.9994900867835883 1.1984222303711007
0.9993157263892011 0.02015665454741139 -0.031012711404817483 -0.044828273532331764 -0.020537771367443683 0.9997168202478267 -0.012019952613479306 0.006166396324714955 0.0307616472003814 0.012648659653418413 0.999446713172089 1.2308632316061945
0.9991818270010719 0.023082369943892317 -0.033209649028134745 -0.04637716363532271 -0.02353471509691815 0.9996346127641162 -0.013295042280470595 0.0062616356634769025 0.03289063356193411 0.014065744264201778 0.9993599757155524 1.2651440544183505
0.9990686926933569 0.0253184873948559 -0.034938824765898435 -0.04847255551157475 -0.02584415863006545 0.9995582392068034 -0.01467671279599047 0.006656361380610194 0.03455179799503322 0.015566008795722902 0.9992816783197229 1.2981874386933947
0.9989884619742351 0.026165304882953558 -0.036570885451856466 -0.05040524004167093 -0.026714053459616728 0.9995365248689576 -0.01459776697448992 0.007529143627212141 0.03617198073243142 0.01555995736712932 0.9992244370193446 1.3324811894151862
0.9988991723065489 0.028011909004420067 -0.03762680585989416 -0.0524220567355174 -0.02853552288793209 0.9995022642610479 -0.013451679097699834 0.00795191466381982 0.03723127044303356 0.014510571696639354 0.9992013189594151 1.3666376375514762
0.998815993640587 0.031030050448558825 -0.03746660935987565 -0.054834202352917485 -0.03155847879904772 0.9994094340531764 -0.013595791311908178 0.008277994471168532 0.03702260476594808 0.014762083005688367 0.9992053881168165 1.3995609565733504
0.9987524730749858 0.03433839916714514 -0.03625426691076072 -0.056970613689494444 -0.034946379526467446 0.9992567201900342 -0.016271377109676265 0.008282788471048987 0.03566858680394955 0.017518033499541095 0.9992101232562242 1.4292940862127843
0.9987544418417931 0.0360392205817808 -0.03450709320045997 -0.058196823128446706 -0.036779021022357486 0.999101703415144 -0.02104969941809957 0.00985279542107 0.03371748083597551 0.022292617899500638 0.9991827513889854 1.4561099803484643
0.9987960634063463 0.03695644703941524 -0.03225902580996269 -0.06016168480855723 -0.037750929672624396 0.9989898137755885 -0.02437661341256234 0.011136410797901408 0.031325565163894765 0.025565073730303815 0.9991822336152337 1.4852552412159312
0.9988600299871662 0.03808133962601994 -0.02878284326338217 -0.061815368607229304 -0.038788331345134326 0.9989490822456227 -0.024417133985915548 0.01132136875692793 0.027822757690363426 0.025505737646926336 0.9992874218669974 1.5135200436919298
0.9987381053991152 0.04346626100364679 -0.02515712579265805 -0.06385188865268868 -0.04404549787184324 0.9987659390229892 -0.022947617844700185 0.011550327452167532 0.024128633218773756 0.02402671850019998 0.9994200947835236 1.5421788313805393
0.9986196422384305 0.0479137436743189 -0.021519370406676546 -0.06483102746412794 -0.04836452165578031 0.9986102380324496 -0.020939568805976184 0.012004974805980886 0.02048617047169928 0.021951438765702352 0.9995491239331469 1.5693117448424685
0.9984992281939725 0.051907400507904995 -0.017461760179096276 -0.06594121930430842 -0.05227330863249697 0.9984078702089697 -0.021194950091932792 0.012491906574317022 0.01633378402734416 0.022075925287512194 0.9996228593935063 1.598522433686589
0.9984088304350435 0.05498983753276149 -0.012486996334115933 -0.0663963271477722 -0.05525177376301029 0.9982365798061432 -0.02170189468625117 0.012676171454850641 0.011271592849669549 0.02235729198835561 0.9996865022043561 1.6159116763511736
0.9982861485325625 0.058197148421915736 -0.006152850037102133 -0.06757467022268979 -0.05831369066409626 0.9980804660259796 -0.020854179880640707 0.012852804606254285 0.004927385630687735 0.02117723430761521 0.9997635948652702 1.6417423369973618
0.998027281617067 0.06277870664865452 0.0006157431027390283 -0.0684110528107749 -0.06275235925829478 0.9978124085140359 -0.020797567716802995 0.013126866352685283 -0.001920040511068796 0.020717900640252838 0.999783517586431 1.6670094882983826
0.997793944718385 0.06592596069942618 0.007810991561943596 -0.06909887172857802 -0.06572924253656437 0.9975673634597736 -0.02321684809538099 0.014467655949365686 -0.009322583273555424 0.022652219886190622 0.9996999381691168 1.6917803833410983
0.997493189479376 0.06907476022896894 0.015362761521640922 -0.06997639628337302 -0.06868203268275751 0.9973310397848885 -0.024770455550040982 0.015397695854910787 -0.017032772200227017 0.02365321502253969 0.9995751147814123 1.7125288094444509
0.9969888808677089 0.07416654473807181 0.022638353910286665 -0.0696202677204938 -0.07355572262921924 0.9969331515796347 -0.02671791440193473 0.015707509536156804 -0.0245505009041565 0.02497228309769591 0.9993866408864213 1.7311120213032807
0.9965136406989835 0.07777716763939238 0.030187349914315157 -0.07000814303336977 -0.07682365857324011 0.9965451580955387 -0.031557461237538977 0.017185548161853158 -0.03253750734579246 0.029128337925987645 0.9990459701862537 1.7478530139723583
0.9960805735235396 0.07961275491612016 0.0385395939739941 -0.07009088558741233 -0.07822433875080612 0.9962751834645758 -0.03628652145940409 0.01809454274039956 -0.041284910996797534 0.033129564852116156 0.9985980112421097 1.7664981051778361
0.9957201366097966 0.07989488402326904 0.04645661477846458 -0.06967369839493923 -0.07818130404106052 0.9962297013040152 -0.03760406810640017 0.01827743287477582 -0.04928583212450967 0.033811089107274254 0.9982122604963211 1.78035189947369
0.9953708307787187 0.07907887029078552 0.05462088893834229 -0.06929865289755242 -0.07711750010643426 0.99633033053139 -0.03713170667427382 0.018265822522340353 -0.057356781745627576 0.032747591312086426 0.9978165136191331 1.7964594877706053
0.994798159554974 0.08001584890957879 0.06304034953356798 -0.06979878265970729 -0.0777688898621563 0.9962723283225422 -0.03732891089206203 0.01800728379164318 -0.06579226030197331 0.03223215385386599 0.9973126223718913 1.80909276818492
0.9939046012071547 0.08289383607048174 0.07267912795820555 -0.07085488875131413 -0.08028898210375736 0.9960446286577178 -0.038062804348215955 0.017862443382324737 -0.07554682688232174 0.03199546317258543 0.9966288011513539 1.8195317307372647
0.9928246411368976 0.08694963923956896 0.08209136487778508 -0.07248808522893974 -0.08391419054075668 0.9956804032612995 -0.03973591810068722 0.01802924567566174 -0.08519178702949164 0.03256216819445362 0.9958323476495421 1.8262828798148745
0.9915832841975459 0.09015676035845442 0.0929211981287132 -0.07562916945783492 -0.08666289750603116 0.9953944212396197 -0.040981561230636024 0.01844669337458674 -0.09618800702720862 0.032583810807049536 0.9948297153671198 1.8338222432082516
0.9908001748790741 0.0887926876619135 0.10213164092174791 -0.07463078832345595 -0.08496237362618632 0.9955290979020501 -0.04126996847749542 0.018249988677881357 -0.10533949177492342 0.03221294534970621 0.9939144418029645 1.840277328255367
0.9899274761735756 0.08691155475590721 0.11175855030611742 -0.0715016499904637 -0.08226264766418862 0.9955684952107494 -0.045565646523235116 0.019987940710532667 -0.11522347293798901 0.035913131215669664 0.9926901824287351 1.8468252707995663
0.9907673110899637 0.0868032238586086 0.10414094105256742 -0.031195380682821475 -0.08212274994486563 0.995444937490196 -0.0484275785749362 0.015360583142983643 -0.10787024250021404 0.039428121346203326 0.9933828235026287 1.835632947354587
0.9879137384250227 0.08799527805509119 0.12760594214652354 -0.048152967407442335 -0.08163906426112218 0.9951858242567484 -0.05422396504299053 0.018565832743342198 -0.13176307759635494 0.043150970306846455 0.9903416002288883 1.8061727811551516
0.9845109026241444 0.09181777855655238 0.14935788614978104 -0.05759804582789224 -0.08383174794035633 0.9947360787790372 -0.058926832704366536 0.02134589386440596 -0.153982208879648 0.04549317658994403 0.9870257596599498 1.7960261158781077
0.9818556358969168 0.09355486029841116 0.16494544059174385 -0.05670637795447865 -0.08447868609257435 0.9945426672590615 -0.0612228274200275 0.021543357180448756 -0.16977297150468892 0.04617760404974594 0.9844007146638473 1.800259614800577
0.9788669366070404 0.09423522757939509 0.1814917141376068 -0.05526338766700165 -0.08394939727475553 0.9944407043789724 -0.06356244308911571 0.021663774821985497 -0.18647256933595452 0.04698305393768667 0.9813361164901333 1.8041400532736622
0.9753842190609735 0.09371549506783483 0.19960719223265488 -0.054498073543991964 -0.08215673765501885 0.9944684994592687 -0.06544214269958644 0.02170331264972865 -0.2046360077422784 0.04743215752439874 0.9776882400683169 1.806832501758109
0.9714458511025299 0.09277409367606226 0.21837107390463814 -0.05338669409643564 -0.08002910251814177 0.9945703598350363 -0.06652174146656994 0.0216780845325174 -0.22335689182521432 0.04714622869530249 0.9735958771451273 1.8100961810792102
0.9666952552267463 0.09265466713177452 0.2385694787285113 -0.05258034224595433 -0.07841212246489443 0.9945625001455051 -0.06853446107522039 0.021708788078477 -0.2436222949006188 0.047545199158490814 0.9687040990231927 1.8130319858563033
0.9611421569971734 0.0948547347467421 0.2592457007144839 -0.05156998321061848 -0.07883673458700807 0.9943183463734676 -0.07152478832397283 0.021818526235604967 -0.26455722126314435 0.048307404828418 0.9631593177228093 1.8165661399295958
0.9547712686900974 0.09612386021366907 0.2813752440807873 -0.05019236604096096 -0.07817970546709697 0.9941632820442656 -0.0743458289889237 0.02191713140837856 -0.2868793442145632 0.048985427757602486 0.9567134731623816 1.820273534473049
0.9473902654388255 0.09719451567704435 0.3049670655563555 -0.04680606853406253 -0.0774070268534515 0.9940719829100186 -0.07634818260476647 0.02164689040232643 -0.31057984021094964 0.048724931150761756 0.9492976582394453 1.8264922446539944
0.9385586924920032 0.10013559467923075 0.3302732859707793 -0.0456394652542649 -0.07858199565045125 0.9938504229185585 -0.07801414502635333 0.021606325162456943 -0.3360542377463676 0.04726732003019889 0.9406558083326073 1.829291806896113
0.9285264051717587 0.10196173260526045 0.35699092423049433 -0.04437142168331467 -0.07842305226043114 0.9937177090389078 -0.07984321897706936 0.02150803739181052 -0.36288915631769325 0.046140219186691325 0.9306892824140811 1.8318703798940383
0.9172879472021171 0.1021088112851209 0.3849111749165818 -0.042304861082882034 -0.07633776000345534 0.993729677855188 -0.0816937803475728 0.021349330285177253 -0.39083931265339594 0.04555346318077478 0.9193310142037301 1.8358274344237357
0.9043252816022681 0.09968477618390469 0.4150406371093558 -0.04069168724793045 -0.07093107368650198 0.9939235715366189 -0.08417075935008456 0.021216332065327175 -0.4209092156756089 0.046678467638244854 0.9059009619259105 1.8384380986529314
0.889276833051796 0.09631708010954564 0.4471126639634985 -0.038614897462832885 -0.06386823216152014 0.9941474960154745 -0.08712981743767632 0.021047547270714027 -0.4528880249221971 0.04892623269098091 0.8902239384765726 1.841585160094889
0.8720346735912274 0.09450438999796641 0.4802337434268339 -0.036042264641705124 -0.05729165314945947 0.9941461417379113 -0.09160303132006825 0.021099291846890602 -0.4860794117570107 0.0523676344580855 0.8723442189452646 1.845540101067946
0.8647703087609915 0.09565024978330965 0.49297397781404917 -0.006304358697013207 -0.055289645325186876 0.9938593549475438 -0.09584694936755123 0.0207150086520324 -0.49911458424417227 0.055629239610490745 0.8647485296287739 1.815165870475743
0.8435510574054165 0.0972979727232794 0.5281616400820304 -0.0038312296833254676 -0.05181659820914442 0.9936086551590053 -0.10028399943731826 0.020709841045103847 -0.5345434067503163 0.05722713427258035 0.8432012816657212 1.818290364582122
0.8194673617915398 0.0993541739479199 0.5644483954069999 -0.0003968902561259503 -0.04920261493746912 0.9934191064115745 -0.103429114371836 0.020408793750143116 -0.5710099348012501 0.05698444643544087 0.8189630194475935 1.8224648472617044
0.7926724522106577 0.10328041323475506 0.600835701126687 0.0031056761708082364 -0.049157379225439356 0.9931644915443538 -0.10586710916583181 0.020177490621318243 -0.6076626823938 0.05438243261846595 0.7923311274009566 1.8266838983259202
0.7634488274607764 0.10733806300367357 0.6368865111457314 0.007113156350204471 -0.04927209397403767 0.9928991371056075 -0.10827540944439844 0.019997428187760517 -0.6439861400714914 0.051282002355191994 0.7633164531374025 1.8310848556945982
0.7313357293188466 0.10766078975943778 0.6734665584645178 0.009563240644706596 -0.04502075013226974 0.9929290439072639 -0.10984100246689815 0.019780871218263666 -0.6805300750732461 0.050010679997171674 0.7310114560025875 1.8331759647515218
0.6958353627874061 0.10451287869750144 0.7105562652463752 0.013618659886287103 -0.037267914700445694 0.9932767296066997 -0.10960128172470396 0.01956023615657544 -0.7172337488074575 0.04978349734780518 0.6950520505425637 1.8366257386482272
0.6578749376393309 0.102470007154447 0.7461236251854052 0.019313937512834764 -0.0302705935002084 0.9934978226906878 -0.1097532116979119 0.01921844513204253 -0.7525186094676942 0.049618282342590955 0.6566991460799836 1.8410603003194805
0.617101592600973 0.10168355480383454 0.7802858957406545 0.02681416496884481 -0.024682053766594172 0.9936289173056913 -0.10996531687664773 0.018617791738220778 -0.7864962940988381 0.048600713743464224 0.6156797462905698 1.8457332651044638
0.5725117794449072 0.10135775578803206 0.8136073178987742 0.03802595400845418 -0.017653534138741444 0.9936231490017196 -0.11136153061231698 0.017624935945181695 -0.8197064200854102 0.04939274349051042 0.5706502797346571 1.8520617455585349
0.5261806667843315 0.09978386960459448 0.8444981262673865 0.04768411801411841 -0.01033374368123335 0.9937686146306579 -0.11098267574983238 0.01690987942262569 -0.8503100138443199 0.04967011115142725 0.5239329732077165 1.856617141171405
0.4791009162253712 0.09801654926844072 0.8722700660583935 0.061626795255930095 -0.004755658407329163 0.9940209880865207 -0.10908555796533596 0.01584856263826093 -0.8777469429084465 0.04811477229503634 0.4767024993660866 1.8622462099479153
0.42961834154477485 0.09575054271046936 0.8979197704577873 0.0532789008969217 -0.0011692066084943702 0.9944205695362012 -0.10548158056837605 0.016512350302288946 -0.9030098081218305 0.044266967977790686 0.42733326804945676 1.8626731278887596
0.3809416473751989 0.0954845438367847 0.9196554589537042 0.06046541267910415 -0.0009611155456113021 0.9946935825641685 -0.10287736904959376 0.01610514679918582 -0.9245985818461864 0.038306379285172124 0.3790119836549794 1.8641908260264846
0.33326283611084123 0.09593498350252061 0.9379404890544641 0.07687637704862124 0.004372065859164836 0.9946418820718943 -0.10328800253951495 0.015543407009298259 -0.942823826124203 0.03852279025266671 0.3310577404678322 1.86890609202815
0.28713584716112717 0.092212544826201 0.9534410584046269 0.0884311216740337 0.01829060239960071 0.9946463322127941 -0.10170608477124336 0.014829451813742081 -0.9577152286243135 0.04664247412296696 0.2839119942319559 1.8715638753786819
0.24354600832085177 0.08624965533773822 0.9660467580739033 0.0945205911710001 0.03359561194295378 0.9946901999697365 -0.09727662073871274 0.01428005227060968 -0.9693073179797816 0.05614626468685538 0.23935521776755772 1.8715292061836406
0.20217228780145685 0.0851957414894708 0.9756372541458131 0.10958522853962352 0.04397725713154711 0.99441435127147 -0.09594841760303562 0.013291718847675616 -0.9783620837401205 0.062303961490423436 0.19729634938915808 1.8735359549118469
0.16348629746973553 0.08636934598384849 0.982757633709328 0.11981097917547434 0.049566844474437835 0.9941831353293742 -0.09561914743136715 0.012658456249711144 -0.9852996287771978 0.06434461516690483 0.15825426386211067 1.8744765247903756
0.13075918087712418 0.08702094153109836 0.987587663122309 0.13730593805448027 0.05993393237836394 0.9936246318985923 -0.09548829579614443 0.011583059911270972 -0.9896009096428765 0.07167598356093632 0.12471003574116613 1.8761995207697897
0.10250048250904101 0.08568267889293452 0.9910358871519952 0.15238824870069725 0.06735630323126716 0.9933988924322773 -0.09285348097589949 0.010819299312705498 -0.9924498876519815 0.07627004033075235 0.0960525972970741 1.877090823946822
0.07822305543218962 0.08385391919936136 0.993403077221808 0.14890853993413455 0.07268253646958284 0.9933249064122427 -0.08957052636585498 0.011648769846136232 -0.9942828583915139 0.07920953563817744 0.07160619367613276 1.879447128366546
0.05852982885726607 0.08310786576754971 0.9948202560168846 0.16700252772781163 0.07833810812994067 0.9930732483963939 -0.08757090917682377 0.010855209902192681 -0.9952072145782301 0.08305784711270159 0.051613894296421645 1.879966580331329
0.043551050702744086 0.08511037352382649 0.9954192736235921 0.19048974840464222 0.0800762202944745 0.9928615707976101 -0.08839513661199087 0.009453212084605811 -0.9958368867068725 0.08355911411651418 0.036424847590972205 1.8830513848141466
0.030357427655227958 0.0850186281171539 0.9959167934417174 0.2129352188402146 0.08042543646870955 0.9929376360075985 -0.08721582521801083 0.007503424611281146 -0.9962982363504281 0.0827446909035155 0.02330537217695901 1.8869027527445617
0.016690237613976065 0.08592334633802551 0.9961619419163044 0.22491548677411152 0.08179958191187899 0.992843642502941 -0.08700764300068195 0.006669168734813491 -0.9965090387785895 0.08293780860119225 0.009542302499977862 1.8861413981666009
0.008080310309347341 0.08881655363987614 0.9960152249764245 0.2500772137139415 0.08523530869211425 0.9923615628865561 -0.08918223285784867 0.005021520317929187 -0.9963280838847524 0.08561628527848164 0.00044828300072599576 1.8900361126011047
0.0012057607794464292 0.09234460655511474 0.9957263779679244 0.2763551004284952 0.08873095734984994 0.9917896997308392 -0.09208696278839391 0.0046837638386995895 -0.9960548997664334 0.08846278962361964 -0.006997964224337867 1.8917375500715872
-0.0038292990258040373 0.09309605382548233 0.995649768357876 0.3030210964937451 0.0892439216254798 0.9917159547459657 -0.09238499637496816 0.003920992667723978 -0.9960024392148213 0.0885019201171384 -0.012105833870627544 1.8932551623448675
-0.007398494447029978 0.09200779436389234 0.9957308009980445 0.3326117635432152 0.08582130451292432 0.9921424723333852 -0.09103855383241853 0.0030792858396194306 -0.9962830752209006 0.084781368050355 -0.015236589509888964 1.8940108813726337
-0.00948812989661775 0.085592221968336 0.9962850731239458 0.3277072654428378 0.08301695082684617 0.9929578399065175 -0.08451576210149252 0.003394921120275926 -0.9965029660098739 0.08190665239591946 -0.01652691824920577 1.8972197654093543
-0.009946136558324832 0.08043448199709895 0.9967102730851223 0.3569291293020033 0.08305690419395415 0.9933816910792915 -0.07933704364396225 0.0013297123058809267 -0.996495170602084 0.08199457259054402 -0.016560949019139255 1.900754326223627
-0.009750510047901412 0.07901380042465836 0.9968258357889083 0.38813903236360536 0.08560990226865504 0.9932790505956943 -0.07789526481929454 1.579112729771775e-05 -0.9962810206901235 0.0845786438184541 -0.016449341095434923 1.89971000843557
-0.009733362724937219 0.082550067841815 0.9965393860502323 0.4212788349797386 0.08708186790214108 0.992870336814516 -0.08139559297962194 -0.0010427294713647964 -0.9961536075991172 0.08598825834462485 -0.01685258123016162 1.900039665718089
-0.009312717325425887 0.09019815686475509 0.9958802969203755 0.44773535851395646 0.08738801213286186 0.9921865099488383 -0.08904641941713685 -0.0025475195338691354 -0.99613081903507 0.08619873533728205 -0.017122190127714963 1.900295076496222
-0.007168752341503824 0.0989443530329003 0.9950671454694724 0.4695135665736574 0.08823372530931611 0.991274041892631 -0.0979315249952174 -0.003350272385417882 -0.9960740026262616 0.08709643432856115 -0.015836426975304234 1.9004128285622839
-0.007143682375273727 0.0998120228596761 0.9949806670959881 0.48031387612628623 0.08786914938906028 0.9912198575548322 -0.09880387935007237 -0.004326574994036985 -0.9961064101730094 0.08672228134476023 -0.015851357373918434 1.8989212316840287
-0.004487043974546307 0.09673275479770788 0.9953002765927547 0.5143341600000515 0.08741223259631478 0.991538336886959 -0.09597305911542972 -0.005960558298437862 -0.9961621193505069 0.08657078394407743 -0.012904702182121305 1.8983336171686211
-0.004478239136231504 0.09087192230521735 0.9958525187550564 0.5234528036835469 0.08727736446775393 0.9920977847397532 -0.09013682469468205 -0.006636169369178508 -0.9961739843148872 0.0865117289795504 -0.012373913009509479 1.8972126189481766
-0.001787148276831526 0.08998300818913024 0.9959416972585636 0.5444635839803366 0.08475405191681488 0.9923734044953787 -0.08950852883349161 -0.008111687664783464 -0.9964002994704056 0.0842501293025044 -0.009399942967511532 1.897243642362696
0.0015300488750536166 0.09473376954137548 0.9955014675322775 0.5744576624729387 0.0924524439628401 0.9912255849875116 -0.09446896459402122 -0.010435860427546283 -0.9957159256312684 0.09218108577495526 -0.007241744928679571 1.8972677498550705
0.004691304931855458 0.10059532415177788 0.9949163645336383 0.5985114259300056 0.09376439070157422 0.9904997287650903 -0.10059088603172625 -0.011982261098108682 -0.9955833620015933 0.0937596292392599 -0.00478552301396311 1.8980815493995722
0.007125042117586148 0.10235885760630144 0.994722020488313 0.6321313218324883 0.08786629794594704 0.9908355830613435 -0.10258830842140033 -0.013962319283256992 -0.9961067952082714 0.08813348744389261 -0.0019341486189284388 1.898700905493656
0.010200053996959767 0.09991341513258062 0.9949438518705466 0.6603687602165924 0.08314951406175362 0.9914649189918192 -0.10041649625356919 -0.015853671791098988 -0.99648488057258 0.08375335148573496 0.0018052437932820982 1.8995444610440166
0.01571592389426501 0.09706132246262111 0.9951543143743855 0.6897538796522038 0.08665038500435036 0.9914006427725538 -0.09806363387499693 -0.01808916213208 -0.9961148129180399 0.0877716650860547 0.00717037609011983 1.8995938331340274
0.019312050586647575 0.0991158554400653 0.9948884821438629 0.7220727369417591 0.09052430698616057 0.9908136621286979 -0.10046709303945255 -0.020258410888144826 -0.9957069822728012 0.09200181595765701 0.010162249439917063 1.9002432204126256
0.006946299644226763 0.10519493240035123 0.9944273604032295 0.7291875281299399 0.08988607381337964 0.9903599879709994 -0.10539254224328196 -0.021125108026230466 -0.9959278300437551 0.09011725929793712 -0.002576222226433574 1.9204166946791432
0.010692819552488122 0.10709279341241595 0.9941915294394436 0.7629529610903267 0.08549296400108328 0.9905098744806973 -0.10761571289801167 -0.023469392931771877 -0.996281394344149 0.08614709603557859 0.0014356630207951351 1.920856953518486
0.013875497928051489 0.10687355650079178 0.9941757960633103 0.7883507631147431 0.08421937597614204 0.9906135067814559 -0.10766604335788671 -0.025705621896881078 -0.9963506246635415 0.08522278511656999 0.00474443142399681 1.9216807570928973
0.016785911747230306 0.10394723662229845 0.9944411521882016 0.8128623176428069 0.08843430576935216 0.9905290755483852 -0.10503106234042829 -0.02795679671377435 -0.9959405638540386 0.08970575506540233 0.0074344319378837785 1.9222144189387211
0.020365134012775843 0.10477246074210696 0.9942876810997313 0.8345332546560346 0.09227063417965792 0.9900526605622885 -0.10621609756351819 -0.02981373630298606 -0.9955256859492468 0.09390665995328858 0.010495133714817249 1.922674914216805
0.023149646123953777 0.10568463588263605 0.9941301985266752 0.863537357502318 0.09472006044158475 0.9896915610806243 -0.10741845314350959 -0.032331467287100984 -0.9952347482047998 0.09665077166870596 0.01290055431232818 1.9240638519428386
0.02597570370016371 0.1068109666812398 0.9939399781746866 0.8955812945018109 0.09425827324651324 0.9895840459817907 -0.10880622161852606 -0.03448052441219343 -0.9952088427771633 0.09651338422692006 0.015637324681666148 1.9240717606324627
0.029521194296888778 0.10615167688523401 0.9939116261427543 0.9241345492349962 0.09465727567055002 0.9895795262146818 -0.10850051363638978 -0.036822526877041704 -0.9950721075630188 0.09728403153233112 0.01916554092378849 1.925173058793123
0.03310829756281703 0.10601067197042807 0.9938136535894777 0.9552414401559761 0.09549696441008897 0.989473749322776 -0.10872915519580575 -0.039310704629390285 -0.9948789727504255 0.0985060243310698 0.022636093954923615 1.9264192463024765
0.03585237765788754 0.10787996639378299 0.9935172468896291 0.9897346762707008 0.09348132083312138 0.9894353724071109 -0.11081013710353468 -0.04134846602636238 -0.9949753010359416 0.0968481113934857 0.025388848889687277 1.927732711761917
0.013821568082933713 0.10910518639832464 0.9939341137906029 1.0080768585340545 0.09366216390144007 0.9895172444016068 -0.10992280057002819 -0.04693720929773766 -0.9955080930404435 0.09461332534503201 0.0034576521117957054 1.9563557681996404
0.016412397571501914 0.10980528984446275 0.9938176047586015 1.039541686702446 0.09471574068731833 0.9893110869684455 -0.11087155481625227 -0.04950103516037455 -0.995369058024208 0.09594983857982113 0.005836677522215844 1.9569779869184805
0.018860954288165886 0.11001944243172712 0.9937504650013236 1.0689832853705092 0.09067860097625828 0.9896428043426646 -0.11128571848077698 -0.05188380940948254 -0.9957015896986005 0.09221085673501661 0.008689198574421048 1.9583057840322295
0.020830682445238495 0.11092791507578109 0.9936101249110746 1.0914837430654807 0.08819230837673567 0.9897477332541295 -0.11234563303263372 -0.05365200692313346 -0.9958856357092619 0.0899690067482156 0.01083413183835849 1.9592749694932874
0.024372448360888796 0.11153286064162898 0.9934618285359464 1.1195760364198253 0.08443188803630458 0.9899768084600467 -0.11321296301172006 -0.05600767181561104 -0.9961311359673048 0.08663913497007508 0.014711228640605917 1.96001510690849
0.027676124093116008 0.11386393810346426 0.9931107872512253 1.1304085910646517 0.08213324213526234 0.9898730960671315 -0.11578162297545383 -0.05733790230135003 -0.9962370012660264 0.08477179532161608 0.018043836244463023 1.9623379920877508
0.029835871213259976 0.11750947303775874 0.9926234656380682 1.1527384151258737 0.08166698656946263 0.9894588634264835 -0.11958955176537216 -0.059519972935271406 -0.9962129913294653 0.08463262570172056 0.01992472266365039 1.9599114277226883
0.030905697977152896 0.11970152368128945 0.9923287676274017 1.1690437889878869 0.08296356566068108 0.9890699251767543 -0.12189228804039842 -0.0611537736990986 -0.9960732325514041 0.08609429910995893 0.020637031166180608 1.9587920250750859
0.03375723457456391 0.12212211886880665 0.9919408435974729 1.181722760203216 0.07557062276529165 0.9893532523923708 -0.1243753309764911 -0.06286389465185406 -0.9965688787478447 0.07916015452005308 0.024168985241783143 1.9622444579701621
0.03618186482451556 0.12219142738084723 0.9918468267491946 1.2057412575799473 0.0713006397375355 0.9896517023074963 -0.12452199361117093 -0.0651030374410109 -0.9967984206602813 0.07522475120938155 0.027095117173543348 1.9636816775103778
0.03936197177784783 0.12408342884154065 0.991490765395564 1.2408736752572205 0.07140523559960313 0.9893736638248971 -0.12665324969645456 -0.06755084871260934 -0.9966704207042153 0.07578295333802652 0.030083491762783514 1.965889253778484
0.04230464965966756 0.12530819375406202 0.9912155029030075 1.2762564771294311 0.07092875952752158 0.9892237862723836 -0.12808361231954676 -0.07135346883757542 -0.9965838789028507 0.0757242183916828 0.03296081097165191 1.9682414015362752
0.04598835390170346 0.1263521270849561 0.9909188722022169 1.293959078754168 0.0685694278568413 0.9892294123950223 -0.12931899789277568 -0.07430651579521427 -0.996585824135979 0.07389390796076005 0.03682913924448496 1.9724563378266065
0.048964658120307154 0.12507353875094945 0.9909384805120195 1.3172453942402431 0.06597987757744947 0.9895563877678029 -0.12815931953162743 -0.07693590835314174 -0.9966188428933189 0.07165727689676545 0.04020095344285127 1.9771277014822812
0.052949278735598015 0.12530133503281823 0.9907047740474291 1.3438071839967025 0.0656078995681393 0.9895164699980198 -0.12865752646822495 -0.08051169288169442 -0.9964396506540819 0.07181038254777952 0.044173425978803985 1.9823512719643934
0.05930296388706379 0.1291247753524987 0.9898534996979961 1.3500797649098797 0.06634923780914008 0.9888960760579141 -0.1329749201895373 -0.08197232795237494 -0.9960325984205274 0.07356183213755829 0.0500771378596077 1.9845614287696969
0.06528974263750134 0.1381864692792753 0.9882518652724372 1.3632851083273336 0.06584858033841817 0.9876096459593515 -0.14244701357159625 -0.08415903997175045 -0.9956913246452113 0.07437531120055517 0.05538139678698198 1.9878598849013736
0.07239352629829814 0.14261367721615809 0.9871274063771996 1.3792256506577958 0.06744965714965812 0.9867584499183015 -0.14750696683625494 -0.08776592656829844 -0.9950928203441541 0.07725995460601602 0.0618156801611485 1.9933374677365316
0.079709860649027 0.14571735060359428 0.9861099288864181 1.390132097171016 0.0631839927775551 0.9865297670375204 -0.15088671845324675 -0.08966043560468316 -0.9948136112719758 0.07433352192633134 0.06942914622857684 1.9968120685723265
0.0860541969100316 0.14424501491112787 0.9857931075369986 1.4081315346499481 0.059294002698543596 0.9869681653860712 -0.1495929869962005 -0.09280105155691862 -0.994524457435887 0.07132472353783462 0.07637988854467469 2.001538054042501
0.09191420021351558 0.14313292399493707 0.9854261747425648 1.4270641706818217 0.057544696524289174 0.9871979353154775 -0.1487576700906322 -0.09565769652941412 -0.9941028053984298 0.07037899244465783 0.0825009680030343 2.007613901572143
0.09748071657256824 0.13937740456010597 0.9854295758675915 1.45091499525334 0.05878556988852493 0.9876101025792771 -0.14550100362622462 -0.09884032606057735 -0.9934997567535538 0.07211258129789537 0.0880795603370873 2.008509067994627
0.1015701726615651 0.13341682133468982 0.9858414942628665 1.4867872589244853 0.0588691886475558 0.9884237781986215 -0.139831517618699 -0.10357139756105531 -0.9930850510673637 0.07223840029040804 0.0925402337905225 2.01127149363748
0.10684136646265434 0.12652784551932356 0.9861924896898299 1.527688892706631 0.055517907325231826 0.9895632470229236 -0.13297496797398634 -0.10899873081452055 -0.9927248784928329 0.06895857053110685 0.09870172831154833 2.0161309389046083
0.11325082537447399 0.12499737958061385 0.9856723114960544 1.5479907810011821 0.05212873188503147 0.9899408799608405 -0.13152813195063065 -0.11147392003950787 -0.9921979872303959 0.06627751715584752 0.10559566684100954 2.022002766771024
