1.0 0.0 0.0 0.0 0.0 1.0 0.0 0.0 0.0 0.0 1.0 0.0
0.9999995899345241 -0.0007672425652463057 -0.00048111290730948976 0.00029575538568441835 0.0007641784400172584 0.9999796290677626 -0.006336993041795123 0.0016540699001893495 0.00048596511738838887 0.0063366227871020754 0.9999798053208668 -0.0021190493387028813
0.9999981219104883 -0.0018899904914824136 -0.00042908208791933605 0.0003772755265733594 0.0018843120513599098 0.9999154082087106 -0.012869568559220947 0.0036047719100429695 0.00045336915330330843 0.012868735864469925 0.9999170916099301 -0.004150732858360089
0.9999943489759535 -0.0033411548177950624 -0.0003724253513077932 0.000564128000400304 0.0033350822695831415 0.9998779773902884 -0.01526130912342408 0.004340106289011601 0.0004233703034980906 0.015259980812213352 0.9998834700819876 -0.005854198826368943
0.9999906775272772 -0.004309830682478836 -0.0002649868403860955 0.0006044657825093554 0.004304237852490707 0.9998221010668897 -0.018364088724986658 0.004930961065823822 0.00034408581255261075 0.01836277695988164 0.9998313307889862 -0.007518071047149428
0.999984115414663 -0.005633941171661138 -0.00016620838777967907 0.000683875618983035 0.0056287165668184955 0.9997264711014644 -0.022700231911219126 0.006097035891883499 0.00029405469615331997 0.02269893578754233 0.9997423027190299 -0.009355544379461253
0.9999796829882377 -0.006373937140786567 -8.08459572026166e-05 0.0007855579296315099 0.006369538106215408 0.999626584100368 -0.026572943836600412 0.007307592849750563 0.0002501900416969341 0.0265718890023828 0.9996468737108057 -0.01106417646866946
0.9999758545191829 -0.006945332773172836 -0.00022963296732194814 0.0008825801032739457 0.0069341507496661365 0.9994440840571037 -0.03261043386154042 0.008993653071016447 0.0004559956257403602 0.03260805415732269 0.9994681119835999 -0.013130379576688726
0.9999649156745286 -0.008376265911349427 7.476239365294664e-05 0.0009038690381409595 0.008373535927350314 0.999318013481438 -0.03596375713945965 0.009870692274438585 0.00022653058626291806 0.035963121400888275 0.9993530920465487 -0.014862097798734094
0.9999613553026454 -0.00878685481140069 0.00028121845662416693 0.0008401605808864244 0.008791023366759647 0.9991347303060536 -0.040651059081094565 0.011286057751899843 7.621982725897818e-05 0.04065196033124259 0.9991733644927511 -0.016891058459236264
0.9999515095391545 -0.00984620671993389 0.00017545254425477725 0.0009783411377753675 0.009843919921031096 0.9989037931319817 -0.04576362427876027 0.012845238631888939 0.000275337892931308 0.04576313232032462 0.9989522810971885 -0.01880093924702962
0.9999410377043924 -0.010855263894188978 0.00029044870649982865 0.0010581839857863827 0.010856510382104674 0.9987508402232264 -0.048773920651540584 0.013406943155172697 0.00023936789016822563 0.04877419808861078 0.9988098018661135 -0.020517988159373127
0.9999346172974857 -0.011426191101748034 0.00045087363851706357 0.0010487557762687552 0.011433768613461471 0.9984442965577012 -0.054573396510490105 0.015178135273126893 0.00017339384475471826 0.054574983539197576 0.9985096599964719 -0.02252057282810261
0.9999289015491575 -0.011902845569482961 0.0007170174649144583 0.0009827242272870415 0.011924422240611215 0.9981147255229021 -0.060206335618184635 0.016915833732974825 9.6102497945574e-07 0.060210605059996807 0.9981856956685887 -0.0243953686117845
0.9999134017769746 -0.013129863401015785 0.0008919831107367496 0.0010627060298513842 0.013160007477167364 0.997893935641264 -0.06351777242307682 0.017810206631070878 -5.6124861446841635e-05 0.06352401040126125 0.9979803089002003 -0.02617037099953221
0.9998981614958252 -0.014244352937065524 0.0008746694652066745 0.0011548267547890315 0.014270771547658379 0.9975248294757925 -0.06885172226404934 0.019370374506910003 0.00010824372312594522 0.0688571927157618 0.9976265209458898 -0.028092373173752173
0.9998824963131562 -0.015307758387120795 0.000816149332798068 0.001260246047517155 0.015326112124550498 0.9971244847160513 -0.0742150407053383 0.021077374324107112 0.0003222634288900009 0.074218828560621 0.9972419273342706 -0.029944419265133915
0.9998657609064168 -0.016351683770737625 0.0010404830103121327 0.0012924664409815897 0.0163831106409323 0.9968481704117975 -0.07762292723402668 0.02195563639871989 0.0002320619743155373 0.07762955355091145 0.9969822458613421 -0.031556438472724
0.9998453176582541 -0.01753760562141004 0.001331595258906276 0.001334258590287314 0.017587836966939847 0.9965589311658495 -0.08099978212565882 0.022979749179039236 9.352908637876028e-05 0.0810106727699983 0.9967132296451481 -0.03325949366040121
0.999836794460621 -0.018005976425037554 0.001472839329842327 0.001279264700262516 0.01806593453576533 0.996136314999031 -0.08594221284968817 0.024380849198264776 8.032471587222982e-05 0.08595479482339924 0.996299034825793 -0.03527784888558112
0.9998279822859436 -0.018460541560213276 0.0017928310916165318 0.0011859184873881303 0.018547215558099996 0.9955608974771907 -0.09227404949091816 0.026320625017520367 -8.144360503853594e-05 0.09229142874457347 0.9957320350110386 -0.03729433160930331
0.9998104464069026 -0.019408259892999356 0.00154619001296287 0.0013169181256399002 0.019466040030677277 0.9949119205781137 -0.09885010661144365 0.028285226802560983 0.0003801856841899526 0.09886146741524476 0.995101133412755 -0.039333793996984084
0.9998024587172731 -0.01982352721452441 0.0014392052218757932 0.0014263656747143401 0.019865871454217057 0.9944075113148672 -0.10372583377315901 0.029764326277154148 0.0006250554056945361 0.10373393470483755 0.9946048864229412 -0.04112977779508639
0.999784488022149 -0.020699710348526003 0.0015809812702237357 0.0014836334390734166 0.020749468439199243 0.9939502774579579 -0.10785316639180877 0.031015972151622932 0.0006611125322870665 0.10786272726357161 0.9941655772543543 -0.04281242412155194
0.9997721137648786 -0.02126875793263463 0.0018331595975291182 0.001439949877971951 0.021339425816448154 0.9933192935750595 -0.11340815630883479 0.03270390620502865 0.0005911378276910005 0.11342143072430265 0.9935467928630842 -0.04458989072296838
0.9997576249553229 -0.0219159968752531 0.00209294640539112 0.0013566446785707635 0.022009191991807325 0.9926226364327193 -0.1192304370084479 0.03442643827681286 0.0005355479060804631 0.11924760258521591 0.9928644028597853 -0.04638874835735078
0.9997432634367953 -0.022568255958607668 0.002020157353638818 0.0014454276919074866 0.022643452625579815 0.991853268302302 -0.12535696315416522 0.03643855959398296 0.0008253883569653342 0.12537052277560454 0.9921096465376351 -0.04819590687350817
0.999714961630932 -0.023780670318438092 0.0021154693261870375 0.0015849707902428837 0.023855174298029518 0.9914016617852364 -0.1286610884015926 0.03738498858702419 0.0009623671206521391 0.1286748799442904 0.9916863663078399 -0.049968248234565305
0.9996970295740282 -0.024533079228745786 0.0019942628765290955 0.0017470876212639284 0.024578572993674178 0.9906306582881059 -0.1343383512228299 0.03920090297222588 0.0013201554678331914 0.13434666681101484 0.9909335145741669 -0.0517736704028806
0.9996795163931759 -0.02522265334189594 0.0021638535765185485 0.0017007324815754823 0.025275699416703327 0.9896835301044012 -0.14102357696175208 0.041267925457603244 0.00141545854850252 0.1410330741297419 0.9900038729614203 -0.05367903119865157
0.9996673833137367 -0.025672669632045862 0.002456984458721726 0.0015877388484137245 0.025756021580238368 0.988923533395708 -0.1461741168897773 0.04289355609714207 0.0013229100592498442 0.14618877908414105 0.9892558267601275 -0.055511998624454946
0.9996420790779633 -0.0266209367867099 0.0026531983123844697 0.0015751769098343276 0.026718516628800155 0.9884170623044343 -0.1493915386313054 0.043799824875340475 0.0013544762247351162 0.1494089577972829 0.9887745591003475 -0.05712113817391903
0.9996452228950446 -0.02651911959619591 0.0024828690982775297 0.0017661468997340998 0.02658714993532932 0.9879101244340621 -0.15273084003891366 0.044639048805880516 0.0015974358931865218 0.1527426670466329 0.9882647043490165 -0.0587112883535673
0.9996147667406261 -0.02763974846601813 0.0025223835590771353 0.0018408904795200593 0.027693936937114343 0.9872963157886623 -0.15645776007298898 0.045270307980638816 0.001834113139091243 0.15646734207133794 0.9876814298619391 -0.06051936635952792
0.9995957203096567 -0.028291952968445545 0.002821583925758092 0.0017217065826535284 0.028372548046420167 0.986140250564453 -0.16346988938037368 0.04791135223974941 0.001842404942570781 0.16348385734961504 0.9865442888842442 -0.06260400861571241
0.9995696083471808 -0.029179038455910942 0.003030145780745859 0.001750074938510309 0.029277130767913304 0.9856918411156134 -0.16599531310284363 0.0485125913985893 0.0018567936510567313 0.16601258407994568 0.9861218860995009 -0.06412794175938516
0.9995597065222948 -0.029482285975503265 0.0033448334372560844 0.0016670083068642133 0.02961478222171272 0.9843306463934686 -0.17382791273146295 0.051422781543443936 0.0018324221743010155 0.1738504339490563 0.9847703635085191 -0.06620650328254622
0.9995304841453084 -0.030388029376342714 0.003921598509316816 0.0015154834713515274 0.030601795210735635 0.9836811636199781 -0.1772988958485827 0.052408434084865674 0.0015301614705446685 0.17733565916044325 0.9841492379695297 -0.06784359748240344
0.9995109250486843 -0.03104134330548336 0.00378757364481868 0.0015750336423308385 0.03119584195932051 0.981326484379271 -0.18980292542600607 0.056927233120550334 0.0021748914393361625 0.18982825411832677 0.9818149030166612 -0.06994150817230949
0.9994698429890273 -0.03229794404536414 0.004108012406533086 0.0015109401804098436 0.03248132894095294 0.980480498003025 -0.19391481713878966 0.058044999512227226 0.0022352238633554385 0.19394544554122212 0.9810097695375405 -0.07162490504789389
0.9994416127446103 -0.033167989543846324 0.0040431651057445065 0.001681358957663131 0.03330497156160236 0.9791297751430861 -0.20048855901903992 0.06045737560403394 0.0026910190883502956 0.20051126626169788 0.9796877005037868 -0.07323818124457047
0.9993865202369666 -0.03478934932484944 0.004035386251806239 0.0018343972812948236 0.03488273560150372 0.9784780163447657 -0.2033813321988243 0.06166843156136997 0.00312696747716577 0.2033973271790132 0.979091287557412 -0.07466216190107049
0.9993510935962037 -0.03580599854148344 0.003914357740367696 0.001925211324558172 0.03583327694114216 0.9772699172357872 -0.2089485226787154 0.06368205124681801 0.0036562264333187206 0.20895319890924263 0.9779188067901464 -0.07643623899051082
0.9993301965639165 -0.03640167689445812 0.0037518201976672713 0.0020488559474228655 0.036350841242386876 0.9756334983077584 -0.21637442852780991 0.06584660793602545 0.004215990571020456 0.2163658820124768 0.9763032472159808 -0.07844919124493659
0.9992879994769229 -0.037508053638106595 0.00407921728894161 0.0019888651245197142 0.03747689110807068 0.9743028690660703 -0.22210223313262195 0.06807728741095267 0.00435622936532183 0.22209697260859876 0.975014850155531 -0.08003222504140943
0.9992528845598289 -0.03843317574879204 0.004069852666140997 0.0021302992092074747 0.03835312735873037 0.9731289786587406 -0.22704411138895775 0.06970773269387266 0.004765534667446725 0.22703057480537492 0.9738759714578006 -0.08154759298684898
0.9992179753865488 -0.03932300029991998 0.004139965195424051 0.0022330947913109605 0.039208620752696446 0.9718556705110296 -0.23229128213135453 0.07160915053111222 0.005110941506028808 0.23227194695651443 0.9726374560615855 -0.08311662863223129
0.9991585760821289 -0.04077339701227113 0.004435080338922939 0.0022453740237469745 0.04067460289100408 0.9712017402903154 -0.23476106222438634 0.07250853704798559 0.005264648249608011 0.23474392378322131 0.9720429896489484 -0.08473554167643084
0.9991336713404245 -0.041393598615527 0.0042984633837601935 0.0024517979389006334 0.04121544948446354 0.9699209484001492 -0.2399054825933522 0.07411944106768359 0.0057613815702934525 0.23987480869864647 0.9707867338577459 -0.08644272711427536
0.999087922735443 -0.04242595163168911 0.004833350010411142 0.002253409673915035 0.0423157829298316 0.9685680909138082 -0.24512288301710425 0.0762014821168861 0.00571814298640162 0.2451038389983462 0.9694799693387484 -0.08801135440868418
0.9990731856093966 -0.04275494820626333 0.004978373245528246 0.002188416711045566 0.042623564710239065 0.966557439959038 -0.2528832675192717 0.07901451762569811 0.006000127305658666 0.25286108768197463 0.9674839889158917 -0.08970570420646962
0.9990350483150728 -0.0435880056749191 0.005390547224834903 0.0021046281132664833 0.04350764963537963 0.9653912951611205 -0.25715118442336593 0.08031085201285404 0.006004719918947199 0.25713757599467674 0.9663561508834503 -0.09127137469138086
0.9990028974233399 -0.044330571354009606 0.005292578124013482 0.0021750284793343963 0.0441559670567897 0.9635788755151924 -0.2637536752998104 0.08272045262993873 0.00659253464544721 0.2637243847358549 0.9645755477839175 -0.09298254068375357
0.9989482280028166 -0.04551814867646638 0.005525930790372394 0.0022107486216049097 0.04534719070107668 0.9629022057799858 -0.2660131094505666 0.08345948480210662 0.006787493318822798 0.2659839097485148 0.963953572372312 -0.09448813630387745
0.9989187277805226 -0.04615527541497842 0.005573673896987633 0.002261579725693011 0.04592772030096336 0.961107734350482 -0.272328051216985 0.08577925260064202 0.007212475116001983 0.2722895765964093 0.9621883218370771 -0.0961423742913103
0.9988698084938537 -0.04720082363019049 0.0055846153031490426 0.0023369553322005075 0.04692486274557291 0.9606304822319653 -0.2738377875003597 0.0860666168271153 0.007560617419341851 0.27379035566545196 0.9617596779907261 -0.09777759417204387
0.9988491082197432 -0.04761961170180675 0.005729885687635211 0.0023080441409564067 0.047319944821091725 0.958899471785246 -0.27977245366923864 0.08824104786194209 0.007828271249327494 0.2797216037265385 0.9600492396632069 -0.099662662923081
0.9987992646835966 -0.04853235353649179 0.0066812818916762075 0.002018111910175431 0.04843081081466652 0.9576224695890676 -0.2839254520150855 0.08991300574883311 0.007381424750076547 0.28390811259692045 0.9588230797025666 -0.10103268716103338
0.9988021526542366 -0.048490073889557506 0.00655534800363598 0.0021272874195883053 0.048308313753790424 0.955890833724722 -0.28972231675057836 0.09196152194811448 0.007782459478137908 0.2896919514505752 0.9570882961301063 -0.10269244536935442
0.9987557317071574 -0.04932439877565371 0.007354730961844554 0.0018968978639645586 0.0493206165167959 0.9551329362782754 -0.29204203605447676 0.09270700067215719 0.007380052066481356 0.2920413972741904 0.9563772044071501 -0.10406812724425246
0.998720111083699 -0.049964694020304706 0.007852965581303177 0.0017762920519491432 0.05006118055620468 0.954385673834479 -0.29434990025618785 0.0929333931570155 0.007212344853296479 0.29436629380920293 0.9556654577574479 -0.10575486747994771
0.9986951880029128 -0.0504337278337605 0.008022503139068906 0.0018408377525798926 0.05053169860542356 0.9532373348201314 -0.2979683388232124 0.09454186705528772 0.007380304592415281 0.29798493687064836 0.9545420412440303 -0.10711712062763304
0.9986391686054293 -0.051415621462630734 0.008731826651281149 0.0015910615261685989 0.05166007387996794 0.9523211191215076 -0.3006920731277719 0.09551946525653433 0.0071447668802279325 0.3007339687244735 0.9536813054482383 -0.10895926983455949
0.9985826442105119 -0.0524753664273949 0.008890365563490807 0.0017456547760644064 0.05269957176485589 0.9514952634723581 -0.30311634519680797 0.09609827146678833 0.007447000560135724 0.30315523994808397 0.9529120854909324 -0.1106241455038608
0.9985343089309465 -0.053242485571096905 0.009719651125841795 0.0014622313059214813 0.0536687124699931 0.9508619986576283 -0.3049280715359533 0.0968822140294872 0.006993081553202394 0.305002782346381 0.9523257843675963 -0.11208326594420234
0.9985096104023085 -0.05368245800744459 0.009836240974508019 0.0014531751229220338 0.05409548708598248 0.9496406166855077 -0.3086363190198146 0.09739438323854926 0.007227462290454202 0.30870842690708894 0.9511292609027397 -0.11407729481084757
0.998505369696121 -0.05380695357919629 0.009583237163835398 0.0013996704386788894 0.05413361654737502 0.9495488647410205 -0.3089118078490084 0.09819873492280384 0.007521851335533122 0.30896887418568103 0.9510424052254033 -0.11533849500400234
0.99847380087873 -0.054712442050697814 0.007524469657788155 0.0022827378224361456 0.05434907367509602 0.9492287018876084 -0.3098564985657502 0.10025273413256756 0.009810563156155574 0.3097925438057166 0.9507535604208608 -0.11687588727105742
0.998429233976684 -0.055687911128901486 0.006158026861848575 0.002871114169682757 0.054899012501779955 0.9504472375875427 -0.3060002401772598 0.10011052681781063 0.011187634560579675 0.30585765499053785 0.9520115186890489 -0.11842249384876279
0.998423276258116 -0.05593831322238996 0.004676167217198234 0.0037256124836076566 0.05464348053738147 0.9494780763240941 -0.3090395971629856 0.1023862616331125 0.012847235530268909 0.3088078491452791 0.951037675828617 -0.11973475810187867
0.9983560887242316 -0.057255818285652016 0.002625143747328491 0.0045969256973491576 0.05530983153077639 0.9503896514246641 -0.30610510123312934 0.10428637749331636 0.015031388601551775 0.3057470878640509 0.9519941048238495 -0.1209821791153442
0.9984212971589861 -0.05611061788502869 -0.002551850294854196 0.006687300521613509 0.05283169026102003 0.9535623808180363 -0.29652588148895825 0.10713573659897838 0.019071598871900377 0.2959229366730475 0.955021407962811 -0.12177441513135193
0.9987624412486583 -0.04907869630263343 -0.008054037512572353 0.009202573160366578 0.04498523986245798 0.9605165562994715 -0.27456196617361806 0.1040329374395523 0.021211179729971455 0.27385986680023017 0.9615356775547249 -0.12395388861814376
0.998987682089498 -0.044662597404904976 -0.005372469311128727 0.009131272481524835 0.04156440154117872 0.9621059190840103 -0.2694895192545287 0.10828855060457233 0.01720498642764036 0.2689934067157794 0.9629883361627309 -0.12357937989126597
0.9997709233957696 -0.021306921856087565 -0.0020287467532814902 0.009225184582413467 0.02011845397671625 0.9678703452875732 -0.25064365645773434 0.10425315474220155 0.007304008622468037 0.25054542461185425 0.9680772911622857 -0.1255980774773572
0.999886081116747 -0.015033870423023274 0.0013444437876258893 0.009179671923365358 0.014905591062338318 0.9694643684524913 -0.24477880148431394 0.10595977502503134 0.0023765824363269268 0.24477095628590895 0.9695780168788922 -0.1266577836740645
0.9999296740095741 -0.011294908514633707 0.00361553270668651 0.009629801440679384 0.011837718940091951 0.9690378750427605 -0.24662819210890963 0.10658357142989806 -0.000717945264236053 0.2466536473970325 0.9691034324468871 -0.12814455258320234
0.999978008393629 -0.0035312090273083812 0.0056136700933159586 0.01013856840652355 0.00480955970759065 0.9689427572740835 -0.24723834909155604 0.10608214158771896 -0.004566274688436291 0.247259911204595 0.9689384322270254 -0.1302330228339139
0.9999498829287853 0.005001649879529808 0.008672665633528812 0.010165918190675605 -0.002674424682360362 0.968233043248961 -0.25003524034319013 0.1032471493589836 -0.009647750169173578 0.24999951491821104 0.9681978947804691 -0.13327614441454827
0.9998106859694045 0.014782107511353507 0.012652332548236295 0.009943671971177598 -0.010896639862486079 0.9641001706329755 -0.26531514134172096 0.09975882621274743 -0.016120032912363632 0.2651270455517365 0.964078728245734 -0.13649451217264244
0.9993416161858987 0.032394462617545874 0.01633808283354033 0.008768940837368264 -0.026962064493561536 0.9644124441683113 -0.2630241141255903 0.08881429668527369 -0.024277175231073787 0.26241043486307186 0.9646509122152807 -0.1454777157404494
0.9993435781266513 0.03315742003353872 0.01459446311927359 0.010107596926706201 -0.02842104948659283 0.9673849068003035 -0.2517115135250092 0.07428838106408792 -0.02246456772566569 0.25113149462321366 0.9676922628631531 -0.15407364297646775
0.999896886048127 0.008429902101536614 0.01162557619286157 0.010911647423304919 -0.005517870001809856 0.972956154033869 -0.23092396029487236 0.056314502796264265 -0.013257842279219419 0.23083600039461458 0.9729023437837513 -0.16156290877828616
0.9997711403651323 -0.0174643254409833 0.012355736719953625 0.009210912816685821 0.019654590485992437 0.9779020796405155 -0.20813750192501437 0.03896029574434465 -0.008447719563841835 0.20833271459770394 0.9780215314922889 -0.1711080156383273
0.9996341656731751 -0.02703675135302672 0.0007408745968973426 0.01277430489055641 0.026684298680385257 0.9813922825169005 -0.190150298501492 0.023380715830385396 0.004413957728580498 0.19010050471407144 0.9817547122803257 -0.1770373839719683
0.9992904454600915 -0.03683918861159424 -0.00784090521622663 0.014935454248000562 0.034702812089156716 0.981460046115605 -0.18849905228372274 0.01590372138846525 0.014639687335292417 0.18809320046507777 0.9820420701240494 -0.18071455206214682
0.9987610517852656 -0.0463356587256751 -0.018148503168205363 0.017599168973865167 0.0422557080181073 0.9822978254071616 -0.18249777352135788 0.009293627647013507 0.026283389748603985 0.18150479037981826 0.983038755335974 -0.18506636872376186
0.9981329767240397 -0.05455359561054837 -0.027467544156098596 0.019950273804836893 0.04895971202891492 0.98349289170343 -0.17419724041118956 0.0036007055727208066 0.03651722023993824 0.1725272070567087 0.9843276159141118 -0.1890624128896095
0.9977705745873365 -0.06045212415620322 -0.0282740370774646 0.019361985131206988 0.05488227032227229 0.9842998892559828 -0.16775477464124727 -8.529840924595107e-05 0.03797126402857615 0.16582903453757808 0.9854232158886895 -0.1898698869980528
0.9964648533287715 -0.07077236242964129 -0.045266641101321024 0.024647054037895227 0.06206544198874687 0.9832995985735191 -0.17108413239076345 -0.0029990542734987225 0.056618698247219976 0.16766983080234174 0.9842160082255846 -0.19425039812542985
0.9953733234837299 -0.07958045569809756 -0.05384141498731223 0.02717814315840986 0.07004136241430557 0.9845673590436691 -0.16037868641725855 -0.01541488358439236 0.06577350871057953 0.15586554005507516 0.985586007903541 -0.1983292385952362
0.996420578588566 -0.08007481764231215 -0.02709343360994165 0.01868845707094776 0.07419472055149004 0.9820075546591065 -0.17365571120677475 -0.014606393526139494 0.04051140589404587 0.17102393450039233 0.9844336645099522 -0.20187752716010335
0.9954311126263362 -0.08530757535287531 -0.04288959784034146 0.024574319772596984 0.07629178017719718 0.9807095389211757 -0.17996767639332245 -0.022473184483629123 0.05741484383752086 0.17587330057865655 0.982737054277838 -0.20809688302607982
0.9943117773206752 -0.08839295415650077 -0.0594203259574116 0.030057793466341073 0.07608603185814863 0.9798867874618497 -0.18447980787549434 -0.02328003060981584 0.07453190751268234 0.17890938883464116 0.9810384423402254 -0.2125399462998923
0.9932608405421008 -0.09000164677833114 -0.07302469597873114 0.0339090788860782 0.07576619819762845 0.9810128258989183 -0.17853100188062365 -0.021998781198351674 0.08770624753274554 0.17179504940192447 0.9812207066428604 -0.21530300614125977
0.9922468596341022 -0.09019241626963755 -0.08550729555836177 0.037062307302683235 0.07488781499341338 0.9829702474652703 -0.16781331223589066 -0.02088661776409967 0.09918661558785467 0.1601087775404968 0.9821034541445793 -0.21769708135312565
0.991343263474277 -0.09094140058466418 -0.09470055767453595 0.03894352638889504 0.07505607372867501 0.9843313224768806 -0.15955699103252768 -0.018505557919622828 0.10772706141264651 0.15106789616135433 0.9826359300314522 -0.22012582267623115
0.9918084168525273 -0.08861933476934845 -0.09199281366237133 0.03695430873532593 0.07423800231527718 0.9859804919919279 -0.1494362353099 -0.017556783720468323 0.10394605943814546 0.14138275324945668 0.9844826731897742 -0.21994967935652857
0.9899279492541868 -0.09148382372908438 -0.10804334908407841 0.04156185408579159 0.07542342492049706 0.9866450150183236 -0.14437077721186303 -0.017040779653461766 0.11980802251377115 0.13476766798976964 0.983607499669425 -0.22338003610459345
0.988844254778237 -0.09188657990748071 -0.11723436452242596 0.04393762445830119 0.07546205237896454 0.9876129957243343 -0.1375719787135582 -0.01836189741365845 0.12842320056292497 0.12719051501316905 0.9835293866722328 -0.22707556595644415
0.9899451335476912 -0.0898142994232527 -0.10927956892462505 0.040251666959048374 0.0747070485545333 0.9879912848700635 -0.1352482085540322 -0.01829850736958072 0.12011448481141698 0.125724351817436 0.9847669256725534 -0.22699793154983924
0.9890519950212089 -0.09101025248078368 -0.11616060041144974 0.041810557682033046 0.07538782419475104 0.9883194688408469 -0.13244358600298778 -0.019486377128585527 0.12685750710046984 0.12223649804184206 0.9843604072892812 -0.23009075639148552
0.9881050396220342 -0.09398094926925422 -0.1217210411062361 0.04320446974747669 0.07827825014183565 0.9886901689539538 -0.12792288836849183 -0.023465653763667913 0.1323667111787111 0.1168731405766741 0.984286402823627 -0.23398330577581858
0.9886252326750539 -0.09496067526004691 -0.11663026825120995 0.0401986965535375 0.08061972412456977 0.9892424714396805 -0.12206470735636271 -0.025849340880739435 0.1269669618454797 0.11127354966060836 0.9856457719412465 -0.23432865435650926
0.9872905118385498 -0.09834254961978829 -0.12484465614455274 0.042422521339600776 0.08344619450048339 0.9893319985662287 -0.11941075846146586 -0.029820556813907363 0.1352559716129369 0.10747529738146479 0.9849644067659528 -0.23841276389092
0.9866980172003312 -0.10083722784263857 -0.1275102989328478 0.042701429358279884 0.08493328766223911 0.9885716048833437 -0.124549262002055 -0.03181932761348922 0.13861226316533365 0.11206264096202959 0.9839860796783655 -0.24179538151117583
0.9831255246186061 -0.10643159587746404 -0.14878346091674435 0.05058578480528768 0.08552652421306094 0.9863844317589685 -0.14046695853321686 -0.036036879895373714 0.16170781211623908 0.12537172002694885 0.9788424364105098 -0.24926998755776247
0.986988051094801 -0.11180966575193066 -0.11555598487540968 0.046428210458122836 0.0901562873565476 0.9798794145794627 -0.17806789922244942 -0.03398278702124642 0.13314064310407991 0.16533279023791347 0.9772096180584684 -0.2505957679479971
0.9807275309502614 -0.12376215812920202 -0.15118345892128654 0.05044877982599496 0.08994938640837594 0.9729144095568737 -0.21294755119831546 -0.03292920314884211 0.1734434141758012 0.19524466674356178 0.9652962768949419 -0.2524876770047837
0.9832099755858674 -0.12966314382157001 -0.12839631241878846 0.05037676490044488 0.09330155223722365 0.9619138372900333 -0.25693693774949905 -0.032878221481323376 0.15682144068513376 0.24064338504158334 0.9578610530641521 -0.25251572597852806
0.9807648604347264 -0.13608943588165745 -0.1399283887488954 0.056484591545498335 0.09191601230553018 0.9544129677081515 -0.28398474211191427 -0.04200898169039633 0.17219679212546146 0.2656605964608462 0.948563499334529 -0.2612517237183515
0.9739843117661521 -0.15119862664645903 -0.16880028357096463 0.06923511843578617 0.09234972340145085 0.945041801561894 -0.31363597033555857 -0.043065703965432134 0.20694465207172885 0.28988785521452254 0.9344190400339849 -0.27095439799559096
0.9719420194737368 -0.15080664286573967 -0.18051611354357625 0.07385321499777112 0.0866279671179345 0.9429855255471254 -0.321362558369247 -0.04355375541216629 0.21868769077002506 0.2967080300163416 0.9295913289341151 -0.2755987945501219
0.9699013606654434 -0.1542355544140953 -0.18842171937941762 0.07647361941671527 0.08855254881829482 0.9442475402259422 -0.3171041293881918 -0.044819147149139406 0.2268254762523444 0.29087450306246443 0.92948492553191 -0.2796156169455809
0.9680919828344775 -0.15485347869281246 -0.19702363540535475 0.07958573827687324 0.08634694095913582 0.9442049875821557 -0.317838240638194 -0.043931152805386085 0.23524905644573152 0.2906842643861499 0.9274484028126171 -0.2841353636988045
0.9657094967069547 -0.15566483730374772 -0.20778264219418244 0.08325110473495816 0.08494191059095088 0.9457100887521469 -0.31371531658107965 -0.043896451241144156 0.2453365847059031 0.285308405869167 0.9265036825319349 -0.2888495095192815
0.9629432840214026 -0.1560170343276212 -0.21999753807187927 0.08769786659415936 0.08321337956433267 0.9477706989719643 -0.30790621239539556 -0.04330587355177994 0.2565458345394764 0.2781894806958191 0.925632134063329 -0.2931556159225159
0.9631651670662255 -0.15328569608524573 -0.2209442380465024 0.08743007632412539 0.08417830070965603 0.9521986324071148 -0.2936524785041956 -0.04258229130310169 0.2553955258807847 0.2642371280075599 0.9300278842821824 -0.29577179023575323
0.9646058970638728 -0.15072074161809415 -0.21637634204249423 0.08516149448133732 0.07904175859490954 0.9480851786221115 -0.3080371641138522 -0.025998075696292377 0.25157079271613153 0.2800316984256808 0.9264417866919671 -0.30378451128040584
0.9660226582329013 -0.14864396827790408 -0.21143602927418473 0.08214610587503411 0.07594836786499053 0.9452103007645914 -0.31750485468281586 -0.007128377925148002 0.24704669437027613 0.2906586623913156 0.9243838341174131 -0.3124132910326215
0.9664205144169035 -0.14361904210955145 -0.21308439656084727 0.0821313056921499 0.07146049400566833 0.9467310584464027 -0.31399633878346583 0.011322495044798719 0.24682946969645148 0.2882253870090031 0.9252034042160014 -0.32353976086919883
0.9492084779855788 -0.1349521813936881 -0.2842378828681786 0.10388600800975692 0.051399355806931536 0.9577222468676696 -0.2830657239536006 0.011423698088747743 0.3104212807507437 0.25407874092853217 0.9160145314705647 -0.3312867417430318
0.9459816858879251 -0.11865589721258603 -0.3017274068117024 0.10579350199581501 0.03987194360524414 0.9661368210502991 -0.25493111054550194 0.011100746675853429 0.3217590372899867 0.2291297035905615 0.9186787800176518 -0.33417139375920246
0.946927552207462 -0.11304373742304363 -0.30091414772292424 0.10772358118021756 0.037578975021175715 0.9686349724161093 -0.2456300283939276 0.01608993211384951 0.3192429036121903 0.22128579629491238 0.921475211197449 -0.3475038250619705
0.9474702214745049 -0.11071828635056725 -0.30006939278547845 0.10930188691625914 0.036893801990901386 0.9697441368128574 -0.2413196148093712 0.02046599537623894 0.3177090285051853 0.217572448128619 0.9228885106130696 -0.3583275599844269
0.9483902706810899 -0.1100966699526413 -0.29737958528249286 0.11079574605339569 0.03737493765962674 0.9700664910679051 -0.2399460709037389 0.024820033145954577 0.31489523418493925 0.21644797567208152 0.9241164782185572 -0.36919255831225817
0.9549279295834485 -0.10407306010898437 -0.277995409064645 0.1061992985000288 0.0381942933663486 0.9718174966018004 -0.23261975249934366 0.02712830570821438 0.2943702519883986 0.21151726042609878 0.9319906669522625 -0.38282688169124307
0.9538044700387895 -0.10234261934176675 -0.28245888408809033 0.10861456838551725 0.04038229924993511 0.9753301146634815 -0.21702635171289586 0.026834429966973408 0.2977017011058421 0.1955943651969221 0.934407053409754 -0.388325428220824
0.9545770791799716 -0.10082366272449649 -0.2803875691592799 0.10962127987977369 0.039483664521261695 0.9755148384973809 -0.21636044025515072 0.03094522991834055 0.29533648630029735 0.19546198839223733 0.9351849929043694 -0.39920505568721115
0.9476192732165784 -0.09306442657365413 -0.30554332840858994 0.11889949431747648 0.03598536275340863 0.9816272302703783 -0.18738472312121043 0.026655352205707413 0.3173685029992554 0.1665742876263441 0.9335578396681088 -0.4042175847937332
0.9446382712776413 -0.09245565376150884 -0.3148181832822239 0.12405140479479547 0.03728288134015217 0.9835104727995846 -0.17696648454584638 0.027843731199610516 0.32598853230836866 0.15543198506443623 0.932508645977271 -0.41162542859946283
0.9427727061442037 -0.0860096817633812 -0.32215207463633644 0.12653767983683065 0.0409667331786933 0.9887171265598681 -0.14408390062690868 0.023081959988225882 0.330909883989886 0.12264085082125382 0.9356590567015521 -0.4154108593863801
0.9430186397161516 -0.08485494851678939 -0.32173822101222477 0.1284224939461044 0.04063595701151329 0.9890678760967014 -0.14175138613544222 0.02632410662683177 0.33024924548839935 0.12060005881331055 0.9361576051437966 -0.4261318400319612
0.9434749974357023 -0.08140659008246112 -0.32129098385240856 0.13048774804191604 0.03826853779500882 0.9896406169143687 -0.13837257086712978 0.0326253293717621 0.32922704662395935 0.11825572478528507 0.9368164896748837 -0.44151626282307327
0.9447269406978295 -0.07899997392053563 -0.3181980698248741 0.13028036151895103 0.03660921371184779 0.9898847392940614 -0.13706921019735843 0.04297539305537465 0.3258078774233695 0.11784399447270157 0.938062908325234 -0.45585896945401605
0.9468745869486703 -0.07561589612970857 -0.3125871923852398 0.12694066377810245 0.03353257177994904 0.9898811027976541 -0.13788027035773495 0.05631935292462058 0.31985009492043087 0.12007347157720002 0.9398288558044973 -0.47113333075920216
0.9482513109946169 -0.06411919865949 -0.3109793876774734 0.12564243447561596 0.024035078807904845 0.9910833720959543 -0.1310574856374466 0.06588367601659317 0.31660980114912673 0.11680101848090428 0.9413372168878343 -0.4864580068143218
0.9494394134737074 -0.05690607940423357 -0.30874989598304736 0.12427186025867759 0.01902031699967345 0.9920551731628062 -0.12435739198835727 0.07261688351308304 0.313373623146454 0.11219728841533146 0.9429786534107285 -0.5002426927082475
0.9510734943281125 -0.05190137195736415 -0.30457422079922997 0.12081914277041718 0.015412107321876362 0.9925319566094197 -0.12100736364773536 0.08042705850321057 0.30858009549291104 0.11039276560544892 0.9447707457195983 -0.5134640117877761
0.9557736424513397 -0.04387994572913422 -0.29081144193120784 0.1146777362591135 0.009267338112341142 0.99280956755652 -0.1193452094243729 0.08577249358582115 0.29395724321678485 0.11137195756133605 0.9493078669374565 -0.5259427850989223
0.9602117518809302 -0.03281635458113265 -0.27733820224008293 0.10985358237676761 0.0006881152136443107 0.9933471237714558 -0.11515649435628351 0.08853545552841058 0.2792721218582494 0.11038377855002647 0.9538461633753157 -0.5365584746902867
0.9601933659440884 -0.02828290866336121 -0.2779006604427254 0.10821722001848781 -0.0024879579531055978 0.9939556013929851 -0.10975460138296086 0.08947125018481529 0.2793250974441556 0.10607704528807778 0.9543192078129642 -0.5431300690171424
0.9601623747093853 -0.02622241836662609 -0.2782096313347923 0.10720507781383204 -0.0047928727179470335 0.9938956512917527 -0.11022006493579968 0.09059937638628086 0.27940157938627624 0.1071625826412739 0.9541755280440312 -0.5488327740859538
0.966285729246893 -0.024108172614016644 -0.2563409555007004 0.10018130963061547 -0.005799879574967615 0.99331592888022 -0.11528151122249079 0.09154700263475575 0.2574067808949793 0.11288162581234415 0.9596871822126455 -0.5568024813370038
0.9709791255070226 -0.022060396298702687 -0.23814465508333627 0.09476007336961646 -0.007440637900337767 0.9924684641189732 -0.12227421902004607 0.09206684851256818 0.23904847779739954 0.1204976624025141 0.9635020179627426 -0.5627189727823674
0.9724768365272886 -0.023001045806355137 -0.23186149811836076 0.09308980162630988 -0.0068921190120787455 0.9918404114691044 -0.12729924144440435 0.09196092593572944 0.23289761938113648 0.12539358065152847 0.9643832997403 -0.5664426443231513
0.9739598516006667 -0.0264137209687108 -0.2251766480223781 0.0905264620847556 -0.0034080049529501104 0.991372429287524 -0.13103088166838134 0.09157346580910491 0.22669493371544125 0.12838622119658982 0.9654669260179829 -0.5710941437035979
0.9766778187331969 -0.03159026338976163 -0.21237347681273508 0.08502054738681497 0.0027608919876031656 0.9908831871347135 -0.13469553418426675 0.09142805185462177 0.21469237496939078 0.1309678002896802 0.9678608471352104 -0.5751933535969818
0.978350436721218 -0.03869528084668771 -0.20330543083645639 0.07971957338839411 0.01078719058562834 0.9905641715725427 -0.13662451652639393 0.0903380837810539 0.206673799710247 0.13147356098089613 0.9695363032276477 -0.5790067993358907
0.97862716298581 -0.04602818409483407 -0.20042525323739938 0.07718644433396747 0.017756484391066987 0.9899025304576315 -0.14063316627185427 0.09011231158577891 0.20487455461431556 0.1340685886496504 0.969562803746657 -0.5817705938170804
0.9787454704304474 -0.052564388813937823 -0.19822787175495224 0.07401526883069116 0.024583305794345523 0.9896958280591502 -0.1410596646761004 0.08931405929670118 0.20360001274092052 0.13318841147385616 0.9699525152609119 -0.5846848734273222
0.979572347836827 -0.05917887276425223 -0.19218708690179334 0.07053555163307648 0.0320770715490216 0.989463714985876 -0.14118292463037893 0.08828964424997424 0.19851719531134976 0.1321340900173026 0.9711495793239147 -0.5887527037252056
0.9789197220154904 -0.06849230378968457 -0.19241876771951166 0.07042869158559072 0.04092476810098439 0.9887669618129863 -0.14375346459475863 0.08825825662407787 0.20010332632166575 0.13284840815266583 0.9707265110453662 -0.5889941613117676
0.9782176678885888 -0.08010157369980964 -0.19150439191157514 0.06912796804333093 0.053099822774292066 0.9884138560419463 -0.14219162424569354 0.08763273173777983 0.20067536732730124 0.1289255097919093 0.9711372765335246 -0.5915675405195825
0.9795801546965722 -0.09009143083978348 -0.1797394075150966 0.06431916173953654 0.06651808464397764 0.9888641071979372 -0.1331282160585134 0.0840889665716926 0.18973156021056262 0.11845383735812919 0.9746643645251437 -0.5963553945365101
0.9751809150505556 -0.1208287652703646 -0.18553326495374842 0.06431897927662387 0.09408484203734381 0.9846875550479797 -0.14675987677985816 0.08409122405858936 0.20042511174991778 0.12566156300504228 0.9716166662646154 -0.596354220187573
0.974462424173457 -0.12150851533249007 -0.18883501946323725 0.06405236097788528 0.09553601538160265 0.9853814358519727 -0.14105422944141008 0.07574267918570884 0.2032138126186152 0.11941150103736989 0.9718256221056383 -0.5952094952505047
0.9722163225278228 -0.1384733589248708 -0.18873407503293593 0.06402664122788806 0.10576210264454636 0.9791255088301201 -0.17357308432577226 0.07588555269535467 0.20882959525574615 0.14878967311685667 0.9665670350881529 -0.5951410044352705
0.9691171103016221 -0.15023899472310775 -0.19555119786189287 0.06712592266200411 0.10545711281948025 0.9693089992708568 -0.2220785025352711 0.07761056528916646 0.22291438687624215 0.19459781190218695 0.9552177069791329 -0.5958053377969186
0.9650415710694037 -0.16609266869853356 -0.20275105798119505 0.07176339781265262 0.10716105568147331 0.9560005078055902 -0.2730925433267716 0.07903180026614781 0.2391887837109578 0.24181863964560618 0.9403788977145455 -0.5970154419536758
0.962982005540564 -0.17352883957130447 -0.20628475184101067 0.07455280298679842 0.10612975660793404 0.947504859510608 -0.30161401818569783 0.07639388890841851 0.24779453538650123 0.2685559216267968 0.9308467033791181 -0.5980723804305764
0.9627927974367639 -0.17938360098730696 -0.20211767092640548 0.07052149626009177 0.11283368272964266 0.9464459042543012 -0.3025040666865867 0.06949383239816273 0.245557710621261 0.2684430554458118 0.9314718121002716 -0.5993810182537764
0.9595860777496942 -0.19076680660381085 -0.2068878558232449 0.07306623184216665 0.11441570188345257 0.9361346183923307 -0.33250717798261276 0.07122421389360109 0.2571062164776904 0.2953980395087758 0.9201284647824459 -0.5987619214753318
0.9571465189304686 -0.1976505724487436 -0.21167142582306106 0.07489730102516214 0.11576949713195034 0.9310923257412957 -0.3459255765037888 0.07062660698408747 0.2654580283832071 0.30659636683487834 0.9140736857663913 -0.5981962474269926
0.9543855001435488 -0.20318244360014331 -0.21878119601195226 0.07732107097714018 0.11566816106871898 0.9271277540065962 -0.3564477581156373 0.06949275810934392 0.27526204538716764 0.3148825532851218 0.9083390248172306 -0.5974219829745894
