1.0 0.0 0.0 0.0 0.0 1.0 0.0 0.0 0.0 0.0 1.0 0.0
0.9999999051065857 0.00040066781688415456 -0.00017103251219884453 -8.68584806772138e-05 -0.00040088984827233777 0.9999990744767085 -0.0013001280921657891 8.85708519427539e-05 0.0001705114344199365 0.001300196533990057 0.9999991402070424 -0.001405697807775756
0.9999995138607342 0.0006493541024828381 0.0007420360805807589 -0.00038881210585501366 -0.0006474472852016909 0.9999964954832945 -0.0025670670311444895 5.7512525325518614e-05 -0.000743700415610919 0.0025665853539465094 0.9999964297682832 -0.0026893303200176705
0.9999992337014917 0.0008598108500356162 0.0008906861015785959 -0.0005115898795254393 -0.0008554728808984145 0.9999878273514005 -0.004859353370141695 0.0004063356566928717 -0.0008948533843214437 0.004858587688621159 0.999987796607085 -0.004070576996570868
0.9999983721458479 0.0015937213653877422 0.0008460247418718092 -0.0005738884184743803 -0.0015865303966637444 0.9999631796164147 -0.008433405761034097 0.0010298766415544702 -0.0008594340898605948 0.008432049788710198 0.9999640803095909 -0.005550127548037576
0.999998142290293 0.0014219557013358996 0.001301329299760856 -0.0007013267877630074 -0.0014111026161091166 0.9999645317227747 -0.00830325754500801 0.0007118968233213096 -0.0013130900082582336 0.008301405810786549 0.9999646806043677 -0.006698462437335833
0.999995021301357 0.0016697318903684804 0.0026775675366005037 -0.001130056453843151 -0.0016388152104611178 0.9999324438829661 -0.011507473873297893 0.0013381596182620152 -0.00269660104663842 0.01150302854264731 0.9999302019026841 -0.008149035438859911
0.9999899404882765 0.001326673221871054 0.004284724077003184 -0.0015270206617314526 -0.001258615297580964 0.9998736255087718 -0.015847678046854413 0.002170082281194259 -0.0043052072872714455 0.015842125807682076 0.9998652370395259 -0.00975923121901463
0.9999889196818291 0.0011904603009671526 0.0045544832682479644 -0.0016424349413610652 -0.001088868157985911 0.9997519834048986 -0.022243786640447082 0.0035433107601769336 -0.004579834025753915 0.0222385809404069 0.9997422020891455 -0.011391372228165476
0.9999903519948585 0.001772824458419866 0.004019080820175961 -0.0015363506020565371 -0.0016880149477475645 0.9997778868938407 -0.021007795782095943 0.003088058850560767 -0.0040554312638309935 0.02100080883027357 0.9997712335858334 -0.012494109057600991
0.9999905346268976 0.0021030796099310804 0.003808899154139088 -0.0015231082319419106 -0.001997879305564064 0.999622116354146 -0.027415925553185647 0.0044560219944535205 -0.003865117707458242 0.027408056330424313 0.9996168562570842 -0.014183256113611912
0.9999906172721107 0.001815104395233562 0.003933289180570999 -0.0015095177403066438 -0.001696876579102795 0.99955277227851 -0.029855921359413944 0.004918188535552769 -0.003985721718695955 0.029848966923138594 0.9995464737549741 -0.01558853308306297
0.9999867751646455 0.001570032794674784 0.004897396536621062 -0.0017622051441426399 -0.001407565263915886 0.999454257855551 -0.03300310916318234 0.005621387243168522 -0.004946539784645307 0.0329957792972489 0.9994432501611719 -0.017011540197473092
0.9999849784663076 0.0020152860640817298 0.005097201567423134 -0.0018757996497173548 -0.0018455652363833417 0.9994508316599215 -0.03308517769709877 0.005524227275053368 -0.005161078443239872 0.03307527348897159 0.9994395377174814 -0.018169391138796682
0.9999818006969865 0.0016929160345075282 0.005790708947373291 -0.002116170622505749 -0.001499359617276909 0.9994453455832172 -0.03326789913386427 0.005349759776132229 -0.005843816864957355 0.03325861132613623 0.9994296946644653 -0.01939007524628085
0.9999854689367772 0.0020365150583319855 0.0049914448521470875 -0.001975791931073293 -0.0018597400449191048 0.9993796868004784 -0.035167925408565365 0.005644789989300741 -0.005059968602685382 0.03515813159134431 0.9993689521396719 -0.020825488120684077
0.9999831720998114 0.0025345241200664666 0.005218400586867349 -0.0021396750303954485 -0.0023138168837069147 0.999120211966367 -0.04187419601269964 0.0070834747561017665 -0.005319940660278823 0.04186141693452484 0.9991092632958646 -0.022604548478329715
0.9999790859423292 0.0027784130328997914 0.0058402139484471215 -0.0023564824388428293 -0.002522526609887706 0.9990557050629479 -0.04337435925380508 0.007241982725472813 -0.00595521094902867 0.04335872002486185 0.9990418193751243 -0.023910009017240802
0.9999807343871195 0.002711350204010317 0.005583854821698456 -0.0023156233942329594 -0.0024731449673003583 0.9991047089870965 -0.04223344686122095 0.006773138974953396 -0.005693365311422379 0.04221882352553271 0.9990921661846573 -0.025072438520860073
0.9999713175755149 0.003237706217115766 0.0068469909260960755 -0.00279313225565013 -0.002923053447238039 0.9989611590541658 -0.045475910762753535 0.007496321645927066 -0.006987115630571781 0.04545459228294747 0.9989419704144762 -0.02654374905759418
0.9999648738891818 0.0035360957039583026 0.007599145673494737 -0.0030941254213362303 -0.0031678031654498754 0.9988450872728609 -0.04794222203836256 0.007929132336913745 -0.007759897608829021 0.04791646541683917 0.9988212033847989 -0.02792636078407585
0.9999677893055595 0.0039145398413636305 0.007006905820990016 -0.002948742235101367 -0.003538882037231794 0.9985964735792938 -0.052844671149751145 0.00900904427478584 -0.00720393401416223 0.05281817237304947 0.9985781611881419 -0.02950711821000775
0.9999679994680214 0.00370202375759989 0.007091901016177445 -0.0029886270949792616 -0.0033250244127423947 0.9986178760619893 -0.05245266267880466 0.00877243206176535 -0.007276280133403171 0.052427403421683706 0.9985982290780816 -0.030668059871409657
0.9999687505717361 0.0035896840165239316 0.007043582090387467 -0.0030184466086843067 -0.0032111532590406813 0.9985874597163233 -0.05303558986235087 0.008679994338644186 -0.007224013756179108 0.053011314508905186 0.9985677814546636 -0.031918723192733936
0.9999648034359204 0.0040270381542045815 0.007360356857346462 -0.003195158281196866 -0.003624547198708036 0.9985396543877839 -0.05390195982271507 0.008858469880628087 -0.007566673441297827 0.05387338469810338 0.9985191054127125 -0.0331302558489951
0.9999611820408317 0.004298313344861301 0.007691483205082612 -0.0033152686249842724 -0.003876516489173172 0.9985313396338764 -0.0540382863244708 0.008816758619973 -0.00791246051578437 0.05400637250700804 0.9985092411676626 -0.03434027272182974
0.9999586415313148 0.004324503914159735 0.008000868249505124 -0.00344407082294847 -0.0038424643679976786 0.9982320575315875 -0.0593126865336096 0.009914922304407 -0.008243221119816435 0.0592794904005592 0.9982073889344942 -0.035837018256283444
0.9999540942207523 0.0051401149202911335 0.008086326097978169 -0.003526217219146553 -0.004622150003060234 0.9980142694469606 -0.0628184185537876 0.010638826158058255 -0.008393162723660839 0.06277815861313428 0.9979922132064153 -0.03737065480360671
0.9999544608835405 0.004425639428579534 0.008455168523337666 -0.0036192337059477715 -0.0038914037203816145 0.9980568434337421 -0.06218837714685977 0.010307401538097965 -0.008713962141003107 0.0621526426688623 0.9980286147566525 -0.038590805305590996
0.9999474175579766 0.004720684477545436 0.009103694700443957 -0.003874347436347665 -0.004137029762366399 0.9979987605045093 -0.06309801119059628 0.010385747282004346 -0.009383341829045856 0.06305703108715784 0.9979658129047273 -0.03982451973379447
0.9999425336616483 0.004954104633705965 0.009507166854706553 -0.0040445653073135236 -0.004343980980015954 0.9979942016951655 -0.0631561811074367 0.010257962492893506 -0.00980097972501701 0.0631112528009735 0.9979583711589988 -0.0409759392705971
0.9999466759761168 0.005027813467619522 0.009020326826199982 -0.0039632176238220285 -0.00443051797802066 0.9978717437179878 -0.06505654155939729 0.010503986956528445 -0.00932822141477529 0.06501310776265032 0.9978408089992509 -0.04249343378539643
0.9999469473384565 0.005582887099140692 0.008656435764349197 -0.0039345912964141696 -0.0049532324796759284 0.997454949598349 -0.07112727331873578 0.011874683687143735 -0.009031500235638375 0.07108062248879168 0.9974296852962117 -0.04406415957818369
0.9999366477111967 0.005176125145504154 0.009995413576931466 -0.004301834395575824 -0.004435053526584962 0.9973373958667945 -0.07279044652877431 0.012231356081123532 -0.010345572208058377 0.07274150489314965 0.9972971686521366 -0.04543172613229641
0.9999302256307239 0.005081405990894983 0.010664107240983059 -0.004517031192057869 -0.004275888498492877 0.9972309445858298 -0.07424392189265867 0.012459149646340555 -0.011011841246582907 0.07419314303633759 0.9971830909510802 -0.04674165593463046
0.9999173375606772 0.005894096081952259 0.01142705898056144 -0.004831829610357483 -0.0049811461211132875 0.9969143992002669 -0.07833816981837247 0.013328885375407792 -0.011853532338026085 0.07827477434364641 0.996861351178068 -0.04817356711998678
0.9999246218613 0.006061852569079072 0.010677290806611688 -0.004690729435960847 -0.005184870668930306 0.9967548799621063 -0.08032948641610152 0.013694399879183647 -0.01112958721986886 0.08026807095700586 0.9967111763560983 -0.04957452782806821
0.9999226866365343 0.006017288284591783 0.010881773351683742 -0.004788833109696547 -0.005132553918928514 0.9968152955997859 -0.07957966667800223 0.013419645516914665 -0.011325971916201638 0.07951766281784674 0.9967691125130944 -0.05071972365303347
0.9999242287964932 0.005795451043566681 0.010860451783526386 -0.004827102771146942 -0.004942472106768865 0.9970200613571795 -0.07698421410134151 0.012586329593389855 -0.011274246547529818 0.07692470343478097 0.9969731598023378 -0.05175556873539588
0.999918731599976 0.006450404566394961 0.010996475636652056 -0.004940473514071865 -0.005575627785106917 0.9969530406002471 -0.077804544936174 0.012664524097225427 -0.011464840613789232 0.07773690963019442 0.9969079848766628 -0.05296723108455031
0.9999249714946176 0.006268369140493664 0.01052420684942654 -0.004833411900277704 -0.005346207681321621 0.9963261594025413 -0.08547281529007546 0.014498220217317045 -0.011021317748762341 0.08541013779699513 0.9962849185431746 -0.05464247833518404
0.9999286437429731 0.006361816680077685 0.010111118181004766 -0.0047314493097946235 -0.005429655375614734 0.9959553636342691 -0.08968518545799195 0.015467847058330167 -0.010640783093514036 0.08962388597166186 0.9959188384594884 -0.05602876166692364
0.9999202971020014 0.006486752810100305 0.010831504116628513 -0.00506029019701002 -0.00549715071782682 0.9960149206215481 -0.0890171850444537 0.01526544651505997 -0.011365772188169901 0.08895054770620406 0.9959711940037894 -0.057193111547845746
0.9999193938404771 0.006200634873055045 0.011079618624587406 -0.0051513804053481575 -0.005173163520626889 0.9958857120133032 -0.09047036524158977 0.015419421709814987 -0.01159500758447798 0.09040575609400578 0.9958375143888626 -0.0584533544728097
0.9999183597422658 0.006612816522516265 0.01093364111259066 -0.005157870951668808 -0.00558235548737525 0.995768346507573 -0.09172915240417588 0.01571495987995119 -0.011493961786606232 0.09166062814106994 0.9957239668157202 -0.059743345294978614
0.999925877579354 0.0064517811508821715 0.010325399127530093 -0.005009414293399323 -0.005462068261375187 0.9956357483611998 -0.09316449106576608 0.015850382625854354 -0.01088141339485601 0.09310118745330943 0.9955971894985015 -0.06118737102227796
0.9999185932964314 0.006408173119366468 0.011033680136796732 -0.005251350493920607 -0.005335552439478511 0.9954974824187607 -0.09463770061701793 0.016036828311498465 -0.011590455567167524 0.09457112569480697 0.9954506333940242 -0.06245653448650033
0.9999078773288969 0.006864177261340373 0.011709821781200582 -0.005512562747277885 -0.00564391193208002 0.9948468009454285 -0.10123235108773934 0.017406375562566703 -0.012344355541116849 0.10115693609028154 0.9947938938127348 -0.06399375285779245
0.9999027996294985 0.006946873082225579 0.012088517174291446 -0.0056595911758685015 -0.005672903304876157 0.9947269099972135 -0.10240211274915395 0.017591565608092555 -0.012736147815851164 0.10232358223682539 0.9946696311122794 -0.06527717349936603
0.9998930701218869 0.007293108281661095 0.012675128946953221 -0.005891535749723746 -0.005895451399535594 0.9942411307199156 -0.10700382066814637 0.018509225914211256 -0.013382524986923595 0.10691765315595496 0.9941778128024176 -0.06671313464449083
0.9998779791049475 0.007359594781902052 0.013779087983421227 -0.00625794228183678 -0.005785676344702276 0.9938070650859682 -0.11096865924417487 0.019533184584710015 -0.01451043935389313 0.11087539740565373 0.993728380091812 -0.06817608428760638
0.9998751591454361 0.007738691085067868 0.013776022073923555 -0.006307422534562626 -0.006128787649814791 0.9935429460787495 -0.11329100696482355 0.02014352380848864 -0.0145637936621888 0.1131924333047493 0.9934663401226617 -0.06961756407470047
0.9998688388753276 0.008178775225447882 0.013979008617148448 -0.006456012093278317 -0.0065297507180398446 0.9934378972973102 -0.11418628012620573 0.020375362909576318 -0.01482118084590304 0.11408002388372679 0.9933610022288083 -0.07090090194034086
0.9998639183026347 0.00854720871821423 0.014109929115072539 -0.006556004672131427 -0.006865238232815585 0.9933160321169514 -0.11522208487717772 0.0205038016352227 -0.015000446010428164 0.1151095372354704 0.9932395386093554 -0.07210645176225423
0.9998577046707946 0.008544477320722705 0.014545181943457348 -0.00673639330038562 -0.006778802879964602 0.9930634771563297 -0.1173838922923214 0.02091541412029734 -0.01544727296215094 0.11726859019147622 0.9929800901893943 -0.07339317859285867
0.9998531357919939 0.008664765835052284 0.014786097522427369 -0.006867035610576709 -0.006788503534321541 0.9924413831919288 -0.1225316985430993 0.02221234034075298 -0.015736043552415563 0.12241332754694718 0.992354449867688 -0.07485482198725546
0.9998496598794269 0.008772708017824923 0.014956511392381291 -0.0069586444043944085 -0.006875838855712965 0.9924489290737623 -0.12246569323844748 0.02223314176985593 -0.015917929483029572 0.12234444316918218 0.9923600439087605 -0.07600221871181333
0.9998326927820188 0.008675120687762808 0.01610368669938214 -0.007339598914938985 -0.006641489069995023 0.9924713406280194 -0.12229688734777949 0.022099866314774872 -0.01704338778506894 0.12216947373658889 0.9923629087283209 -0.07732491211771854
0.9998270468851845 0.008861603319338055 0.016350789077709905 -0.007463707389269076 -0.006783839722341699 0.992381386513929 -0.12301692249163873 0.02231168212497887 -0.017316345904221025 0.12288472519928166 0.9922698667586474 -0.07851271707248281
0.9998022153297338 0.008657032943322535 0.01790491559256621 -0.007900831774680053 -0.006353119112982979 0.9921431614495697 -0.12494632874314415 0.022883609000633798 -0.018845904045572754 0.1248078642132451 0.9920019299029788 -0.07988674687030578
0.9997846083796493 0.00923411676777372 0.018586767730627788 -0.008215853028802358 -0.006837337801759124 0.9921187420747342 -0.12511455724987397 0.022868861140578157 -0.01959560305113917 0.12496052461304116 0.99196818478694 -0.08101380930076948
0.999751646401724 0.009466604271093875 0.020174957760023576 -0.008685491773117074 -0.0068099127506989375 0.991763473390057 -0.12790167292736207 0.023426346594298503 -0.021219580706792703 0.12773251838457006 0.991581632111933 -0.08263092302898176
0.9997549517848103 0.009135280104234266 0.02016390436325775 -0.008703605000112904 -0.0064745784442236855 0.9917168933688933 -0.12827970704956065 0.02340631571463429 -0.021168755648904154 0.1281177195557612 0.9915330220018442 -0.08386411365933848
0.9997352217288903 0.009249942694998101 0.021069527636563348 -0.009028426420501084 -0.006390115943226384 0.9912338302549912 -0.13196461713751825 0.02419014445756102 -0.022105493727143346 0.13179503904987808 0.9910304812814397 -0.08519596420873606
0.9997401228057585 0.009955922410032863 0.020507717115622208 -0.00897898151862264 -0.0071059106146226765 0.9908703887463629 -0.13463052677594703 0.024821692504171537 -0.021660860709260068 0.13444981336765546 0.9906836300246098 -0.0866670177206252
0.9997330690341053 0.010251462874462016 0.020705028099103018 -0.009110674190488978 -0.007307020384789304 0.9904634902624828 -0.13758154640124345 0.02549330784568323 -0.02191798651216364 0.1373935295637853 0.9902740125345405 -0.08799618899471526
0.9997116095500377 0.010440060684680301 0.021626438998956676 -0.009441774962537236 -0.007308735804983628 0.9901084218280335 -0.14011386585964475 0.02602866172705401 -0.022875316649356943 0.13991539642977735 0.9898991876600826 -0.089318928101382
0.9997037922054578 0.010489426833806544 0.02196132452124549 -0.009587920414392931 -0.007262574913363402 0.9898160206845484 -0.1421671558477337 0.026505043918107995 -0.02322892282601625 0.14196554906351128 0.9895990097122369 -0.09060545211601226
0.9996971509928445 0.010623132765752314 0.022198093319773224 -0.009737416128247866 -0.007339266879312794 0.98968149986362 -0.14309669454383125 0.026662328942107082 -0.02348917747530505 0.1428904401208755 0.9894597418104476 -0.0918374498008342
0.9997085266837221 0.01085802611193698 0.021563045814921467 -0.009595920604968035 -0.007532013013876801 0.9888487647823575 -0.14873260963341403 0.027940316856432203 -0.02293753377812647 0.14852684490474852 0.9886423245475684 -0.09333152586737985
0.9996992371492892 0.010690295487954492 0.022071538811592552 -0.009796832723169854 -0.007288905633426595 0.9888402053518697 -0.14880161334589123 0.02784501142208068 -0.02341595818663872 0.14859598198488855 0.988620719507815 -0.09455909134811909
0.9996807770240791 0.01086640012616248 0.022809326970207443 -0.010061059659108935 -0.007314290196395639 0.9885980130351166 -0.15040102985665768 0.028267478674627842 -0.024183573091224576 0.1501861843556805 0.9883619098393182 -0.095841280946642
0.9996797031008825 0.01142286270196698 0.022583388050183267 -0.010106790701297705 -0.0077525513649528 0.9876644571491124 -0.15639315212528968 0.029680575302123053 -0.024091267203426858 0.15616798100776688 0.9874366676159502 -0.09730453909281042
0.9996600829587107 0.011353166420696621 0.02346964318453009 -0.010426731499118441 -0.007442591948197964 0.987015976490777 -0.160449587026741 0.030665518577569027 -0.02498652364931554 0.16022037250045038 0.9867649699253317 -0.09863227750936764
0.9996434696692719 0.011294477486658273 0.024194386247318306 -0.01066810198386471 -0.007279784529811398 0.9870878233251322 -0.16001447990870432 0.030533470742183606 -0.02568926399842097 0.15978129997454954 0.9868181179395035 -0.09986343435032302
0.9996282408623564 0.011675323824639027 0.024638727321475512 -0.010888235648237888 -0.007548844185903498 0.9868652268761379 -0.16136926266847385 0.0309781755064924 -0.02619914162504474 0.1611232782570531 0.9865864859107956 -0.10105043283719758
0.999609279957955 0.01185579524703386 0.025312596488716962 -0.011160020856277892 -0.007533096699391948 0.9863491224696903 -0.16449517031630545 0.03190966844204896 -0.026917278392471267 0.16424021651938092 0.9860530469511316 -0.10238472367284156
0.9995950226023999 0.01208030855446579 0.025765421280040845 -0.011347471462527268 -0.007602250794754355 0.9858769197051934 -0.16729884929506939 0.03255786533731933 -0.027422555886764656 0.16703522184805686 0.9855694993712059 -0.10361922939009874
0.9995762672471731 0.011871417352359815 0.026577347615128595 -0.011631042349191557 -0.0072520633890574265 0.9858294380027464 -0.16759393409008383 0.03266050739577755 -0.028190309200332955 0.16733017844141662 0.9854978020523207 -0.10484026126664552
0.9995657404739929 0.011705675154000734 0.027042700306520884 -0.011819444111573141 -0.006954535627355275 0.9855011753159209 -0.16952600946506002 0.03329300519986986 -0.028635029332744418 0.16926432175780207 0.9851546195775494 -0.1062143197451108
0.9995503461612115 0.012347200391812556 0.027324936074720176 -0.011973631478215379 -0.007482620653222345 0.9851649616049587 -0.17144681045170143 0.03369708058903984 -0.02903645772409373 0.17116525660421297 0.9848143678147941 -0.10753050960468873
0.9995359178211131 0.012763845916867946 0.027659233953902004 -0.012145755211788163 -0.007781203196844831 0.9848419471091785 -0.1732795201142161 0.03406018220929451 -0.02945168691799565 0.17298388205730048 0.9844842175911567 -0.10878918468327586
0.9995235916323172 0.012921159253720402 0.02802915293000559 -0.012344862425245757 -0.007880574042800903 0.9848899416581953 -0.17300202129823283 0.034022330890423634 -0.029841017462371652 0.17269871587263824 0.9845225580009602 -0.10993696096756717
0.9994883700987072 0.013555712674034399 0.028969651211735323 -0.012718581607468303 -0.008239415920991075 0.9842999141879846 -0.1763116302312714 0.03478923187187437 -0.030904855002272462 0.17598273092387967 0.9839080080748728 -0.11124253154184213
0.9994979472855005 0.01374766209815806 0.028545667953415448 -0.01269134926900266 -0.00840482247926068 0.983726015024313 -0.17947837285723 0.03556631214318335 -0.03054852420598886 0.1791483439812425 0.9833476793675859 -0.1129067435730636
0.999487702859513 0.013703516654458242 0.028923095683477316 -0.012870885755678728 -0.008311599258559439 0.9838305492425242 -0.17890882508954212 0.03547347638519881 -0.03090710517631347 0.17857677342940267 0.9834404338042879 -0.11404006641365143
0.9994694551723098 0.014278587130683468 0.029273368906200147 -0.01308053082977287 -0.008837426716879303 0.9839533000835257 -0.1782071916162908 0.035313917496263614 -0.03134817485262554 0.17785394346005676 0.9835574547168651 -0.11515395628273138
0.9994671218496965 0.013686362757765039 0.029633693930179977 -0.013168277193985447 -0.008211140979848208 0.9840763209527279 -0.17755667180918663 0.03517368932930874 -0.03159192151949248 0.17721872929972446 0.9836643088371657 -0.11634799369841628
0.9994524375400508 0.014246869443187232 0.02986388799738841 -0.013426687151746853 -0.008690327416722727 0.9838945791452539 -0.17853833016463463 0.03563104007354255 -0.03192652979329151 0.1781810423127407 0.9834796453692903 -0.11760022509858431
0.9994587775812044 0.013080608323599564 0.030183598224367007 -0.013389472664727245 -0.0073022789294736505 0.9828715168684593 -0.18414738133118405 0.03687739486534974 -0.032075358740341314 0.1838273075867155 0.98243508301928 -0.11891378517613486
0.9994313821397008 0.013023686284939374 0.031101382443218424 -0.013753711760234691 -0.007063841828632315 0.9827973820014229 -0.18455191158525494 0.03704481091202485 -0.03296990344159215 0.1842272768259444 0.9823305431169038 -0.12020146099108753
0.9994174808126312 0.013235048898676192 0.031456835930914584 -0.013937931669596618 -0.0072068412616346725 0.9828002421400048 -0.1845311504559055 0.03707801492370137 -0.03335806476947397 0.18419695309695022 0.9823231250381096 -0.12138512427808491
0.9994342116961838 0.012907663551035864 0.031058794453124546 -0.013867007028227993 -0.0069832595877667445 0.9829414863763972 -0.183785931033067 0.03690855305386752 -0.0329012245480018 0.1834650554787332 0.9824754871453175 -0.1226300863348421
0.9994182007756636 0.01304303871541916 0.03151410952897789 -0.014067738855455722 -0.006928613712859049 0.9823639215818663 -0.18685052819384118 0.03766378620869612 -0.03339542289527583 0.18652346961004002 0.9818827531911739 -0.12387613501790062
0.9994071631667812 0.012772446514610042 0.031971656525098424 -0.014246729543433534 -0.006524853668489233 0.9820762763626184 -0.18837094704423363 0.038097676787929004 -0.033804563235342054 0.18805066342815194 0.9815774037174559 -0.1251364379142261
0.9993550127046618 0.013192490017872368 0.033399353125391794 -0.014707450251016113 -0.0066471614063484796 0.9819595465501143 -0.18897424211869382 0.038386832100723564 -0.0352898544528626 0.1886303452422889 0.9814138877285529 -0.1265336495367224
0.9993414997716737 0.013263277421451265 0.03377354447114618 -0.014876891327206326 -0.00668966100524783 0.9821894680699582 -0.1877740590392888 0.038383906999505696 -0.035662519116542064 0.1874244762150799 0.9816314229107417 -0.12762076701803796
0.9993461549018464 0.0130423660934169 0.03372179368866482 -0.014911245457023051 -0.006435882169182946 0.9819457082114653 -0.1890534462679569 0.03882998838769662 -0.03557867484322557 0.18871280510811164 0.9813876069548823 -0.12885366739241808
0.9993410071037775 0.013216092005612946 0.03380660339205739 -0.01501704263528351 -0.006532395441026344 0.9816359315531916 -0.190652106449163 0.03933539359887092 -0.03570545239330744 0.19030562996348813 0.9810753731867862 -0.1300908975433775
0.9993574211684556 0.012656204641761122 0.03353453801084416 -0.015013451982956694 -0.005928201014137947 0.9810634509670582 -0.19359587188095276 0.04034865573313015 -0.03534969855983012 0.19327267178956306 0.9805080688862563 -0.13135791325400986
0.9993445506859228 0.012638609595855206 0.03392247871007234 -0.015164981267719637 -0.005783398287936211 0.9807791900430434 -0.19503520882845357 0.041082291162418946 -0.0357354350553459 0.19471118592931158 0.9802094331087662 -0.1325810818342446
0.9993124040478457 0.01174808003316823 0.03516677027606659 -0.015561152303132276 -0.004666213917483833 0.9807820738954112 -0.19505063438270637 0.041607527896488576 -0.036782408346812207 0.19475242268314455 0.980162511166009 -0.13382800488683078
0.999310004298651 0.011523726100659723 0.03530890886712906 -0.015664026478595678 -0.004376061072590284 0.9805595185384215 -0.196173088605934 0.042213836499759884 -0.036883131620284164 0.19588321607646644 0.9799333652149129 -0.1350344932032945
0.9993118507441754 0.011748762003408984 0.03518226191759594 -0.01566906181356019 -0.004668883239751743 0.9808086499585952 -0.19491688920074407 0.042082653666267525 -0.03679709895555121 0.19461849541548928 0.980188560814025 -0.13623340507272075
0.9993024865106112 0.010963430359409953 0.035697950199754316 -0.01588871263943186 -0.003744354208369546 0.9805325292643555 -0.19632100974172756 0.0428278243371821 -0.037155353117310407 0.1960504074191216 0.9798896455650133 -0.1374402938424003
0.9992985134769289 0.011293009700939327 0.035706426518129664 -0.01596197305861875 -0.0040186285370044554 0.9802806001817501 -0.19756972321687555 0.043534417534162116 -0.037233474018437594 0.19728763985411177 0.9796383289629472 -0.13876613054696307
0.9993362008651836 0.010600284166029147 0.034853860846980625 -0.015741093993668517 -0.0036250530195146625 0.9809169983296692 -0.19439316186152458 0.04326882941034301 -0.03624936731788509 0.1941377767553616 0.9803042930669749 -0.1398093783550468
0.9993468040634489 0.011459657080007266 0.03427304287306846 -0.01552889450367355 -0.004560735716018863 0.9808005396451213 -0.19496025523570443 0.0439664070719039 -0.03584919661441763 0.1946765976984677 0.9802121491853958 -0.14089085218055009
0.999325622216374 0.01045112413018392 0.03520049411972033 -0.01594735255148487 -0.0032820457764116046 0.9802256129042007 -0.19785594755303404 0.04701727542875947 -0.03657224299080537 0.19760698826459278 0.9795988715957269 -0.1416811843678445
0.9992693214949578 0.012117103019771506 0.036249123208912395 -0.016246619731391264 -0.004734326692198345 0.9803527329820705 -0.19719560108014667 0.046522663250408575 -0.037926366419394855 0.19687989930157182 0.9796937766369794 -0.14309082397719775
0.9992561613012916 0.014041537315786442 0.03591600383139258 -0.01588207491909501 -0.006965931542742836 0.9817562708155995 -0.1900160533007484 0.04737115297779864 -0.037928879487127594 0.1896245235829491 0.9811238148963634 -0.14357665067914216
0.9991797481718473 0.015819988175971703 0.03727678657496858 -0.015823944580555426 -0.008428845023988192 0.9816195007078482 -0.19066229412665806 0.04999660900157359 -0.03960789586440096 0.19019170277430816 0.9809476697464585 -0.14461523763486253
0.9991255176280114 0.017007731153096523 0.038196035207623644 -0.015462947854808935 -0.009303496929819015 0.9810597445198754 -0.193481840562564 0.05189808887740102 -0.04076327966975771 0.19295728740740675 0.9803600564419909 -0.14577464458245823
0.9990302237096005 0.018295091213138978 0.040048742205569234 -0.015125556257415997 -0.0099311053912251 0.9797767379703237 -0.19984723385111863 0.05224965520879201 -0.0428950493699867 0.19925569846239838 0.9790082641989347 -0.14804876198864408
0.9988759483504704 0.020608765780348957 0.042686280933791995 -0.015120878065252434 -0.011495506556467914 0.9789769466863123 -0.20364673134071934 0.05285569964311294 -0.045985792762092276 0.20292712147408884 0.9781134342366868 -0.14971234513366194
0.9988140841667066 0.02350293322456812 0.04263844978496005 -0.01443620197435904 -0.01439843732235699 0.9791856809684639 -0.2024551485860594 0.049833161442343565 -0.04650924932631386 0.20160112677306813 0.9783628546765946 -0.15193204537292881
0.9986908030739313 0.02502384715547372 0.04461487340658325 -0.014170691577990202 -0.015684988600923395 0.9799662080074485 -0.19854523992303347 0.04886088244516626 -0.04868943405026254 0.19758552132442672 0.9790757380176588 -0.15361702743629127
0.9986548563521335 0.02441215391475928 0.04574412121291108 -0.013836056717308686 -0.015237070054910791 0.9814481026819327 -0.19112156717173548 0.04732331462792476 -0.04956117008749029 0.19016747483016264 0.9804998837002898 -0.1552267155787428
0.9984995077211741 0.026992889062331066 0.047645745042358856 -0.013814276982882063 -0.017308194414689858 0.9810333962493428 -0.19306450178525078 0.04445933935110962 -0.051953435754299046 0.19195014817278072 0.9800285613847051 -0.1579207691001099
0.9984107241073644 0.02651623184785584 0.049728416785564035 -0.01407025572204732 -0.016702420703797325 0.9819751362273285 -0.1882707119388382 0.04013023020055999 -0.05382429869530466 0.18714091289697818 0.980857392075957 -0.16067852949711559
0.9983199671011078 0.026145726104377542 0.05170729439563979 -0.014378829150345683 -0.016205606377338658 0.9827817102502826 -0.18405838291008758 0.03830968251602035 -0.05562932328534346 0.18291121071166883 0.9815543119903298 -0.16251705506040168
0.9982857638128103 0.02459858686332713 0.053107845870465006 -0.014507300654777318 -0.015154736656447858 0.9850841837996456 -0.1714044479722268 0.03374823434484978 -0.056532006204869804 0.17030578484630934 0.9837683019503823 -0.16488399278191232
0.9982989076654631 0.02363486808018005 0.05329806717672571 -0.014413630494834056 -0.014794640381406396 0.9869191835151678 -0.1605354908602558 0.03161174084026901 -0.05639512008965973 0.1594738794304286 0.9855900122309913 -0.16711425749475808
0.9983685438497437 0.019891358075317066 0.05352181354607594 -0.014413795326247042 -0.012117809374167562 0.9898174590763095 -0.14182579597412331 0.027921955009277407 -0.05579793318137096 0.14094584627310522 0.9884436549804188 -0.1689008691158526
0.9985806701768208 0.014538890101448836 0.05123734793906231 -0.01381926383381024 -0.00816449669074021 0.9924362833286221 -0.12248903839389741 0.023907597597233377 -0.05263065782409939 0.12189685889100157 0.9911463916342094 -0.1707193886038122
0.9986286340442795 0.011574452402199509 0.05105764701242068 -0.01395385023548023 -0.0059053309789738545 0.9939342490934387 -0.1098172825428438 0.021481251415149193 -0.052019018953499196 0.10936517055559879 0.992639552474343 -0.17241200680903881
0.9987157773586653 0.012439682041592336 0.04911262938980223 -0.013651188392600443 -0.007202231066773212 0.9944025338146475 -0.10541218435585813 0.021000737177944116 -0.050149017164215624 0.10492309113687356 0.9932150930305833 -0.17431810468667752
0.9986222864691439 0.008450233129139782 0.05178921245975173 -0.014561895669809576 -0.003610512745949591 0.9956744364502649 -0.09284062040487774 0.018424640455796153 -0.05234971981634152 0.09252572701424418 0.9943331919812594 -0.17515008373268284
0.9986350702612459 0.0047674028779623005 0.05201219389830486 -0.014988762207062191 -0.0003142258078129884 0.9963559333173282 -0.085292176695764 0.01554292103031711 -0.0522292801640744 0.085159415293665 0.9949974755145802 -0.17654463890853708
0.9985363094310202 0.0018923065184886685 0.05405236279680168 -0.016253699538884232 0.0025691458467859045 0.9966000884394638 -0.08235085434939254 0.011925765395680214 -0.054024422602142956 0.0823691865839222 0.9951365126775382 -0.17764964844475956
0.9983754571134913 0.0020408890319259256 0.05694103446009579 -0.01776053523387152 0.0030109387382698436 0.9960721899648485 -0.08849365302974575 0.00814284210030628 -0.05689798661939494 0.0885213372616681 0.9944478829823457 -0.17910931415814513
0.9985394831549762 0.0028415288783358848 0.05395207404934275 -0.01798825469797069 0.0024321155163720834 0.9952393824979159 -0.09743026398037685 0.0038477016769596717 -0.05397207977007378 0.09741918311505417 0.9937789076884721 -0.18227219912807957
0.9984397912875163 0.0023334489727210184 0.05579012627367103 -0.01951859968972078 0.003182220165218657 0.9951248619338422 -0.09857171316344045 -0.003590762637140932 -0.05574815376817903 0.09859545718260647 0.9935648339058689 -0.18368616219229603
0.998334115283508 0.002333276351279018 0.05765023922381657 -0.020871726298489615 0.003736661080667205 0.9944697175332278 -0.10495722115869074 -0.007739831055214523 -0.057576311318657356 0.10499779393327571 0.9928043269668435 -0.18515525499045088
0.9983392312994493 0.0006375384392152588 0.05760531913949161 -0.021798430515872925 0.0051205093052311065 0.9949989644446321 -0.0997539028738653 -0.013994231795278995 -0.057380829837840465 0.09988320328689906 0.9933432367858925 -0.186370443817459
0.9982367379470873 0.0017615995209552817 0.059332215363032834 -0.02322353417412593 0.004165828197354946 0.9950157770792863 -0.09963056377807876 -0.016718926638531653 -0.05921199952870759 0.09970205680142931 0.993253964996557 -0.187286593367025
0.9981917899800419 -0.001960195051827368 0.0600775170242429 -0.024518627384928493 0.007564110949805867 0.9956192960288227 -0.09319335598965353 -0.021126084764065443 -0.05963165805156214 0.0934792758339196 0.993833834374536 -0.18786808721637935
0.9982004940789433 -0.0038526547051450756 0.059840877937040925 -0.025399115591197122 0.008740651229023297 0.9966237390006275 -0.08163776011445723 -0.025537465809316758 -0.05932431741407133 0.08201390072503555 0.9948639833923145 -0.1882965089809256
0.9980932648530109 -0.007274571389149538 0.061293680474916186 -0.026887652301574066 0.011605936710542952 0.9974365519144971 -0.07060897349483072 -0.03033157713191288 -0.06062290728864652 0.07118571145972327 0.9956191327992097 -0.18855713203123142
0.9979711022752605 -0.013453322517497765 0.06223091785230986 -0.02824346497864811 0.017275413961891257 0.9979702763738152 -0.061293454355423375 -0.033809719772883905 -0.06128000567841073 0.06224416107246719 0.9961779084663762 -0.18869743830048363
0.9979082325094019 -0.02230772865193841 0.060675569485190005 -0.028822240653809714 0.025098194787765836 0.9986433696805239 -0.04562346777183777 -0.03918002188643436 -0.05957549922876024 0.047050881346942054 0.9971143236641048 -0.18872914255691248
0.9981469049691235 -0.03067143194322061 0.05255491759208578 -0.028058442755097574 0.03247714120421418 0.9988988976298608 -0.03385598341585241 -0.043512187598338845 -0.05145863775655247 0.03550007854083291 0.9980439634724714 -0.1906439809292479
0.997718981260399 -0.03678342564320427 0.05660224404263058 -0.03032157585047932 0.038580716890186495 0.998774683379781 -0.030994517642026664 -0.04629679738577242 -0.0553928038372309 0.03310757371921811 0.9979155905413453 -0.1903889464209316
0.9973418254040192 -0.03927110160492849 0.06137641141768909 -0.03285352719625215 0.04119780289534808 0.9986869855827311 -0.03044742787623468 -0.05041634013392998 -0.060100119270881 0.03289506659695071 0.9976501843117225 -0.19020495828729939
0.996694283626874 -0.047354007415340474 0.06601592964746998 -0.03525650044802659 0.049088091498374974 0.9984841010877286 -0.024896970660752197 -0.056662777245498966 -0.0647368848382359 0.02805526433208281 0.9975079136952767 -0.189561386094486
0.9931465614073055 -0.04646162230445431 0.10724376540238714 -0.047891861931059015 0.050452438642559834 0.998119886494394 -0.03480292544372352 -0.05614984990840547 -0.10542513457360508 0.03997511522510968 0.993623435292708 -0.18916325201202205
0.992615700069645 -0.051013612659752156 0.11005309308987259 -0.049776660524924236 0.055600235028364635 0.9976905024826319 -0.03901634427709764 -0.059746715478771015 -0.10780856107025082 0.04484721373016479 0.9931596254281629 -0.18887971826227154
0.9918477015733059 -0.05712084383689096 0.11390937662506283 -0.052021492165818084 0.06269930215738144 0.9969716246578837 -0.04600409912173125 -0.062375205240989724 -0.11093662331586575 0.052771098400413295 0.9924254514979417 -0.18893146305173708
0.9917496365178498 -0.065767605138099 0.11003308857389585 -0.051913681721138645 0.0704547725032625 0.9967419877341338 -0.03926238555317942 -0.06844086730720782 -0.10709240635182894 0.046690812824494374 0.9931521456954965 -0.18948970559987677
0.9914047989020964 -0.0690424033459757 0.11112907474691104 -0.05315662473450536 0.0738367892759028 0.9964831426121243 -0.03961660055199055 -0.07130020705177298 -0.10800302432487192 0.0474815019779444 0.9930160389976618 -0.18915673442948272
0.9906593800466518 -0.07024356214953487 0.11687529551674836 -0.05592931889199174 0.0766623118008767 0.9957335727743811 -0.051357005357760596 -0.07134911087496294 -0.11276915657629087 0.059837229435496075 0.9918178377598186 -0.18921040443266965
0.989910215965695 -0.07372408080976436 0.12100629832990435 -0.057934177768285564 0.08085603010009158 0.9952004796221144 -0.055120846840123104 -0.0724847800364882 -0.11636179236847287 0.06434877829978149 0.9911201582089469 -0.18886166015945796
0.989748502634639 -0.07169945368508378 0.12351959307636179 -0.059267766516938485 0.07953599741473111 0.9950414226328822 -0.05972095411143031 -0.0738913809267691 -0.1186251518343955 0.06893297894329012 0.9905434456732711 -0.1890624518387338
0.9893100978922396 -0.06623439712754133 0.12991741548229035 -0.06121976100340169 0.07561785761222141 0.9947694387683781 -0.06867097860515617 -0.07695381998176211 -0.12468949361748465 0.07776096919151043 0.9891439540591744 -0.18955670817722295
0.9893263176525927 -0.061827678924459596 0.13194989700175855 -0.06164598003080588 0.0721049884469625 0.9946045376126265 -0.07458340567071797 -0.08706776042321056 -0.12662664743656518 0.08330157188909047 0.9884465287914104 -0.19069793388304113
0.9904612443772325 -0.055140729648281914 0.12627756459703668 -0.059573215716035674 0.07128827600617359 0.9893180092722067 -0.12715289313952616 -0.08921795074285185 -0.11791736551827858 0.13494212264352118 0.9838120341029052 -0.1962782659890229
0.9902791195470534 -0.03698867350816731 0.13408617908352286 -0.05959529520196587 0.06072031023375472 0.9822489259371417 -0.17748265104075467 -0.08915731562689885 -0.12514115755509436 0.18389911779952559 0.9749465652836229 -0.19628584336969176
0.9931124119766107 -0.038958214794863825 0.11049884469077233 -0.0521733526113337 0.06578653585366917 0.9658153559558467 -0.25074455108787785 -0.08961649606703789 -0.0969529209378041 0.2562868621289132 0.9617261436717573 -0.20871079389039843
0.992539665493808 -0.03205105632278109 0.1176339330721924 -0.05381746579300983 0.06394973144705283 0.9583131324806773 -0.278471492190724 -0.1011947087347377 -0.10380483740794046 0.28391666013756994 0.9532134523951312 -0.21456162547053803
0.9930851577023729 -0.029087110972761468 0.11373570031661549 -0.05300159718829964 0.06088072718058327 0.9559639874015947 -0.2870999683894337 -0.10824896635002043 -0.100376324943764 0.2920390295260354 0.9511244916541062 -0.21907134385424135
0.9940268913998884 -0.026716613446773344 0.10581475199521806 -0.05094408249509578 0.055559355242654755 0.9584076038914454 -0.27994289211924156 -0.10702971727411928 -0.09393453688018212 0.2841497622187997 0.9541672890075995 -0.22019324181075628
0.9936300065395682 -0.024535611411917863 0.10998824426646843 -0.05597565271708206 0.054722566489336835 0.9582644302180149 -0.28059708212269385 -0.09285881743028306 -0.09851320125240588 0.2848285195544732 0.9535029436910073 -0.2236686452967567
0.9936313330094979 -0.021775612147325984 0.1105558536549596 -0.05858797658596611 0.051473269182993615 0.9605126134179446 -0.2734337616766666 -0.07536350138332013 -0.10023610438052068 0.2773830243195249 0.9555162903885925 -0.22771223176885888
