1.0 0.0 0.0 0.0 0.0 1.0 0.0 0.0 0.0 0.0 1.0 0.0
0.9999989503002615 -0.0012142097213248804 -0.0007906283119866177 -0.00014699030982763878 0.0012035509368336565 0.9999102253706446 -0.013345136356337228 -0.003822840446159753 0.0008067611279192122 0.013344170786505504 0.9999106371283902 -0.0032420569005360217
0.9999880145311202 -0.003136456401422513 -0.0037594461493703915 -0.00015938437456423373 0.0030091646021428256 0.9994375497178172 -0.03339953805733612 -0.004164952608974768 0.003862087842767349 0.03338782495593605 0.999435009103747 -0.004818610333479337
0.9999754663863815 -0.001688478699140261 -0.0067982104278455965 -0.0004773406557978588 0.0014042127570360414 0.9991331673992611 -0.04160459096366386 -0.0102303586763712 0.006862565983048683 0.041594024118896865 0.999111026035508 -0.007453186579463455
0.9999274633475287 0.0014611127862228324 -0.011955467067520403 -0.0005415600680089388 -0.00207456202600138 0.9986728606567097 -0.051460796536249645 -0.013942430604210134 0.011864410468999411 0.05148186610031704 0.9986034514395856 -0.010910324184663606
0.9998986344455671 0.0002675603348114431 -0.014235492452216393 0.00043787342060443125 -0.001022401422106619 0.9985916272322068 -0.053044478667118096 -0.014398555821084864 0.014201250973838559 0.05305365617185618 0.998490677992327 -0.013070439406575292
0.9996746240595584 0.009509678138538119 -0.023668798724950688 -0.0017489276205211067 -0.010860770694211744 0.9982792003782412 -0.05762535685016871 -0.015244218111703772 0.023080070868791918 0.057863668341049244 0.9980576667782318 -0.013876014560134094
0.999545134439959 0.012278135919979552 -0.02754580904121257 -0.001984307507975191 -0.013854500466592107 0.9982328589667553 -0.057785916068551706 -0.015393855327688947 0.02678762838000982 0.058141264669690704 0.9979489046581405 -0.016109832839766296
0.9988560757474825 0.02396338057704924 -0.04137990253322573 -0.0033719764627270356 -0.026131070733524848 0.9982703188466725 -0.05266438694302798 -0.016402588553271202 0.040046311748512795 0.05368544403360179 0.9977545620112467 -0.019497204790370384
0.9982230372274525 0.033479754263783405 -0.049293752168371945 -0.005313927110339698 -0.035704709906717515 0.998350067028784 -0.04497018294494522 -0.018332804086092207 0.047706830107198346 0.046650291725362586 0.9977714210394384 -0.02167003022698162
0.9976562016178439 0.03797256829598238 -0.05692264426801614 -0.005428566151068947 -0.04026579335317219 0.9984001679801353 -0.0396959753990147 -0.019706701307320933 0.05532421946214418 0.04189497146730831 0.997589114869773 -0.023909536345392692
0.9965658897743773 0.04482448581400445 -0.06962178401702901 -0.005588524765432149 -0.04706612075130077 0.998413819787176 -0.030897002045612205 -0.021642963092882536 0.06812640909094898 0.03406772562841265 0.9970948713411774 -0.026548665323998757
0.9954511914274858 0.05235825827824197 -0.07959609460060219 -0.006958257632371331 -0.05415509171336128 0.9983203440770638 -0.02058437862488814 -0.024216899436822925 0.07838463833632277 0.024801278030060263 0.9966146422168193 -0.028981035644171316
0.994989512803146 0.053637524621830614 -0.08437348732985307 -0.007474313347853204 -0.05519857689954395 0.9983427098290666 -0.016277310570969948 -0.025716719516102705 0.08336058133208443 0.02085304974341438 0.9963012414909331 -0.031181570596466212
0.9938348545749423 0.0594225169516753 -0.09360152942730762 -0.008185645227499995 -0.060181294961220766 0.9981733809460814 -0.005302198361231566 -0.0289150077495828 0.09311548511817642 0.01090257078854818 0.9955956209131327 -0.03315994735782374
0.9919454694225766 0.06738301134012607 -0.10725537503901923 -0.008998350430518018 -0.0672660991995526 0.9977239462740479 0.004711574027769017 -0.032207119860628575 0.10732873608917433 0.002541026186365219 0.9942203405661239 -0.03673970685552642
0.989461692823071 0.06811903716917944 -0.1277707134317047 -0.008334641198645394 -0.06763232131492805 0.997677033099589 0.008149033019840114 -0.0326367316934415 0.12802901057673025 0.0005782739387685703 0.9917702546709062 -0.03934285482340756
0.9878195827953805 0.07146173582871397 -0.13822334158277047 -0.009109885838546172 -0.06956347425980516 0.9974055639914204 0.01852198606696088 -0.036734824559465286 0.13918834324348014 -0.008681084684909789 0.9902278747206761 -0.0420839102712673
0.9862137627803563 0.07417792687933256 -0.1479190632288324 -0.009462186119615372 -0.07109805161791764 0.9971301909981377 0.02600863810652312 -0.04036661830369772 0.14942383062532588 -0.015133319659109117 0.9886574237203439 -0.04507557265180069
0.9861738097808777 0.07402066861275787 -0.1482638105553387 -0.00910422444227624 -0.07066963817332306 0.997113675631162 0.02775103799442522 -0.042209871683785274 0.1498900234929594 -0.016889597018192235 0.9885584061500067 -0.04675475377852888
0.9822324672918842 0.08554066386545323 -0.16703944151952435 -0.01193552381992626 -0.07970200977338791 0.9959602001621851 0.04136265623707021 -0.044639272766896845 0.16990282468452103 -0.027314364688953905 0.9850822075572464 -0.04912517729978615
0.9797192746198758 0.08644716640098539 -0.18076789084221784 -0.011528378744748264 -0.07906361652878269 0.9957289802477125 0.047673288498312184 -0.04845196416624712 0.18411704831354558 -0.0324142764240453 0.9823696998606029 -0.05244726973041791
0.9742538545522387 0.08503300114244011 -0.2088032940516362 -0.009015662113358608 -0.07708741201952857 0.9959665131217506 0.045915527310879486 -0.04821185347161915 0.2118654237912236 -0.02863727390683048 0.9768791884081408 -0.05440866463209777
0.969507530768845 0.08714731744993237 -0.22904255683993952 -0.009281162124024404 -0.07889512879968646 0.9958685252106588 0.044960417551789596 -0.04831232370181174 0.2320144530717345 -0.025519121380476135 0.9723775336821547 -0.05374140057297333
0.9673817115070734 0.08494557506683023 -0.2386563921587063 -0.010455467840190254 -0.07659350001081332 0.9960878870797741 0.04407217908213544 -0.0484414938043599 0.24146647800002624 -0.02435509165493533 0.9701034839194939 -0.055181931070401154
0.9651119758508394 0.08140194535927653 -0.2488626073981656 -0.010259204792448256 -0.07251170155794877 0.9963653745814482 0.044700038840527735 -0.050424281032879874 0.25159675515884145 -0.025095091689403694 0.9675067488997892 -0.05787566061225857
0.9643826446263758 0.08235152143783575 -0.2513649571048251 -0.021381405639276808 -0.06907284212271808 0.9957317081163997 0.06121525898573628 -0.056632339618289035 0.25533322781127743 -0.04167244135486848 0.9659546316504707 -0.054798676040507116
0.9563579672441297 0.07894979601126267 -0.2813296432984901 -0.020127391212112926 -0.06327633098007276 0.9959171812964177 0.06438224861172609 -0.05778558208734071 0.28526399076359893 -0.0437709687850564 0.9574489844713605 -0.05711038408883711
0.9532605787956564 0.07817311881290813 -0.29186166656351803 -0.024088431983567807 -0.060024916826787886 0.9956942233101067 0.07064009503691315 -0.06001450854526506 0.2961271319452289 -0.04981944562066639 0.9538483865709152 -0.06080636713478634
0.9506055001124706 0.07812927978856696 -0.30040805381287705 -0.029307939999088352 -0.060153009488004484 0.9958260562191558 0.06864460069475496 -0.06047050621353681 0.3045173206986021 -0.04718348646218046 0.9513374375056484 -0.06573359130809346
0.943959918169785 0.07724828757058408 -0.3208930896050989 -0.03205240895293313 -0.05792697060046169 0.9959096659292513 0.06934265199531682 -0.06247724118426716 0.3249371307898584 -0.046868319535730237 0.9445735660381073 -0.0711131965485698
0.9360860534437796 0.07572543038862553 -0.3435237397044154 -0.035598750115523034 -0.05466469806629804 0.9960058654361655 0.07059806514401497 -0.06461900577631967 0.34749772852979727 -0.04730724267188225 0.9364867075711274 -0.07603408617592636
0.9281370482697213 0.07263842264677961 -0.36508256488711793 -0.0371292959410137 -0.05099383363756915 0.9963403891020238 0.06859634082788289 -0.0653874525095099 0.3687292347510723 -0.04504984572026619 0.9284445394531998 -0.07948803070921794
0.9191411688303105 0.069061737799328 -0.3878272658457468 -0.038781096057827445 -0.04595536735076796 0.9965884865708556 0.06855284564531948 -0.06671336177119629 0.39123856657147876 -0.04518699820249937 0.9191792639200135 -0.08316858467440652
0.9109933460719509 0.06624604672044795 -0.4070658235550402 -0.04116002427220258 -0.042813814627163965 0.9968730385820268 0.06641627982137753 -0.06753877067545096 0.4101927604062513 -0.043076748277390144 0.9109809509908219 -0.0868213277551583
0.9041769237750298 0.06742276423521001 -0.4218035815111189 -0.04677443749900815 -0.042453545215435956 0.9967596005320735 0.06832272861783405 -0.07019519928453012 0.4250432766335253 -0.043868777165876116 0.9041093647223238 -0.09311678898689517
0.8969861297995064 0.06383404068328148 -0.4374255344596929 -0.05053612838923393 -0.038621350894609746 0.997051744932138 0.06630391529056509 -0.07137633990249018 0.4403683392370265 -0.04257972731041006 0.89680694278077 -0.09808377417381306
0.8874871915007092 0.06165498462654897 -0.4566893340038533 -0.05441309071072716 -0.036266778368330456 0.9972804347340711 0.06415960788071945 -0.07254771472035433 0.45940309719130507 -0.04037817934635094 0.8873096398234991 -0.10250295676595254
0.8756887510716286 0.06078890774200523 -0.4790343619638844 -0.05738331784350162 -0.03329694438450087 0.9972846130298016 0.06568648345479601 -0.07477095243295125 0.48172660788175814 -0.0415705341502442 0.8753350021272968 -0.10632327176329733
0.8651653978125773 0.0601573357220251 -0.4978653727531499 -0.06316934524647941 -0.031864893501058575 0.9973672905442416 0.06513920719971775 -0.07691910902800614 0.5004732390347855 -0.040491761029498564 0.8648045757850482 -0.11237431141298031
0.8468374339181538 0.05655883804615709 -0.5288359465408765 -0.06513318305967206 -0.025624497495261387 0.9975135972122827 0.06565065502133166 -0.07897838324910948 0.5312341721341252 -0.04204427684577243 0.8461811467655631 -0.11563490357606074
0.8469693877326837 0.05473677256862098 -0.5288163594032371 -0.06418537034866037 -0.02497352711839849 0.9976839359763727 0.06326995209388314 -0.07956718326950729 0.5310547798363056 -0.040381302894625784 0.8463747226787567 -0.11727249002778867
0.8127434706053097 0.052783912104999664 -0.5802257402178289 -0.07085982264384347 -0.02077599056436417 0.9978799191477029 0.061676779891998004 -0.08271197177256277 0.5822511564647193 -0.038072635641218246 0.8121170267952919 -0.12156419426350709
0.79815564174868 0.04951863967753682 -0.6004127545857424 -0.07129050671662138 -0.017979560575022258 0.9981302249732549 0.05841908417949645 -0.08295008941188192 0.6021829513912524 -0.03583236413256867 0.7975535936439557 -0.12254165193817258
0.7818777878395685 0.04810427703476712 -0.6215730877491926 -0.07545669217669528 -0.01622836714522866 0.998251275527779 0.05684215871133213 -0.08438285628715811 0.6232204786292724 -0.034356505033657427 0.7812911528866613 -0.12610864244366984
0.7769310510139635 0.04116858455954475 -0.6282382427198316 -0.07491592452879325 -0.01287015149831227 0.9986898066144869 0.04952806643441095 -0.08458545980343689 0.6294541295207662 -0.030394371348741355 0.7764429670101757 -0.1283247042522474
0.731172422526307 0.03820178344815586 -0.6811222447390721 -0.08054620870467596 -0.01161743477191326 0.9989833335747023 0.04355840274043031 -0.08567804701331033 0.6820937792901569 -0.023935809603145206 0.7308728708005987 -0.12929066186884816
0.7184830617627739 0.03819321631354084 -0.6944950454737719 -0.08475241464473945 -0.012101794998840943 0.9990265332717225 0.042420895522037726 -0.08703609676308045 0.6954391680929348 -0.022074058229362165 0.7182458488814889 -0.1336666486453799
0.6915170118682792 0.03425685564091499 -0.7215474275045008 -0.08676318055484145 -0.009437225461521507 0.9992180621737117 0.038395351299375234 -0.08771334338130507 0.7222985262842168 -0.019741632845640143 0.6912995782294632 -0.13516804465837529
0.6591771271068319 0.028519459283540084 -0.7514467083841391 -0.0870617154934394 -0.006047769189644819 0.9994493108591159 0.032626668709333125 -0.08771088617503746 0.7519633897916903 -0.016962177496263102 0.6589866045281748 -0.13517428938108486
0.6193296120236247 0.022730654093931133 -0.7848019807793094 -0.08730791090372357 -0.0044863511236456575 0.9996669582464989 0.02541348547109189 -0.08773759153806447 0.7851182740990421 -0.012218426848674916 0.6192253270991765 -0.1352075007901812
0.5958554219941792 0.014168207995655019 -0.8029667352775764 -0.08846187954778427 -0.003164858906205946 0.9998780291148512 0.015294134872754129 -0.09091526897053848 0.8030854871981183 -0.00657181676511461 0.5958275853601978 -0.13847272408143096
0.5642515520271509 0.010074669991647129 -0.8255414508427241 -0.08858300867016691 -0.0033004296215267018 0.9999450784605217 0.009947222069310622 -0.09091180871146211 0.8255963258150203 -0.0028880940328112194 0.5642538132025284 -0.13846293029943857
0.5236918739675608 -0.003692250798057918 -0.8518997525673943 -0.08670096274732768 0.00018269732904352198 0.9999910715211884 -0.004221788672229801 -0.09222503151016322 0.851907734301096 0.0020552766118447107 0.5236878727601196 -0.1391526422278975
0.49815981048870167 -0.0007189661306108346 -0.867084936036581 -0.08812959734912772 -0.002574694200303465 0.9999940211226586 -0.002308390935778008 -0.09465744630573752 0.8670814114970011 0.003382426147080839 0.498154980934373 -0.14312748506190548
0.47255471082398187 -0.002339548717114944 -0.8812982309013566 -0.08937075646389156 -0.0023063038772450327 0.9999897693928393 -0.0038912815476704102 -0.09664216477964015 0.881298318528116 0.0038713849534270915 0.47254448059209786 -0.14927576083488003
0.4631913850397921 -0.016316132665920743 -0.886108077290657 -0.0871455206628014 -0.00022524806656379419 0.9998283195550584 -0.018527835249102568 -0.09400449009161416 0.8862582524796164 0.00878152780199322 0.46310818895938033 -0.1505070350946813
0.4169658291634811 -0.01713747222297196 -0.9087605869291512 -0.09089947995608305 -0.0025294104663939098 0.9997964842045634 -0.020014800895540696 -0.09592587160099963 0.9089186428898351 0.010644116590972088 0.41683762232948235 -0.15767584441564356
0.3862342896763315 -0.021490200222885784 -0.9221503374030708 -0.09052921366030052 -0.002185510495400822 0.999704434945572 -0.02421293650159477 -0.09606765803600203 0.9223981228418079 0.011367235571399629 0.3860731652593477 -0.15817767316892983
0.34815579029095084 -0.03338039339925928 -0.9368421932339469 -0.08933379840674721 -0.007034288257063622 0.999244667455985 -0.038217971551298795 -0.09698621201730322 0.937410296762094 0.019895826127343048 0.34765800958285403 -0.1600205517768005
0.30430351173417874 -0.04190469655314972 -0.9516529667652137 -0.08810593106988066 -0.014027633342411616 0.9987264690993741 -0.0484630315096868 -0.09874293733730487 0.9524718359348242 0.02809690956467877 0.3033281480902457 -0.16192296380702653
0.26193607749892805 -0.04862116858708457 -0.9638596750926454 -0.08577444011175256 -0.018870184786118682 0.9982811522926769 -0.05548564772393131 -0.10167593845783844 0.9649007241320792 0.032721903099176726 0.26056835883690066 -0.1630763340015556
0.22215833990702746 -0.059687775667657574 -0.9731819159055509 -0.0847607329304346 -0.02758252486059029 0.9973402332318997 -0.06746601736619845 -0.10201585921354732 0.9746203754960524 0.041830952807551405 0.2199211109810621 -0.16461577089741683
0.18121454860413647 -0.06305447180920798 -0.9814201042158545 -0.08494415382997222 -0.032348891373295066 0.997020247193043 -0.07002982160511073 -0.10196469265015451 0.9829114083177161 0.04443827485384132 0.17863483178511746 -0.16435709043147653
0.1500413330069414 -0.0655295440580433 -0.9865056904270969 -0.08753490138617889 -0.03701548500644825 0.9967291947508019 -0.07183847298736913 -0.10278465225422899 0.9879865648171721 0.04729472684098447 0.14712496917178777 -0.16852822652476862
0.11053722152083936 -0.06897046011540775 -0.9914759695978111 -0.08468530214722368 -0.04088908527761692 0.996429008449824 -0.07387363416579601 -0.10638418244311951 0.9930305158269868 0.048706331735923224 0.10732235501151521 -0.1688510299470288
0.06825063987803218 -0.07297092641834478 -0.9949960271548252 -0.08489996097356754 -0.04437759481147548 0.9961123940371974 -0.07609682992236255 -0.10634789662917864 0.9966807308436267 0.04934918786699201 0.06474703407786814 -0.16862524859841707
0.02532460978256661 -0.07799423178357995 -0.9966321106345349 -0.0847161962983648 -0.04725665461849488 0.9957439228738396 -0.07912552466863097 -0.10635101519215483 0.9985617020162686 0.04910132247002802 0.02153107981651297 -0.1688786814618171
0.0035574606482811446 -0.09233898874923334 -0.9957212740674486 -0.08304011323013014 -0.05039801951599912 0.9944456449285689 -0.09240075168237967 -0.10469981009818566 0.9987228765291197 0.050511092240924746 -0.0011160009083811288 -0.16888876981781012
-0.046339815300958674 -0.09766711897421786 -0.9941397061727026 -0.08291734079370403 -0.05590843939068509 0.993902446078232 -0.09503775083937044 -0.10469064106294844 0.9973599490268141 0.051176767687911344 -0.051517671980066806 -0.16898950262184656
-0.08862254777295195 -0.10352695966192045 -0.9906705873545395 -0.0823520265592137 -0.07017684219535267 0.9927614367348736 -0.09746763848374901 -0.10572098016134648 0.9935900839107231 0.060884303028510285 -0.09524624296533754 -0.16974688330432822
-0.1281661908467854 -0.12050012849197547 -0.9844049708109164 -0.08070270698850893 -0.08115869368323567 0.990536370211598 -0.1106840807327926 -0.10633292556468935 0.9884263725556166 0.0657070644713939 -0.13673290648229003 -0.17076256888616226
-0.1641040974087947 -0.13174739153248127 -0.9776054777045955 -0.07986683638371114 -0.09271084565120416 0.9887141722575763 -0.11768170918054685 -0.10626952805303792 0.9820766488987925 0.07132257988464087 -0.1744664589149272 -0.1712467917060719
-0.2061437540055409 -0.1309812001768025 -0.9697157717005256 -0.07966948994528768 -0.10242023999843539 0.9884455591775079 -0.11173840423474538 -0.108186463618873 0.9731468784942822 0.07628434795229308 -0.21717700415634617 -0.17113658391510084
-0.2438314237847177 -0.14576249490330687 -0.9588010908706139 -0.078546445286275 -0.11348496764319492 0.9861369643797326 -0.12105804228943075 -0.10838400835038092 0.9631549194673408 0.07929175596168549 -0.2569930320891402 -0.1709824275451371
-0.2725368700978286 -0.14757555565224298 -0.9507602798872117 -0.07845349546126235 -0.11656339419181506 0.985952754138415 -0.1196250046660744 -0.10838482227232266 0.9550584430137048 0.07822162092927981 -0.2859103853437838 -0.1710086096161695
-0.31016266806552506 -0.1642727337354337 -0.9363832486164843 -0.07693528162686303 -0.12868629757496938 0.9831472282701434 -0.12985131636291275 -0.10764020450450935 0.9419336261939696 0.08022466264073226 -0.326075217318423 -0.17220064120940498
-0.33643607097894357 -0.16967682204086942 -0.926293984762052 -0.07653625512399183 -0.13826167921624088 0.9818742709498844 -0.1296403644970913 -0.1078713981685367 0.9315011960295898 0.08445526690942126 -0.3537977242531374 -0.17243528835602426
-0.3835977169109366 -0.1734323057487486 -0.9070689207019433 -0.07770557734188861 -0.144190479852727 0.9814093080564769 -0.12666836850590463 -0.10784104213224076 0.912174269041041 0.08220100597180681 -0.40147365731348 -0.17262279269541017
-0.4170412576315077 -0.1764104583983972 -0.8916030168190305 -0.07793281172838139 -0.14878168830791585 0.9810005412794393 -0.1245068160129925 -0.10781359448755361 0.8966273465924275 0.0807297230090101 -0.4353643453080505 -0.1726195821010894
-0.4158976219722647 -0.17853112536566587 -0.8917150920072411 -0.07649486934163151 -0.14875594904885375 0.9806893671927274 -0.1269646907518101 -0.10784635802509962 0.8971626584184109 0.07984361183459814 -0.4344239426974664 -0.17234100955940432
-0.4789173207729001 -0.18373863770195142 -0.858416165317928 -0.07633956747829468 -0.1591150289503052 0.97982278039813 -0.12095340662842725 -0.10782509330644675 0.8633195279998312 0.07866023155512741 -0.4984896794777585 -0.17241246601679655
-0.5169188607114068 -0.19291516236512665 -0.8340135679774379 -0.07678777310866544 -0.16730956364749056 0.9782542081228514 -0.12258145945459852 -0.10760151548011918 0.8395251046591213 0.07617377776877615 -0.5379546023852948 -0.17082019674317986
-0.54803492219757 -0.19460260449020647 -0.8135032577547125 -0.07659342835213355 -0.1718448042920745 0.978008705668197 -0.11818771033841366 -0.10758574705131757 0.8186129044241385 0.075025315479799 -0.5694243714027609 -0.17083421912523325
-0.5703784871497181 -0.19583318690331059 -0.7976952703282689 -0.07650114347706566 -0.17630284505654203 0.9777162745254496 -0.1139657551769167 -0.10758800604561487 0.8022379249460657 0.0756323306223332 -0.5921942775330249 -0.17085052096357198
-0.5966004445469789 -0.20211580289269535 -0.7766705297533739 -0.07566354496841696 -0.18543279406796745 0.9762963683649696 -0.11162472844992181 -0.10859798232260025 0.7808217392276523 0.07742482378675432 -0.6199377454318223 -0.17022584077916442
-0.6147049630407492 -0.20262619814142593 -0.7622863190690364 -0.0754269559707434 -0.1878762878888974 0.9762375051259906 -0.1079946018765211 -0.10858566760476387 0.7660550299176702 0.07683070618007062 -0.6381666974433151 -0.1701939546653204
-0.6299551735233626 -0.20782974003408614 -0.7483069413740007 -0.07478936409456834 -0.1934108090434333 0.9751542089777037 -0.10801170148753372 -0.10841438638985218 0.7521627073288849 0.07668812079082529 -0.6544999570918645 -0.16949363750843513
-0.6570585524185683 -0.21142408722542225 -0.7235840753046673 -0.07392210949422792 -0.19926060288920536 0.974435732314918 -0.10377964985544186 -0.10821358265463048 0.7270276960541804 0.07599249258170926 -0.682389822785604 -0.16994393889105627
-0.6732455242085563 -0.21171608478938556 -0.7084608412428999 -0.07248742099076196 -0.20206579788778414 0.9743401739978081 -0.0991495771947212 -0.10805663360973648 0.7112734196194334 0.07640369608447618 -0.6987507407992546 -0.1708105957201515
-0.6853056954626077 -0.2130428535918361 -0.6963970464468935 -0.0723056042560463 -0.20753748921884077 0.9737335985659527 -0.09365398866325797 -0.10767321456245746 0.6980575150625157 0.08034688268527919 -0.711519559891014 -0.170329641132431
-0.7162806802184256 -0.2201176543138135 -0.662185929633975 -0.07246833389520399 -0.21519279918283316 0.9723733508807402 -0.09045510309991084 -0.10763851049651896 0.6638027164193362 0.07770640099978532 -0.7438599793764747 -0.17033766308203274
-0.7384970297469087 -0.22889016127610387 -0.6342171797783392 -0.07207461045558232 -0.2236721666898022 0.9705176225836191 -0.08981261661329656 -0.10769675487401269 0.6360761738214114 0.07553038015019523 -0.767920739901638 -0.16944303165524513
-0.7533059752720714 -0.23743507270666905 -0.6133145146400576 -0.07153516921932604 -0.2316281763305573 0.968587938769828 -0.0904753712310363 -0.10727327406969224 0.6155310678992385 0.07390528477983459 -0.7846397347397295 -0.1694670556642716
-0.7597189634000563 -0.23893763988032615 -0.6047610279265361 -0.06786384074597458 -0.2330734986876087 0.9683060490134174 -0.08977828052229789 -0.10635506004215789 0.6070451720093524 0.07274750643450849 -0.7913304995055449 -0.17044626982329483
-0.7794088410541563 -0.2397047195543741 -0.5788467032902346 -0.06842311715633714 -0.2399540948582067 0.9676756162798813 -0.07762688978780953 -0.10702535694969922 0.578743372184424 0.07839355254550556 -0.8117330596149788 -0.16991850453802337
-0.7909818453110267 -0.24035798056729946 -0.5626506567720082 -0.06845481283024589 -0.24135031703232976 0.967608123692186 -0.0740577034026747 -0.10702080930800717 0.5622257063286609 0.07721761549342476 -0.8233709340271519 -0.16993786367886002
-0.8078952155616805 -0.24094440931846003 -0.5378207064540411 -0.06831159233535387 -0.24324216647377014 0.967573136392932 -0.06808431669546651 -0.10701328476597557 0.5367854032308425 0.07581568009927775 -0.8403055477202218 -0.16989480324265066
-0.8208452897656598 -0.2455518541606288 -0.5156716951586608 -0.06836530636527885 -0.25003205700361 0.9662437857780795 -0.062104081313432515 -0.10822997550089891 0.5135143432661635 0.07795661205770074 -0.854532495518106 -0.16939542651104272
-0.8266099356096814 -0.24620460561715218 -0.5060625519876574 -0.06548431334167021 -0.2517215991349685 0.9660112735092066 -0.05880863866858333 -0.10775171858279375 0.5033410880111996 0.07877506982552243 -0.8604895336340135 -0.16960860255520516
-0.8340733285877179 -0.24686735030790272 -0.4933337550690804 -0.06480120269579093 -0.25343764723288115 0.9657978567045502 -0.05480747166177018 -0.10883023375022488 0.48999085859194547 0.07931589586485738 -0.8681117135250966 -0.1692792082461701
-0.8474175499921754 -0.25266501119194756 -0.46695169780677653 -0.06458699936457835 -0.2609488047275637 0.9641520219628604 -0.048131069551598175 -0.10943677794132675 0.4623734608263326 0.08106337437026345 -0.8829719769387829 -0.16948469401873603
-0.8586055416355707 -0.2539631931741789 -0.44530800619959937 -0.06454044629910136 -0.2645333918449012 0.9635680437919805 -0.03948049622186804 -0.11071534904482146 0.43911115730726535 0.0839006644530491 -0.8945066070368667 -0.16897284868815127
-0.869360426003532 -0.25664306235044965 -0.42231124570195827 -0.06455660579000613 -0.27015866460626825 0.962387650690299 -0.02871072512079839 -0.11156832598227659 0.4137955360285086 0.08913107396516001 -0.905996084989716 -0.1688743222722092
-0.8752275766467925 -0.2568928052379959 -0.40985701859787077 -0.06318547164634651 -0.2699474892441602 0.9625013263693614 -0.026824425212686232 -0.11125404582509645 0.4013789258640298 0.08716239644574676 -0.9117552711764646 -0.16864907645952745
-0.8824839787788503 -0.25799179131083383 -0.3932712331392626 -0.06274117563778171 -0.2734152489920027 0.9617390167663754 -0.017382901020355862 -0.11252209734472189 0.3827089348542784 0.09218622047499786 -0.9192581639219937 -0.16930288786846073
-0.8913189935165772 -0.2621737043582242 -0.36988565873751017 -0.06345137956677974 -0.277595918711822 0.9606234812720107 -0.011959646457104876 -0.11246756117445646 0.3584563539834954 0.0920188892126028 -0.9290003047991612 -0.16936937607909353
-0.8963063718770556 -0.26136563898377535 -0.3582218453573035 -0.06345463029734044 -0.2769837858133611 0.960841224370685 -0.008007742899094185 -0.11246715882603985 0.3462872653290807 0.09204425190329985 -0.9336021559328498 -0.1693725440270596
-0.9003731893753885 -0.2639726468884315 -0.34589964086235525 -0.06280510841830529 -0.28008394683538856 0.9599689739041523 -0.003542861346078 -0.11276083234259322 0.33298814179953634 0.09369103925198577 -0.9382648275325955 -0.16986884682391626
-0.9048256683752496 -0.2693721210733669 -0.32974106544032117 -0.06183049764642605 -0.2840978400792228 0.9587882516211436 -0.0036750259302856915 -0.11176968285607308 0.31714180915106277 0.09035346668334672 -0.9440642583779395 -0.1699899303138485
-0.9090944855453551 -0.27128020383253254 -0.3161554480941386 -0.061397523847438525 -0.28637725941519776 0.9581159893053601 0.0013477118567514037 -0.1115525484364616 0.30254798237779146 0.09176492819145698 -0.9487064436974912 -0.17051325251455088
-0.9131324530997472 -0.27081312228780074 -0.3047119556118046 -0.061131693040859136 -0.2859275084689987 0.9582371061029963 0.005206571622773728 -0.1115400720245529 0.29057629462286527 0.09187981978693946 -0.952430320663492 -0.17038139644107894
-0.9187103795504135 -0.26973608491870554 -0.2884678196940945 -0.061245818889176774 -0.28435278954379295 0.9586757537616617 0.009180970981918855 -0.11153195303000499 0.27407066531280744 0.09046128255906896 -0.9574455737914089 -0.17046109630191753
-0.9221120732117185 -0.2690462695765316 -0.2780709068999111 -0.06073269957600274 -0.28512317384883157 0.9583164915558505 0.018283264108250256 -0.11236053239081933 0.2615608919000724 0.09614367810225896 -0.9603865331153933 -0.17173559491899681
-0.92400877971315 -0.26952666676626813 -0.27122527705743155 -0.05932581561741833 -0.2853056550129102 0.9582331602779522 0.019745727674099187 -0.11203551189307248 0.2545750542191349 0.09562733105961851 -0.9623133353143013 -0.17125749480371982
-0.9266081475164719 -0.2710758022591933 -0.26060554557727056 -0.05895876779795668 -0.2874570371272979 0.9574356968935296 0.02617896331014483 -0.11157169485126447 0.24241656866248454 0.09917053868729761 -0.9650903644189875 -0.172283905082546
-0.9289535819660922 -0.27310386516732316 -0.24991902965367654 -0.05817663412355621 -0.2892261230089654 0.9568064548751016 0.029489958944361332 -0.11174462565805245 0.2310703189974324 0.09967791500629043 -0.967817555605611 -0.1733649597461054
-0.930936876677095 -0.2736372130224807 -0.2418247449951823 -0.05751210392126992 -0.2899622409374986 0.9564341662797903 0.033993887732705126 -0.11173054504696124 0.22198745566631706 0.10176620864493596 -0.9697242949956586 -0.17472555769896408
-0.9318396580757422 -0.2733033275588676 -0.23870513773803528 -0.055732255691583785 -0.28995839001689816 0.9563244081805834 0.03698321750284612 -0.11138623779098117 0.21817191316963352 0.10367698617967297 -0.9703876023737102 -0.17441323194377387
-0.932954062211812 -0.27443398472422137 -0.232986492807769 -0.05462817697167131 -0.28887405172058145 0.956909224731201 0.029606044431234317 -0.10969304273685668 0.21482201946034132 0.09492483159168921 -0.9720292054780383 -0.1742891641383757
-0.934134865203608 -0.27442132673127334 -0.2282213597498824 -0.0539890213472033 -0.28901177741906775 0.9567737664408452 0.032498497867868216 -0.1094608122209493 0.20943792904847577 0.09631664075142825 -0.9730667287448698 -0.17559482903395335
-0.9363972107072589 -0.27554713482577925 -0.21733393722327252 -0.054220519448546695 -0.28813871068802244 0.9571821709952568 0.027899371531425396 -0.10841798257335522 0.2003405779733982 0.08874721414277503 -0.9756985112211544 -0.17581351750112287
-0.9373955827200161 -0.27525202537948185 -0.2133678607979527 -0.05364888234042637 -0.2875549929478576 0.9573454920662167 0.028314922766071674 -0.10770075128223418 0.19647301984691076 0.0878972772330262 -0.9765615296166708 -0.1768499950599826
-0.9374200572400837 -0.27559643645371923 -0.21281503823275635 -0.0528685735707815 -0.2888554914955155 0.9567928305950022 0.0333164277029431 -0.10660492685942571 0.194438014073607 0.09270428003068526 -0.9765243341295187 -0.1781674407784559
-0.9382634349800186 -0.2741757555696374 -0.21092506166246536 -0.052665878983279395 -0.28792601648990274 0.956942027075419 0.036885848845350955 -0.10576518152959222 0.19172985059128936 0.09533945602215098 -0.9768060465197981 -0.1791463942636731
-0.9403408611444749 -0.2709074669554632 -0.2058353934818837 -0.05259278107829897 -0.28458303496359116 0.9578395430404062 0.039444974319361115 -0.10588780052966888 0.18647134115725186 0.09566898209928672 -0.9777913298813288 -0.18119102826706424
-0.9425410294445645 -0.268788663694325 -0.19841638562124692 -0.053062100681349374 -0.28175426406419 0.9586628132649182 0.03975103954158969 -0.10575479768822113 0.17952978163868083 0.09337164844001004 -0.9793113870329284 -0.1815817881965354
-0.9431960287407095 -0.26963120408911884 -0.1941140519107422 -0.05276280609476735 -0.28151365240155496 0.958883705543325 0.03594583084359404 -0.10494465677652713 0.17644068374186336 0.08854972063731886 -0.9803201681571954 -0.1816865804500432
-0.9436161758359297 -0.268626885728583 -0.19346345640595405 -0.052578788657746435 -0.28093790068092156 0.9589427058227378 0.03876574403207875 -0.10356086331775438 0.17510684927145967 0.09093120043814593 -0.9803413222572511 -0.18255715437465347
-0.944557076548612 -0.2679710410629045 -0.1897457517142416 -0.052525356053783674 -0.2788964517868165 0.9597567303362586 0.03292093186675927 -0.10250505038046479 0.1732879058753632 0.08401511605604396 -0.9812811839383327 -0.1829533995023738
-0.9448792081079563 -0.26594267307765895 -0.19099156191201358 -0.051724529329153036 -0.27777242568516214 0.9599110331980073 0.03759372120065821 -0.1035852770065954 0.17333713282002639 0.08857371495560461 -0.9808715182961993 -0.1840939896018442
-0.9437868248943305 -0.26600639835742057 -0.19623206972559662 -0.05011768475586479 -0.27799494665137825 0.9599153333217 0.03579612395475998 -0.10309063267232882 0.1788441746106952 0.08833543392544112 -0.9799038791233652 -0.18530200830611848
-0.9445241096548206 -0.26366691406564347 -0.19584168276408598 -0.05011737899966601 -0.2751874813565229 0.9608015832307406 0.03364770075284863 -0.10191067416911823 0.1792932134394019 0.08567424401998572 -0.9800580939547271 -0.18624532188690365
-0.9444808060661809 -0.26357276530349033 -0.19617697205036216 -0.04964344586706366 -0.27493495443639177 0.9609089550520141 0.03263052144700127 -0.10241377803601498 0.17990769244710422 0.08475480807075673 -0.9800254306431252 -0.18523606959892316
-0.9435094927786931 -0.26197807819714825 -0.20287267825072458 -0.048861333627927266 -0.27371465365306064 0.9612909791332345 0.031621856565519045 -0.09954719560860842 0.1867354423029636 0.08536474671191692 -0.9786944030731566 -0.18895843426691566
-0.9427671842036512 -0.26167327132894785 -0.20668124119214476 -0.04799291187310554 -0.2728153557931863 0.961691249380492 0.026864893605283758 -0.09852266730417131 0.19173371647198925 0.08171315644979392 -0.9780394378709103 -0.18949258893040413
-0.9421066064530974 -0.26072966749177473 -0.21084397683371764 -0.04747638292572485 -0.27157880124838885 0.9621237689610703 0.02372357293138847 -0.09702837531568087 0.1966725623718827 0.0796108892662746 -0.9772318095110835 -0.19072297183005166
-0.942202778147997 -0.2597360144828689 -0.2116391448450673 -0.04726055001732823 -0.27071133950637466 0.9623582147375578 0.024125446934777993 -0.09690655019804018 0.19740642216722865 0.08002417951899929 -0.9770500678979764 -0.19014549320433125
-0.9399213821270523 -0.25943077431472167 -0.22190869464452276 -0.04618138801873615 -0.27089811846250145 0.9623484782016294 0.02235208975649692 -0.09469499397827902 0.20775467463778982 0.08112385494702308 -0.974811220352267 -0.1927346311017423
-0.9399555676033902 -0.25818596776260727 -0.22321186568342388 -0.04631367802639331 -0.2682735734868245 0.963216881371708 0.015573349324023107 -0.09329556560404256 0.2109806168822235 0.07452010125489882 -0.9746455426507379 -0.19345077549232836
-0.9417581680083387 -0.2544775928335706 -0.2198470098391371 -0.046916996337949456 -0.2638588215037734 0.9644610462593622 0.01390728452769304 -0.09335197436825492 0.20849478483699094 0.07110587172605162 -0.9754352257848037 -0.1928435354887287
-0.9417996074029826 -0.25392017859305577 -0.22031350934261565 -0.04728448155663332 -0.2618345941944587 0.9650874312948492 0.006992513119815908 -0.09172883695506792 0.21084625863082407 0.0642712444252812 -0.9754040508227374 -0.19332708247279132
-0.9410412968340583 -0.25370846426046556 -0.22377062545264972 -0.04681887250154667 -0.26049863783608895 0.9654738372611477 0.0008539612256963445 -0.09081093090802672 0.21582802723099068 0.05909555589741773 -0.9746414612229205 -0.19370944520769934
-0.9433225146877473 -0.24836395099863778 -0.22013173584817572 -0.04790910825984497 -0.25330603295628645 0.9673678917480156 -0.005951107707475867 -0.08968786098354463 0.21442641383733121 0.050146882847686314 -0.9754519994287355 -0.1931107009366325
-0.9427883312756644 -0.24749468006973666 -0.22337534722441196 -0.04801449974837837 -0.2513729067279413 0.967823532207341 -0.011369796341606581 -0.0878414446956705 0.21900188166679882 0.04543119900331373 -0.9746661900279084 -0.19368769866257451
-0.9427986400231007 -0.2435461173834102 -0.22763130952937483 -0.04900957515855096 -0.24715653695528725 0.9688888814178469 -0.012960775638094427 -0.08529270770184459 0.22370599145053421 0.04404116452063491 -0.9736611346956374 -0.19572566482676595
-0.941141356842515 -0.2410743652588434 -0.2369305739149671 -0.04882864257927132 -0.2466710720212312 0.9690794600248274 -0.006195351958010725 -0.08471220330604298 0.2310980931737245 0.052613216714328837 -0.971506830011213 -0.19927546108807465
-0.9407448275843904 -0.23787059448695222 -0.24169557226320815 -0.04860414550655857 -0.2416856652016322 0.970250838542936 -0.01418976894709944 -0.08372881231536403 0.23788066043557465 0.0450654034171187 -0.9702483706791697 -0.1998884695267033
-0.9408044940943935 -0.23471029064021778 -0.24453626184960184 -0.04945568787827305 -0.2371821803993278 0.9712648892916363 -0.019726330888541022 -0.08196061784760415 0.24213945814926185 0.03944102302025457 -0.96943947129787 -0.2008602413055291
-0.9397692454554194 -0.2364829002275989 -0.246798709875265 -0.0499265084993096 -0.23574954622776234 0.9712546861046988 -0.03296188970713465 -0.0785738078711349 0.24749932676587372 0.027206113643829723 -0.9685060199249327 -0.20106705954994833
-0.9399598006400655 -0.23441517655170196 -0.24804253301182588 -0.05049699043020351 -0.23171375842705838 0.9719421465941642 -0.04046230133757972 -0.07656270891859078 0.25056796949390797 0.019441930875225708 -0.9679037679374631 -0.20071716355884028
-0.9396452600192691 -0.23307315149667596 -0.25048690858950584 -0.050488654603206465 -0.22816051083066588 0.9723946921680708 -0.048901369519169964 -0.07517639043813207 0.2549697366763638 0.011201280943034665 -0.966884152670017 -0.2006079218568147
-0.9422472312904997 -0.22385524590989414 -0.24911640653318667 -0.052226502523752896 -0.21730488538658974 0.9746165347315545 -0.05386276092974985 -0.07466057599131934 0.25485043047346967 0.0033821748138918193 -0.9669745699763834 -0.20026508060302767
-0.9442022043489886 -0.21740333292066918 -0.2474226912340396 -0.053055783198217236 -0.20860139256511584 0.9760599920410912 -0.0615820668428476 -0.07345481241455677 0.25488753661646363 -0.006533205317756651 -0.9669486340576025 -0.198531098619634
-0.9446997989394611 -0.21440480904792406 -0.24813880740598426 -0.054080053035794134 -0.2024553293904595 0.9765648855335599 -0.07302646057575994 -0.07148570611361714 0.25798087038605366 -0.0187510586352491 -0.965968047253587 -0.1980838844817825
-0.9462892683283275 -0.2074626016381855 -0.24798364778378668 -0.05494102488021405 -0.19359455163449338 0.9778683656392039 -0.07933857233117358 -0.0707956107836672 0.25895515098966704 -0.027068956456094587 -0.9655099695872089 -0.1968867947079699
-0.9473575468470116 -0.20297842870498464 -0.247615500145825 -0.055672326257571576 -0.18771300135712252 0.9786226187705087 -0.08403332167806758 -0.07037439197325551 0.25937908079395416 -0.03312895276342464 -0.965207213470392 -0.19595958072521918
-0.946503519044278 -0.20266097572915395 -0.25111674048797467 -0.05547020873200567 -0.18615210149333372 0.9785632720078048 -0.08809834156777233 -0.06975494607143726 0.26358771509009515 -0.03663948135387124 -0.9639393470855411 -0.19609743119493014
-0.9453425529307496 -0.19765945556997613 -0.2593418540115591 -0.05706385962175461 -0.17660341090638196 0.9789448739601408 -0.10236292787622252 -0.06494136022065192 0.2741143791825007 -0.05096737555475066 -0.9603455803795061 -0.19780703964058247
-0.943362915995482 -0.19800768603564223 -0.26619422419600125 -0.05596786392917336 -0.1732700121385593 0.9782948530548745 -0.11365158766969559 -0.06325855714634392 0.28292032733263944 -0.06109121669394726 -0.9571958794441411 -0.19750076663697594
-0.9450193696434914 -0.18911428195351984 -0.2667848934250622 -0.05803787010198475 -0.16383524333709548 0.9798511188140104 -0.11423571245282357 -0.06403069459585482 0.28301308103919093 -0.06424619303998894 -0.9569618710484603 -0.19750795639157076
-0.9451599397121525 -0.1849687972519138 -0.2691825261908725 -0.05903287995806814 -0.15796548099692528 0.9802562422824104 -0.11893109887567618 -0.06311348157307506 0.2858663939268362 -0.06988736301752815 -0.9557176158854247 -0.19753536211671519
-0.944593942966646 -0.1820323215349112 -0.273141935314471 -0.059774189865166125 -0.15199478607993883 0.9801164874592322 -0.12755099378322232 -0.06081526346550476 0.29092931773068387 -0.07896774611942724 -0.9534800612270681 -0.19773623683215502
-0.9450885486654772 -0.17774583972039232 -0.2742518033550077 -0.06037261371162323 -0.14562585465009034 0.980290873819066 -0.13350248373899284 -0.06093028031517512 0.29257605103428314 -0.08623351534722234 -0.9523460690274528 -0.19691038990177928
