1.0 0.0 0.0 0.0 0.0 1.0 0.0 0.0 0.0 0.0 1.0 0.0
0.999891467009104 0.0015960831987180887 0.014646047958560669 0.001140443480944664 -0.0015796238278962455 0.9999981079290614 -0.0011353091472038506 -2.581703012531221e-05 -0.014647832295054165 0.0011120506823666608 0.9998920963545697 0.0011402704467554567
0.9993447921555495 0.004307282852657882 0.03593652328771621 0.0014281197377434757 -0.004301393752991969 0.9999907198771639 -0.00024118734056753882 0.00016668025271810363 -0.03593722865446171 8.645217595600308e-05 0.9993540454326777 0.0025567454330715066
0.9979501679903081 0.006570502781347227 0.063657605211917 0.0015804507293486962 -0.006676109070104419 0.9999766684677656 0.0014464051274945228 0.0002720006826540442 -0.06364661637353547 -0.0018684253555015565 0.997970749677009 0.0034106002851006737
0.9952172103701067 0.007023668576945617 0.09743393794188983 0.0029014205632054276 -0.0073219940629263925 0.9999695363050118 0.0027046006881181967 0.001582916991410614 -0.09741197352525614 -0.0034050758671320663 0.9952383196361837 0.00515497488041472
0.990725041023569 0.004141072020391256 0.1358187932922706 0.003025172989812277 -0.0048250610851440666 0.9999772801064747 0.004707234472842988 0.0016157771939734728 -0.13579621450677878 -0.005318909040360916 0.9907225127815809 0.005556197117075846
0.9843751937349624 0.0010368244125415734 0.17608067172291175 0.003140269642780829 -0.0020003790704126666 0.9999839815460013 0.005294821524935982 0.0016478656285840122 -0.17607236138255422 -0.005564319054819732 0.9843614996080594 0.005944172738373661
0.9744617863952102 0.0005908472552403184 0.2245526168962976 -0.003674524344462425 -0.002149648096546103 0.9999752616592348 0.006697393717377892 0.0013694467997736924 -0.22454310470044586 -0.0070090633515137776 0.9744389499411542 0.0011480911880810346
0.9620344407194379 0.0005217535860918476 0.2729275776517135 -0.002270115085198402 -0.00333860413219473 0.9999458495154628 0.009856559199195794 0.0017379201784211943 -0.27290765579603143 -0.010393546555154226 0.961984088017011 0.004335329174330681
0.9466850406196122 -0.00351812928831796 0.3221413612583025 -0.0003687820661948263 -0.0020470081563533525 0.9998544958435756 0.016935078948633598 0.0019890025982138514 -0.3221540681485326 -0.016691611896378005 0.94654009237203 0.008292114817175263
0.9290055539703582 -0.01345426431159394 0.36982112360445396 0.0004283465841667288 0.0046535430650046445 0.999684593479081 0.02467910244528916 0.002240313297146115 -0.3700365187777679 -0.021206044713635176 0.928775149559049 0.010735932511057472
0.9064283176895712 -0.019480562806743967 0.421910194903116 0.00493924683337691 0.007937818106098558 0.9995450525272311 0.029097749260856322 0.0028676324538892493 -0.42228508845822094 -0.0230259775268212 0.9061705735813576 0.018180602045059963
0.8801144268963348 -0.02075115411507628 0.474307901232762 0.006789145901112896 0.0059132965761722256 0.9994459646328607 0.032753575418423914 0.0033320632083056767 -0.4747247923718936 -0.026022170969780697 0.8797495201052865 0.021293939570432636
0.850251088063216 -0.022581433588306526 0.5258927325076976 0.008474983286226973 0.0036173215968313644 0.9993064560026984 0.03706105740247169 0.003784175919079251 -0.5263648945662897 -0.02960888124230787 0.8497430858322989 0.024409588247206952
0.8152492973568719 -0.027870223757276668 0.5784391357669748 0.015081809217272538 0.004935002409767241 0.9991393529498587 0.04118493824386247 0.0045836422803100865 -0.5790891372753777 -0.03072139343608111 0.8146851950753766 0.03245367355802306
0.7785777235943352 -0.03282183328178616 0.6266892815284816 0.02020678872594729 0.006728711503135324 0.9990105426951417 0.043962029360159825 0.004985928243986512 -0.6275121136393862 -0.030011045366307918 0.7780282028254839 0.03573316970860442
0.7404670556266499 -0.03636574179026562 0.671108092899827 0.030387807111239992 0.007117153144326371 0.9989033620663162 0.04627547280933259 0.005384662498323116 -0.6720549722029586 -0.029489084025292153 0.7399138519183366 0.041368636699730475
0.7026254953174975 -0.03940217230967805 0.7104680725740737 0.036835584772262266 0.008013655850047261 0.9988405201533577 0.047469954915548666 0.004974968175737066 -0.7115147185053575 -0.027660153959181016 0.7021265706645752 0.03783507211478887
0.6589778936995809 -0.04071061861823541 0.7510597720201663 0.04650967956790067 0.007243402762553785 0.9988313545678059 0.047785544348255576 0.006439170577926113 -0.7521274285197177 -0.02604938893640687 0.658502665601558 0.045317278536187555
0.6150966825791297 -0.0404623050573381 0.7874127716449587 0.055813364099272525 0.003233691521657831 0.9988033907590447 0.04879887137399198 0.008026986128782953 -0.7884450610659514 -0.02746977389203461 0.6144914948174868 0.052492913496291205
0.5732722365436865 -0.040599102511543486 0.8183585129290565 0.06451208062803918 0.0012059522722390314 0.9988123960090126 0.048706706497663135 0.009349577568816755 -0.819364075663143 -0.026935301260419195 0.5726403767275711 0.05694070324095492
0.5324727174610812 -0.04149038141525312 0.8454296856685528 0.07593055616645013 -0.00029469626060360163 0.9987887921930859 0.04920225344013897 0.010512642340808146 -0.8464471148947968 -0.0264480025614494 0.5318155552884709 0.06295005691360722
0.4800411452561134 -0.04017318334850413 0.8763256325138766 0.07324376507495876 -0.003763616300717253 0.9988473662984755 0.047851583369172765 0.01350839831390653 -0.877237900488539 -0.0262688823181216 0.4793366372062722 0.0781728503540321
0.4426018164060042 -0.03943925474680272 0.8958505329010646 0.08115543636690757 -0.00710653572817371 0.9988466882811203 0.04748463393330657 0.014054194623373931 -0.8966900965573608 -0.027383179049422297 0.44181108207139647 0.0813403615539485
0.3846214482075373 -0.03673097422968812 0.9223433076197137 0.07822611639139093 -0.009731639647406648 0.9989911001148234 0.04384149953121208 0.01563636497254719 -0.923023096552036 -0.025838293742238796 0.3838759510675043 0.10274618307660818
0.3497841267131685 -0.034191721031305335 0.9362061690207041 0.06472971690408638 -0.009748137456508212 0.9991468142179546 0.040132498729062584 0.016204767761278462 -0.9367796104290671 -0.023163977444008978 0.3491523902729855 0.10616428575017561
0.29925261272882725 -0.036546125898930165 0.9534737827841674 0.057766896762278065 -0.0045234068293049535 0.999200670045229 0.03971850666653025 0.01353144798511162 -0.9541632001736531 -0.01619881671425735 0.2988480981559553 0.12048835664217386
0.24314194365930603 -0.03180146237358245 0.9694692683238988 0.054216851508082316 -0.005330330132134795 0.9994035206421932 0.034120236058221905 0.015880493497674907 -0.9699760733205004 -0.013463651766437585 0.24282740221576213 0.15053517234826153
0.22339814246914946 -0.030739714745027402 0.9742424440962973 0.06017330811058409 -0.0019448766184171256 0.9994865464680517 0.03198219636459223 0.0165241486479121 -0.9747253394655707 -0.009039544610127667 0.22322365295140512 0.1495479611910024
0.20934878820695438 -0.02991126130918321 0.9773834464135213 0.08223532782284215 -0.0003128574587119274 0.9995299444514629 0.030656031463038105 0.018739725053460516 -0.9778409824692812 -0.006723584739255096 0.20924102468627956 0.15258458004172987
0.19765760722371067 -0.030232817782563495 0.9798048004758513 0.1051659615425557 0.0010463809291814752 0.9995302322111663 0.030630376798851274 0.020639913080393684 -0.9802705623416156 -0.00502907792888546 0.19759638909058358 0.15691739488094025
0.15812728116734961 -0.030866470268169414 0.9869361802891845 0.11621221158134204 -0.0010522191659608727 0.9995054594506327 0.031428161944396404 0.02225924272026588 -0.9874181767546347 -0.006008122964837123 0.1580166025232512 0.18939447949182434
0.14767045673719562 -0.031888427070239714 0.9885224147312057 0.13715206980519093 -0.001812997845824017 0.9994696876195155 0.032512406379036664 0.023513109246936885 -0.9890349585559838 -0.006593310908076167 0.14753433161617285 0.1917962707057742
0.13799431484981406 -0.0324852148095057 0.9899001363207859 0.16437539600611498 -0.0016298675158355612 0.9994531665383126 0.033025920553655 0.02563682388815144 -0.9904316799259854 -0.006170795355199071 0.13786590834457052 0.19490851894167657
0.13268260375123211 -0.03381181488517627 0.9905816916519118 0.18427639784994906 -0.0012327672779754637 0.9994115650785669 0.03427832948151718 0.026557110899722028 -0.9911578113230156 -0.005769294703483151 0.13256284657472034 0.19121202214813654
0.12324047928719481 -0.034582462511726496 0.9917740859448217 0.21033688705611478 -0.001076113576732655 0.9993873753026145 0.034981653267345515 0.027718558603103835 -0.9923762523582631 -0.0053784172738656376 0.12312776446844163 0.1926821030967645
0.11405231338600219 -0.03505135312448355 0.9928562194272861 0.2360221009967156 -0.0006753262882546582 0.9993744452274569 0.035359046377298996 0.02911745589616487 -0.9934745159014925 -0.004703282943892201 0.11395729631684165 0.1945268226814563
0.10508317805707153 -0.037343220702699055 0.993762048760655 0.26099775828946736 -0.0015598675782797905 0.9992872889870316 0.037715790885013284 0.03044952171517395 -0.9944622127072317 -0.005513432369521654 0.10495003363955131 0.19619303284061063
0.09376070933879599 -0.03902586467533892 0.9948295890606731 0.2863251394301873 -0.0017556275896424376 0.9992234071812585 0.03936369282522322 0.03265820802167664 -0.995593213695258 -0.005437318035036888 0.09361938056051117 0.1982048774139672
0.08361716224970003 -0.04176735687208924 0.9956222466765327 0.3139299766513639 -0.0015708557930468193 0.9991144500307054 0.04204578637525465 0.03423376187295774 -0.9964967147910645 -0.005079728315136046 0.083477504579736 0.19933423228051964
0.0707158411875859 -0.04263416321148328 0.9965849677435378 0.33929402541311937 -0.0017863918909345835 0.9990791638104791 0.04286762465730985 0.03571968662640819 -0.9974949015454386 -0.0048117114423620235 0.07057456215841167 0.20081763531060934
0.0576646953090609 -0.041949098335668206 0.9974542877063274 0.3614844426465493 -0.0016155043987478306 0.9991115820257003 0.04211219309931271 0.036972970129563354 -0.9983346999180444 -0.004039778573209992 0.05754569600438246 0.20167845050917035
0.04393288167057554 -0.03995238989712506 0.9982352971367154 0.3875954668964627 -0.0021951175148319907 0.9991937675443875 0.040087359099127466 0.038255427939780845 -0.9990320732425042 -0.00395239698845846 0.04380976136468294 0.2022079574391991
0.027395529762931786 -0.03771395449130449 0.998912980487107 0.4147789682004148 -0.0027512778256223976 0.9992814115739572 0.037803319339439714 0.03962536894449035 -0.9996208858458967 -0.003783929093046007 0.027272082085611726 0.20295977052354747
0.008043432181200837 -0.03489016390614608 0.9993587842518562 0.44184928051461775 -0.00496399578568052 0.9993774063117647 0.03493076723181127 0.040997704391255725 -0.9999553299745881 -0.00524177605067971 0.00786522976450256 0.2027181545625214
-0.017393447873554884 -0.03211213194005293 0.9993329169767872 0.47192585261331027 -0.008932659231460227 0.9994492186737314 0.031960395672088096 0.0426787933034536 -0.999808819510073 -0.008370798929997874 -0.017670714619081696 0.20219271127899707
-0.04786508327413665 -0.030418444554039983 0.9983905308215181 0.49799441779619985 -0.01187412831937834 0.99948288832045 0.029882453568269123 0.04387291288249022 -0.9987832291742867 -0.010424691147349674 -0.04820152419444246 0.2010015474901855
-0.08016546248383533 -0.028897601647438875 0.9963625982762392 0.5284696330637556 -0.014036437070142928 0.9995132911112908 0.027859636147047104 0.04512644547609234 -0.9966827364107043 -0.011752000293392576 -0.08053206460767835 0.19814656209337206
-0.11372170226952107 -0.026475981461715276 0.9931598042805403 0.550952977763158 -0.014345013227336438 0.9995844070334868 0.025004675783005127 0.0461030027148807 -0.9934090773837491 -0.011403316234526836 -0.11405423863419215 0.19544108524639695
-0.14722536865443311 -0.022894858502976668 0.9888379625998865 0.5755223351198427 -0.013474197720162541 0.9996857262725624 0.02113988369623455 0.04722808047029708 -0.9890111914535478 -0.010211471050787822 -0.14748758943929627 0.1916398853238583
-0.1794591506978221 -0.01893222043648235 0.983583237077656 0.5989757262155346 -0.01409040002346805 0.9997617112796491 0.016672770806283314 0.04815861139751624 -0.9836645128589304 -0.01086699997813103 -0.17968315016572903 0.18720038640018172
-0.2112880948391203 -0.013989129728418452 0.9773237156790456 0.63062063647207 -0.014478649843091367 0.9998326610686161 0.011181169847717965 0.04923698668137236 -0.9773165862083676 -0.011787879787473119 -0.21145528182606277 0.18015774120268355
-0.24239453484742288 -0.0073138834287303205 0.9701501927976368 0.6594468379943824 -0.009750958082697693 0.9999394415559465 0.005102160056562781 0.04980845534100271 -0.9701287586153569 -0.008223158150267081 -0.24245117318228043 0.17244255646684134
-0.27267619047814773 0.0008779921287341352 0.9621054642169674 0.6981975139338561 -0.0032834780174939393 0.9999929107456008 -0.0018431577906021786 0.0504953450322027 -0.9621002618846107 -0.0036616373870625458 -0.2726713745394104 0.16089258455140892
-0.301114519811495 0.009351577034201062 0.9535421301472029 0.7342272575775035 0.0045432706897894255 0.9999546326567149 -0.00837205588874419 0.05068999379169635 -0.9535771623996327 0.0018112524225996952 -0.3011433457915494 0.14851927609786067
-0.32842491698646 0.017332261170160762 0.9443710428773032 0.7667062767596954 0.012226867113913057 0.9998258615058027 -0.014097885825515166 0.05088665034893707 -0.9444509397650143 0.006916602265555518 -0.32857964482007046 0.13623598281500077
-0.3546263131476382 0.0260127528981891 0.9346461976116791 0.8036140396433784 0.022551632862904236 0.9995600873441294 -0.01926280467127433 0.05087894712141973 -0.934736113498635 0.014246700503787617 -0.35505693859749365 0.12143096151934694
-0.3798920652837184 0.038196477979602565 0.9242418773267221 0.8305200478407507 0.029372270121342935 0.9991413923515247 -0.029218963666854746 0.05042751378870302 -0.9245643776841036 0.016047029625442716 -0.38068780431977206 0.11011992696291328
-0.4038228490562564 0.05455764692685558 0.9132089409012001 0.8591643928563245 0.03595659226103308 0.9983953811512672 -0.043746844100785415 0.04917651910499404 -0.9141303134964217 0.015169906315112853 -0.4051365743663827 0.09679317894409376
-0.4272460956694459 0.0730258207917013 0.9011814485623368 0.8898793677907343 0.039002189388269506 0.9972936519529876 -0.06232335835931841 0.048120888304372965 -0.9032937523077091 0.008520638001994365 -0.4289379859255895 0.08216164096670564
-0.4507606271410895 0.08795104675502546 0.8883014524327119 0.9243467653000561 0.04074075964656198 0.9961242426994656 -0.07795308595448854 0.04595314057787518 -0.8917146671008591 0.001051894054822846 -0.45259678080616467 0.06409720662875482
-0.475719520844115 0.09895282989389538 0.8740133150838344 0.9539944642692971 0.046489562781735126 0.9950916952668508 -0.0873569605887111 0.043679492240298115 -0.8783676098537632 -0.0009249145499993309 -0.47798481826608796 0.048757604565027146
-0.49880651625974054 0.10372684574145538 0.8604840502934079 0.9807834942722994 0.051503625614861874 0.9946056448450058 -0.09003881269188369 0.04142127456100742 -0.8651817357557597 -0.0005938981131320492 -0.5014580853866897 0.03371794825783128
-0.5198633026320405 0.10401184756779694 0.8478936738424458 1.0050675033370944 0.055557877822182584 0.9945750874723207 -0.08794155781717244 0.03914934610460201 -0.8524408887356396 0.0013895844520964303 -0.5228217672081436 0.01872649299096891
-0.5386264485228593 0.10126827575601675 0.8364366594530956 1.0267443403975165 0.06052895779220505 0.9948362697211025 -0.08146804107121706 0.037258789048085494 -0.8403676541968074 0.00674779762558334 -0.5419747900105336 0.004270042647719147
-0.5547323548937104 0.10170983893670432 0.8257887884305206 1.048876189545704 0.06876068161797048 0.9947092711381942 -0.07632453455570258 0.035388846039643394 -0.8291827199704018 0.014442111174707391 -0.5587910542656404 -0.011056983534621482
-0.5665401371457046 0.10264904699957476 0.8176157081129279 1.0765746740778384 0.07107850170995146 0.9946003514471212 -0.07561737562175225 0.033035456138583406 -0.8209629221819934 0.015274621151840246 -0.5707771599767042 -0.0315512324583364
-0.5764805240201689 0.10728525646403074 0.8100370850589977 1.0980322205521478 0.07505043096223282 0.9941045896591509 -0.07825278034028038 0.031241554734059426 -0.813656953659107 0.015682428512466727 -0.5811337395110835 -0.0472649323184149
-0.5863107224001067 0.10957412735004361 0.8026414189500446 1.111947361725016 0.07580008810930737 0.993883481452055 -0.08031171732290411 0.029939797745596637 -0.8065321341653351 0.013752669275805937 -0.5910302704993231 -0.05711032001208413
-0.5969083909896603 0.10839642837573277 0.7949531980447144 1.1304262899676627 0.07000824301091896 0.9940889073414432 -0.08298246930050622 0.028228703577180277 -0.7992491593218364 0.006120344440505434 -0.6009686536810965 -0.07063315679346718
-0.6071631754289362 0.10764659901245147 0.7872516040784563 1.153776942241617 0.07009942465311456 0.9941741562392543 -0.0818768448907187 0.026121768864929146 -0.7914789631230609 0.0054732793651878 -0.6111719022882489 -0.08852872501005252
-0.6150546878670368 0.10947791696800539 0.78084717879309 1.1765243948150192 0.07254965060482033 0.993970604451453 -0.0822130505669319 0.024121345905379864 -0.7851396558128386 0.006084667842154919 -0.6192888644948736 -0.10659286991533205
-0.621581172017833 0.11282876229387356 0.7751816025888184 1.199036431534858 0.07528073777129562 0.9935964238138566 -0.08425530906069498 0.02205576250606942 -0.7797240903765564 0.005984729194947999 -0.6260946620942527 -0.12480700554485488
-0.6245398998867752 0.11589957603002234 0.772345260699823 1.2215837630054949 0.07687929694409966 0.9932477602105233 -0.0868818769257842 0.01994219307835273 -0.77719977299971 0.005116161923502249 -0.6292331346459545 -0.14336734207545207
-0.6242572407105442 0.1180789158053158 0.772243657832616 1.2455191319838155 0.07668815986289257 0.9929992559171236 -0.0898409922299916 0.017670735598436012 -0.7774457045719038 0.0031380551727774085 -0.6289422302981656 -0.1627727332552199
-0.6234891423918496 0.11878156038985309 0.7727562553812339 1.2696661909440972 0.07880301640323725 0.9929058337878243 -0.08903982162967443 0.01448605437415912 -0.7778504830140751 0.005380161841899509 -0.6284263520360419 -0.1761338388414574
-0.6184586115956161 0.11740448361745097 0.7769975115595558 1.2955380375318293 0.07583556856509005 0.9930781758671908 -0.08969226921362652 0.011813181749135362 -0.7821495459844207 0.0034530917740562823 -0.6230811856199535 -0.19635024703612758
-0.614510174744893 0.11604658499969345 0.7803271334798689 1.3178056060403294 0.07286985957575401 0.993242845301748 -0.09032515608779852 0.009372920914487628 -0.7855362682272623 0.0013566011884532715 -0.6188141327836688 -0.20894018531844852
-0.6085303767918744 0.11569371188852064 0.7850514286026073 1.3451610176085758 0.07046978916207251 0.9932848032853536 -0.09175678927369292 0.006605187604473855 -0.79039533737048 -0.0005143848949261526 -0.612596887089044 -0.22967439376076698
-0.6055764688986367 0.1140848697263572 0.7875670021120604 1.3580721338730373 0.06774831693259435 0.9934684672655356 -0.09181813601819291 0.0048498643089712875 -0.7928980425433411 -0.0022465637260136433 -0.6093501842802421 -0.2371196706605293
-0.6039745617536734 0.11118875576393797 0.7892095978547937 1.379191255329934 0.0615019917932823 0.9937702726729273 -0.0929416492054137 0.0025572129491205613 -0.7946271035900551 -0.007596429637060934 -0.6070502948659618 -0.25046596537184573
-0.6066105970259856 0.10857015517020636 0.7875506999438793 1.4085098566983436 0.05858114726767921 0.9940422340729871 -0.09191455849850236 -0.001550198636995263 -0.7928378350965491 -0.009620721671982939 -0.6093567173289631 -0.2659478352907434
-0.6074589121519101 0.1057941333776443 0.7872745844939303 1.4323695464943964 0.054482158962459934 0.9943064801988463 -0.09157684090072984 -0.0039507909542300995 -0.7924805135787316 -0.01273674909236576 -0.6097642255991657 -0.2834878560079732
-0.6089800908761832 0.10559541467644737 0.7861252173259322 1.4619653803639667 0.0548218914914357 0.994332138102911 -0.09109423334647417 -0.006954671480486809 -0.7912887015051712 -0.012377703138711432 -0.611317416188409 -0.3061403624334992
-0.6092861243271379 0.10536145120659841 0.7859194508994255 1.4989450369718245 0.054997092178166944 0.9943613452534579 -0.0906688199860708 -0.01073006850971217 -0.7910409209101411 -0.012019969440900852 -0.6116451436742367 -0.3346144219848088
-0.6096646963026149 0.10491375100471995 0.7856857278405656 1.5365772012115708 0.05476580777373594 0.9944087172475677 -0.09028847856135033 -0.015585953293060466 -0.7907652397400462 -0.01201698432024962 -0.612001574921761 -0.3620561202295337
-0.609586898057249 0.10514870276871145 0.7857146835989497 1.5754949977118593 0.05583430035482407 0.9943973720366426 -0.08975743640775807 -0.019577357541813535 -0.7907504945435258 -0.010845127600119844 -0.6120425137084092 -0.3922058161932878
-0.6096797861986087 0.10547032193185381 0.7855994968763723 1.6102876794217704 0.0559536673644127 0.9943620631179282 -0.09007371725601074 -0.023152968290980423 -0.7906704404549938 -0.010958951748891128 -0.6121439013559423 -0.41910233051367873
-0.6099472606692989 0.10413867281639529 0.7855695233561811 1.6408646824431414 0.05391461444585418 0.9944839242930392 -0.08997187711644576 -0.026283962120115523 -0.7906058142659822 -0.012524422012292091 -0.6121973417959962 -0.44251402890954816
-0.6101627111478278 0.10376633512053464 0.7854514712064551 1.6738611703287365 0.05296187240703095 0.9945105696412159 -0.09024282211361923 -0.029682272425546823 -0.790503956976736 -0.013463824402529176 -0.6123089248382577 -0.46773037969620856
-0.6100971298794767 0.103651163295862 0.7855176181730358 1.7115802909676272 0.052414261014698045 0.994514422546869 -0.09051965857500478 -0.033988853820588 -0.7905910683502007 -0.014053458423718256 -0.6121831939470602 -0.49649381342120225
-0.6092169264600493 0.1028678682290177 0.786303337269141 1.7508285913275574 0.05235262791312791 0.9946048414241122 -0.0895567516510645 -0.03847499367060902 -0.7912736182036935 -0.013394442941707925 -0.6113155077642968 -0.5265682303049805
-0.6070258044394048 0.10228890769909779 0.7880714765212729 1.7902569003013693 0.053120307969330455 0.9946862660495271 -0.08818993714521518 -0.04250907985239726 -0.7929047267017273 -0.011670968004382307 -0.6092338490923684 -0.5574927429584473
-0.6059588442389242 0.10218830613493864 0.7889052092475365 1.828719585728192 0.05343917794221558 0.9947037630025154 -0.08779907818126649 -0.04621874268245189 -0.7936990193703727 -0.01104418208344595 -0.6082104016642754 -0.5858353990143617
-0.6042617126933402 0.10273247948129882 0.790135317671939 1.868159901535991 0.0540748676817759 0.9946543358798263 -0.08796965840927327 -0.050671260446019474 -0.7949488607816944 -0.010430233701630228 -0.6065867777711765 -0.6152722955470581
-0.6019459455337349 0.10389570281800381 0.7917491784595996 1.8983289952749893 0.05462483641201415 0.9945347632994689 -0.08897601831850101 -0.053882427585609856 -0.796666307749024 -0.01030958412385745 -0.6043314542308165 -0.6385395835388386
-0.601111779279721 0.10498970118154487 0.7922384688065697 1.9311352666395603 0.05428558823928385 0.9944074022404957 -0.09059245707457134 -0.057257155223678136 -0.7973190727184988 -0.011449061756465874 -0.6034494305774203 -0.6631109579736137
-0.6019535008869111 0.10696511534334364 0.7913345985546042 1.9630962662668083 0.05302277405015407 0.9941547912749221 -0.09404699047352247 -0.0603828029923144 -0.7967688298383799 -0.014653159546187651 -0.6041065441735384 -0.6868885687101508
-0.6042720718077024 0.11085966213371008 0.7890281354583157 1.9935759953880008 0.05355014699932827 0.9936849528408818 -0.09860322638711752 -0.062830553930847 -0.7949765059356035 -0.017330603255473184 -0.6063926163808586 -0.710190461976273
-0.6082743804167652 0.11259619624666829 0.7856999266382694 2.0190355030658558 0.05346044947922139 0.9934510388235317 -0.10098026441789965 -0.06540660651946982 -0.7919244019918084 -0.019419836539250578 -0.6103102583757771 -0.7296738613350671
-0.613055437191935 0.11286304302378183 0.7819366754723923 2.0561966518988863 0.05520202796842403 0.9934436782263624 -0.100111908883173 -0.06939153759167813 -0.78810898170087 -0.018209659839533786 -0.615266317338231 -0.7587381694046775
-0.6178691753702558 0.11158158632242278 0.778323346509053 2.0862948126929326 0.057001957627090226 0.99363141530144 -0.09719767153960007 -0.07312305891098539 -0.7842119987311867 -0.015689490744202117 -0.6202945920497994 -0.7825557793801292
-0.6229519358137054 0.1101729935605792 0.7744629088315701 2.1216156068358605 0.05489981630687884 0.9937487262266071 -0.09720843220857786 -0.07722476187134071 -0.7803312731368844 -0.018038309590409123 -0.6251061698237282 -0.8106417262553508
-0.6264924477292515 0.11522491897305848 0.7708634321239155 2.1483640120205068 0.05822106688602094 0.9931674958417626 -0.10113670240837058 -0.08012627892884844 -0.7772499728587113 -0.018480888805415232 -0.6289204531895083 -0.8332365598612637
-0.6308428094540217 0.11772603962064568 0.7669275906859748 2.1727809558426876 0.058946475021663225 0.9928376261696418 -0.1039170878360942 -0.08289863481797186 -0.7736683157805289 -0.020347669573011228 -0.6332640124784208 -0.853272937163212
-0.6350701382780275 0.11949235451167062 0.7631562727782453 2.1993967191712085 0.057762755189711835 0.992542892705719 -0.1073409067049427 -0.08605980467517674 -0.7702917522474347 -0.02408699550801822 -0.6372365597381993 -0.8751395742000195
-0.6389858471228195 0.11950928490174786 0.759878028369688 2.2198377033782735 0.056512148154247765 0.992481157742074 -0.10857038563958295 -0.0892547114446208 -0.7671397944884149 -0.026432600121979514 -0.6409351397474365 -0.8907025470342724
-0.6425800727358276 0.1195538297210147 0.7568340187398134 2.244074315050517 0.05846553289802448 0.9925228910567855 -0.10714519210498051 -0.09332275674164824 -0.763984706382118 -0.0246006611151406 -0.644765209891887 -0.9090494786195848
-0.6458662210701774 0.11507794290557806 0.7547276936333717 2.2709144949458713 0.061779856839100186 0.993210347166389 -0.09857208311963359 -0.09795267469275983 -0.760946827163023 -0.017037409962323814 -0.6485905124902046 -0.9273322170400082
-0.6479791815698894 0.10613239155823787 0.7542273501499029 2.3103389936288923 0.05848811189701438 0.9942536717551621 -0.08965922689875906 -0.10253685142252499 -0.7594090604007436 -0.013983978814694969 -0.650463163690129 -0.9604322521889753
-0.6493168684304551 0.10300824112937888 0.7535097256380289 2.3402864029487356 0.05516489057170235 0.9945542524315951 -0.08842326514230534 -0.10571960941273364 -0.7585146268990992 -0.015847436059066626 -0.6514632910229671 -0.9859624253131403
-0.6517399295115528 0.10712250686054492 0.750839418786859 2.35596964594147 0.05496514180587989 0.9940433372897736 -0.09410991858487712 -0.10799473494471923 -0.756448212018864 -0.020065196577785577 -0.6537457383568614 -0.9962273871858529
-0.6542618112297516 0.11275763050126388 0.747814949790458 2.3750172725489196 0.05620115074931886 0.993337542456516 -0.100607939054952 -0.11086314671896931 -0.7541769772545551 -0.023795871704422877 -0.6562399282800522 -1.0091580237759912
-0.6559835286865984 0.11853629252211305 0.7454091208504163 2.399440303427442 0.06443992384915428 0.9927805522220652 -0.1011645755388188 -0.11542098306275493 -0.7520193523481921 -0.018328188255975673 -0.6588861595215507 -1.0254690551861294
-0.6571826921399795 0.11899044833975363 0.7442796398905137 2.42986378354142 0.06509467577117187 0.9927307621434244 -0.10123397196773778 -0.11928334508493688 -0.7509151698680051 -0.01808057239202883 -0.6601511194901365 -1.0490532051473007
-0.6585239702472353 0.11576091775606034 0.7436031135828391 2.4533305922593294 0.06314398501102403 0.9931134184642543 -0.09868421972713384 -0.12263752290173327 -0.7499060059545772 -0.018031860317242326 -0.6612985968885404 -1.0658348792493753
-0.660006462413363 0.1130106032459184 0.7427112986393785 2.4831255638729566 0.06450603605601099 0.993494720655384 -0.09384674390837223 -0.12767073188384176 -0.7484854313110841 -0.014030095646744258 -0.6630028020538097 -1.085745141332926
-0.6612564991996669 0.10740572568929076 0.742431042154999 2.5160665087253666 0.061737911361070576 0.994131530607055 -0.08883090764834621 -0.13238483083396002 -0.7476150564073563 -0.012903873140007013 -0.6640069408455093 -1.1098163725785526
-0.6629431696607075 0.10200471848111912 0.7416882034978053 2.5447418290605066 0.05538924881367765 0.9946423239242234 -0.08728504210034123 -0.1372301093696063 -0.7466179645013044 -0.016783470028264264 -0.6650412996331418 -1.1300657820330628
-0.6632317225280937 0.09754561885889605 0.7420300091464311 2.577575259059564 0.04950621598310332 0.9950163830430367 -0.08655363686737201 -0.14184031051622284 -0.7467749438829964 -0.020670019771876352 -0.6647555441447457 -1.1543385074107102
-0.6627725739686342 0.0985071339016022 0.7423131817268797 2.609994911398168 0.051648011028678366 0.9949623764110026 -0.08592061733561503 -0.14629369443060936 -0.7470374810889839 -0.018606829311941325 -0.6645214727540275 -1.179487356710425
-0.661710133681592 0.1011204135663335 0.7429093894569271 2.6408397985709944 0.052677309546169775 0.9946848782437863 -0.08847086555529182 -0.15014803370850188 -0.747906946111659 -0.01940760040034445 -0.6635198150806291 -1.2040813313753722
-0.6586564678147616 0.1042890629052966 0.7451814871319052 2.6773479804399263 0.05357232716382725 0.9943347417322932 -0.09180646571133695 -0.15478582684935183 -0.750534251828679 -0.020547816002933185 -0.6605120166124717 -1.2322134028533998
-0.6534515613702705 0.10641456654863839 0.7494511304741768 2.714281174777108 0.05652381306483312 0.994164725102711 -0.09187795120726396 -0.15991928771125927 -0.754855029458881 -0.017675955071742563 -0.6556534489445875 -1.2603819151970188
-0.6471600202335114 0.11085913292713996 0.7542507281123461 2.751689760432396 0.0633483494946747 0.9937687789984117 -0.09170932615764173 -0.16575599981673914 -0.7597176415140443 -0.011570070640712193 -0.650150166221394 -1.289691110558136
-0.640144239003854 0.10971923076748581 0.7603795392236486 2.7928714829642636 0.06001158349520095 0.9938663976926625 -0.0928880691143451 -0.17160777627804785 -0.765907281018124 -0.013830182109582452 -0.6428022736007081 -1.3203040889956694
-0.6318040901035866 0.1071713140734169 0.7676834641752786 2.829003165503176 0.05604649441096758 0.994119512525774 -0.09265627490753793 -0.1763867958417369 -0.7730992059190206 -0.015514646476058122 -0.6340953505208043 -1.3474060254763054
-0.6231302619881216 0.10377921062445367 0.7752022652422917 2.869032622224586 0.053676068701013734 0.99449515473582 -0.08999037090580381 -0.1818623261649288 -0.7802740263801037 -0.014465913352620345 -0.625270486355669 -1.37640295311591
-0.6147295407867193 0.10201387927406663 0.7821130098135474 2.892380854038725 0.04959418465914411 0.9946376922151148 -0.09075394246514719 -0.18475956716893316 -0.7871772408626562 -0.017000872343176394 -0.6164924669510782 -1.3927162046966401
-0.6056845091482865 0.10256040964528644 0.789067574895326 2.933320415281253 0.05038288000600022 0.9946118402157186 -0.0906027190816309 -0.19019222179556095 -0.7941082047051902 -0.015121166491884646 -0.6075882730466611 -1.4193413363039757
-0.596066223886517 0.10369513466098382 0.7962112632896557 2.975952380895893 0.05028864008753187 0.9945001760354834 -0.09187193555989318 -0.19611060476136408 -0.8013589142324524 -0.01472137605712226 -0.5980026518897463 -1.4476995547950602
-0.5862045378818067 0.10770382521106195 0.8029720579208738 3.017564122345429 0.04940105628143541 0.9940316191463078 -0.09726600524145175 -0.20236155211461282 -0.8086555356918395 -0.01735010582840958 -0.5880265286725479 -1.47520897647654
-0.5763973264243696 0.11898169866660521 0.8084611787051055 3.054862393691174 0.05527855768501494 0.992754189092313 -0.10669302273302733 -0.2080878761786266 -0.81529773895866 -0.016807005148310215 -0.57879799708261 -1.4987876005953564
-0.5669492372968346 0.12281806947742492 0.8145454463308825 3.097419578756314 0.05292475234787697 0.9922106864774378 -0.11276934081952204 -0.2140017134406734 -0.8220508092067385 -0.020824875744946403 -0.5690332078470934 -1.5245696382471328
-0.5570405027314551 0.11991148377109252 0.8217828876147905 3.1326246446975645 0.05034134454293892 0.9925770217284354 -0.11070955228118498 -0.21939274323985952 -0.8289581577777594 -0.020300049174982675 -0.5589421085024782 -1.5463068602002692
-0.5470198690251021 0.11803456211717014 0.828756360480913 3.1720094626458213 0.05071514797496761 0.9928637725132908 -0.1079328633759704 -0.22600834738961573 -0.8355819748281059 -0.017010919330447117 -0.5491023510839261 -1.5701226611178234
-0.539024146582549 0.11819504043495382 0.8339561749981441 3.2161743716893683 0.04639706571324318 0.9927686397149299 -0.11071467965789775 -0.23282299401054296 -0.8410114634736885 -0.020984766263409383 -0.5406101718343025 -1.5954657139784854
-0.5334074732637718 0.12197822742668489 0.8370171918785201 3.2498324110912034 0.04183427081879981 0.9921409638312778 -0.11792455924439293 -0.23828881114099096 -0.8448232722004156 -0.027885837297262798 -0.5343182748388945 -1.6145388296550314
-0.5297389183374174 0.12643314148041349 0.8386842905015556 3.2891015979775107 0.037327570262022505 0.9913442800865488 -0.12586965813093182 -0.2447139502761017 -0.8473389704817292 -0.03537200976843359 -0.5298730886050967 -1.6365937352579338
-0.5271939144461621 0.12789477764543908 0.8400651774844361 3.3206469492042947 0.033917078507253944 0.9909878471287259 -0.12958672242435773 -0.24987151688489312 -0.8490678467333838 -0.03982477487920069 -0.5267805795104403 -1.6544067281315218
-0.5238071550870416 0.1284396959888434 0.8420981586334896 3.357946780448951 0.03425832443384262 0.9909439272298634 -0.12983258563713337 -0.25648570406988463 -0.8511477142579918 -0.039158365396579436 -0.5234636481484292 -1.6762381835203723
-0.5199960555406666 0.128914084222871 0.8443845457557394 3.402145542495788 0.034154186192199384 0.99089291112755 -0.13024872453387262 -0.26417254423487735 -0.8534855556995062 -0.03888955600326476 -0.5196633608848839 -1.7006267962818213
-0.5145638184108731 0.12669066766804732 0.8480410081524633 3.4411058615537495 0.03469629337343224 0.9912907718017313 -0.1270384704207961 -0.2712183887548195 -0.8567498141281183 -0.03594552081324775 -0.5144780612668515 -1.7225667208460822
-0.5099669675847385 0.12434530188313409 0.8511591730528542 3.4843100474040223 0.03532173992605132 0.9916892689077623 -0.12371244327781816 -0.27871625146412204 -0.8594684791550075 -0.033024836604647424 -0.5101208616653646 -1.746252557772379
-0.5050749682863281 0.12243436230228247 0.8543471796279302 3.52298710069553 0.03439594916067467 0.9919559940574835 -0.12182046024682298 -0.28541106985888615 -0.8623898162037289 -0.032142382939746764 -0.50522338834129 -1.767205529655199
-0.5010127782565905 0.11889008832513048 0.857234707021161 3.564304050470958 0.024177939647539868 0.992055273019701 -0.12345753321765338 -0.2919268440455948 -0.8651020883444988 -0.0411276327039525 -0.49990688589992094 -1.7887255005925764
-0.4969090161978817 0.1178794857606787 0.8597591851548037 3.607665660302125 0.016667535213096225 0.991844897035972 -0.1263562166796868 -0.29887387228509527 -0.8676425663204718 -0.04845747682744398 -0.49482143248685617 -1.8095599408338388
-0.4922226865820498 0.12125256881721683 0.8619829704635562 3.6184962959338374 0.014717436444534271 0.9912685450217147 -0.13103460884443896 -0.301144816551599 -0.8703448878912607 -0.05181202761657475 -0.48970939333017616 -1.8173509279315032
-0.48644525453384724 0.1225473200866047 0.8650740827704253 3.6575410823743657 0.010906679127773305 0.9908891765002539 -0.13423741745516918 -0.3070292509882518 -0.8736429812525855 -0.055864069259421466 -0.48334992197565757 -1.8373520801800318
-0.4813618795461297 0.12125404975678367 0.8680945779910146 3.692702280690252 0.010297422446543691 0.9910993815886527 -0.13272520071760305 -0.312973385601553 -0.8764614674991571 -0.05494971548744022 -0.4783260653122247 -1.8547343860823253
-0.47516718820250076 0.11821734578624718 0.8719178874246046 3.7333477309624024 0.01061697313103066 0.9916315931997081 -0.12866259460202417 -0.3198475080492949 -0.8798314742820158 -0.0518791145206353 -0.4724459062573091 -1.8746881375257018
-0.4700836780420797 0.11532877512806848 0.8750546321606963 3.774283946583484 0.007859137089880244 0.9919340632526549 -0.1265110592923062 -0.3265758007838141 -0.8825868623555612 -0.05259360974984723 -0.4671983974831758 -1.893504510774848
-0.4647826842919493 0.11921661229590655 0.8773622146725147 3.8061519836221716 0.0068956883299604085 0.991351439292149 -0.13105255928756795 -0.33171125950173264 -0.8853979364471252 -0.05486094390414625 -0.46158506363304225 -1.908247564658059
-0.45819319835293776 0.1221012018753452 0.880426197635954 3.8545165315932115 0.0063138563939313394 0.9909419888667503 -0.1341421258152211 -0.3396654079464804 -0.888830202119923 -0.055904125083815814 -0.45481380871524857 -1.930856964002503
-0.45310765195904346 0.12191802744061818 0.8830795266119318 3.896979270586655 0.0025335825945655764 0.9907759364154505 -0.13548662214146598 -0.34650792758406807 -0.891452206624337 -0.05915267031214658 -0.4492370475590183 -1.9494159295574955
-0.44728698688181107 0.12130142064016657 0.8861265805272238 3.937101103159621 0.0010695442735230358 0.9908321222565002 -0.13509463934482027 -0.3531599285087099 -0.8943898520450903 -0.05947832256661598 -0.4433160517096399 -1.9675642517946133
-0.440199449915415 0.12177399784725952 0.889604146653142 3.9756388555398305 0.0026975049123972115 0.9909356886912926 -0.13431003069444086 -0.3594614112375971 -0.8978959671150185 -0.05672349007413524 -0.4365378310208575 -1.9841572310001792
-0.432724906195962 0.12323984070225147 0.8930627621961308 4.014156945756576 0.0038959038435176264 0.9908586852289217 -0.13484764677084687 -0.36591027803577014 -0.9015175968836875 -0.05487264865192426 -0.4292493621882081 -2.000846453437237
-0.427621105527007 0.12366337003625394 0.895459413384627 4.0544116144176385 0.0010716215776183846 0.9906670501533129 -0.13629984360852496 -0.37070706484510996 -0.9039574335858164 -0.05732509617777675 -0.4237626595314326 -2.0169910580998276
-0.42359269267429667 0.11982517250911355 0.8978926209442327 4.093114324583615 -0.011374858675548284 0.9904307889691579 -0.13754077523419464 -0.37515074043562274 -0.9057813440908633 -0.06847466900302676 -0.4181762504039114 -2.0319360841046206
-0.41830790212354246 0.11791730099979704 0.900618681321861 4.1142284107546185 -0.01590174945493372 0.9904347297216579 -0.13706268830516802 -0.37882514849314425 -0.9081660824900223 -0.07165581822916661 -0.4124315826032658 -2.0431107198131495
-0.412993090458273 0.11919413667257549 0.9029005842376046 4.139738704226927 -0.012741929787588141 0.9905453588934031 -0.1365925883787553 -0.3833185722005133 -0.9106450189063867 -0.06791649105777053 -0.40756962568791366 -2.056958590982329
-0.41129676523797 0.11990276277499447 0.9035808200618852 4.175365298971214 -0.013191635460856733 0.9904234694258904 -0.1374311899251074 -0.3881920472581905 -0.9114060300758661 -0.06844471264668604 -0.4057762556533609 -2.0674364411956123
-0.40660319222175684 0.12148465860672429 0.9054917568914076 4.19824011134024 -0.01378417475341756 0.9901911151644854 -0.1390379515659694 -0.39195108517989713 -0.9135008706079295 -0.06901473156147327 -0.4009403025714085 -2.0791307965231094
-0.3990414568037846 0.12214290865490675 0.9087612588668356 4.222361603017558 -0.008993263607764592 0.9905190671413074 -0.13708062897133388 -0.3964344562283087 -0.9168887811297481 -0.06287358344181812 -0.3941597081686423 -2.094061963600313
-0.3937734697563759 0.12253688129217505 0.911003384867046 4.253953047213251 -0.004912787082664451 0.9907800723341875 -0.13539096272840181 -0.4009260655093558 -0.9191943858831523 -0.05778893482866201 -0.3895409092409459 -2.1075486523406735
