1.0 0.0 0.0 0.0 0.0 1.0 0.0 0.0 0.0 0.0 1.0 0.0
0.9999971741563097 -0.002115344574071186 -0.0010848948005316144 -0.0010840394982633403 0.002117817127150053 0.9999951513475895 0.0022830094014712563 -0.00015301655554083974 0.0010800601887038658 -0.002285300558833269 0.9999968054305698 0.068417039515312
0.9999941494103788 -0.002247597749330982 -0.0025786526269962946 -0.0020250153976360792 0.002253873442142659 0.9999944993166684 0.0024333908260869928 -0.0002376320822579956 0.002573169158900822 -0.0024391885459883744 0.999993714560105 0.1258070330122875
0.9999902187356439 -0.0006953099833264418 -0.0043679488397747185 -0.0031584510424993145 0.0007021088416970117 0.9999985442080274 0.0015551929140692495 -0.00028080621923368815 0.004366861139790717 -0.0015582444778167116 0.9999892511411975 0.186437321891262
0.9999851141674246 -0.0003273117615040412 -0.005446495256097115 -0.004655654717853672 0.00033241801878412016 0.9999995060905321 0.0009366519906834764 -0.0005446685714054491 0.005446185988808961 -0.000938448561001008 0.9999847290696361 0.25381313277121464
0.9999772713968392 -0.0003703475974407323 -0.006731978341505111 -0.005949874829036733 0.0003758654704448088 0.9999995944696592 0.0008184043404415767 -0.0009590615179756892 0.006731672517402824 -0.0008209160574603459 0.9999770050765894 0.31329509438894176
0.9999558606202359 -0.0005443366285015135 -0.009379792581914702 -0.0069861770878031654 0.0005507566155522811 0.9999996158538328 0.0006818792680837627 -0.0012462665995283495 0.009379417806841903 -0.0006870151531726844 0.9999557762880239 0.3757572942812899
0.9999349057263702 -0.0028568890518564658 -0.011046379268407711 -0.008326666650738687 0.002850623998815603 0.9999957670981463 -0.0005828624250558383 -0.0015729587714715726 0.011047997683449705 0.0005513354102072258 0.9999388170165475 0.4348302720897977
0.9999126096348798 -0.004121489621213906 -0.012561306320120489 -0.009550999565664322 0.004113652162556237 0.9999913278336083 -0.0006497102904859262 -0.0018784506580919694 0.012563875160601421 0.0005979806671582324 0.9999208926010451 0.484479189139858
0.9998996770571084 -0.003655477902909108 -0.013684783607839559 -0.011392226832092798 0.003637788270125098 0.9999925155554016 -0.001317319126369416 -0.002142959026803771 0.013689496615792732 0.0012674046237502383 0.9999054912180083 0.5480305989396322
0.9998943957257351 -0.0030062451484865753 -0.014218294074042263 -0.013950270674537562 0.002982916318279852 0.99999417049101 -0.001661684155872148 -0.0027339380125971 0.014223206618301912 0.0016190966935113165 0.9998975342100764 0.6159466827891774
0.9998888071084824 -0.0019231661975131816 -0.014787658738083843 -0.01572493500116799 0.0018997615318068904 0.9999969208816674 -0.00159660054693461 -0.0030859517882041413 0.014790683733336432 0.0015683299910872397 0.999889381889687 0.6721613643391193
0.9998769587402632 0.00019884425794460174 -0.015685274663981553 -0.01726772264409636 -0.00021848520935799438 0.9999991942731624 -0.0012504868006748865 -0.0033680785326398823 0.015685013373815764 0.0012537599397225508 0.9998761965570926 0.7193458344092438
0.9998695390205661 0.0015962090369729164 -0.01607348921399123 -0.019515070075963852 -0.001611843988051414 0.9999982403614232 -0.0009598088429181028 -0.003674255254589987 0.016071928874911653 0.0009855915822730753 0.9998703524514932 0.7766419144366985
0.9998624797136081 0.001296447712069675 -0.016533024051442382 -0.021138282506675585 -0.0013193106904917924 0.9999981884673803 -0.0013720354440418863 -0.004037829043375849 0.01653121532911862 0.0013936589567120077 0.9998623788474367 0.8309275434310361
0.9998572944277693 0.002122354771594943 -0.01675966556363982 -0.02319943890506412 -0.002155835251781565 0.9999957162397612 -0.0019798677972999875 -0.004356696879556934 0.016755391787385034 0.002015716336963309 0.9998575867260799 0.893663247552276
0.999852400401609 0.0031493000472860282 -0.016889621675840686 -0.02490187359080766 -0.003183893578891643 0.999992887721284 -0.0020217142543217117 -0.004786703555752857 0.016883134567348083 0.0020751906081134335 0.9998553162088607 0.9481332280223591
0.9998485690630875 0.004444538970562131 -0.016825130484950504 -0.026981377982637996 -0.004469446488871872 0.9999889707475935 -0.0014430631492072647 -0.005197048667971446 0.016818531165936904 0.0015180436451734706 0.9998574061099474 1.004192584766269
0.9998448209564554 0.004851574135719551 -0.016935059343238818 -0.028720994546141264 -0.004906454751948116 0.9999828412583099 -0.0032006078681329916 -0.005758908824630742 0.01691924077257922 0.003283202303254677 0.999851468906415 1.0556590697415813
0.999839620299381 0.005905466218831546 -0.016907369645431984 -0.030815426642018327 -0.005999059877833782 0.9999669333074875 -0.005490316220561945 -0.006194696586358289 0.01687438769766827 0.005590864008170074 0.9998419861555482 1.1101611390947361
0.9998502359357988 0.004449909981414113 -0.016724353508706512 -0.03245527677332955 -0.004551016978569418 0.9999715698066575 -0.0060123059528740955 -0.0067941711301451185 0.01669712381183251 0.006087518342273372 0.999842061616156 1.1617005371524602
0.9998529957242056 0.003742843498589835 -0.01673254505076647 -0.03391367357404648 -0.003809351043098693 0.9999849642254807 -0.003944637828190978 -0.007199604710713395 0.01671752930194318 0.0040077980875068775 0.999852219964795 1.208620478218246
0.9998618456419087 0.0017970179062426234 -0.016524538002601456 -0.03554901974506459 -0.0018454676515672018 0.9999940420594526 -0.002917206668335994 -0.007904125394893963 0.01651919727776801 0.0029472991438624745 0.9998592048628923 1.261636779781825
0.9998493107898097 0.0017321296874661177 -0.017272968473520132 -0.03623273125263445 -0.0017990943218093376 0.9999909238325047 -0.003862060620467727 -0.008257666242759512 0.017266122111310366 0.003892554349104896 0.9998433522546804 1.297312802409228
0.9998423446357574 0.0024090467391663954 -0.01759211093298698 -0.037139073261316685 -0.002516238582382734 0.9999783898126828 -0.0060735863401798085 -0.008715700255441751 0.017577099210807304 0.006116894754988495 0.9998267995917544 1.3315821553913822
0.9998407732425963 0.0037343790665778703 -0.017449429063247472 -0.038641082239285786 -0.0038606479918617456 0.9999665680330736 -0.0072082045781669156 -0.009228960935298324 0.017421927526229154 0.007274422942398046 0.9998217637219778 1.3808258733394254
0.9998396190481176 0.005346502270899536 -0.017092428007211904 -0.0401547380185396 -0.005495136138711574 0.9999473957791188 -0.00866078249219994 -0.00987040197412051 0.01704522398009263 0.00875331868650122 0.9998164030217953 1.4291622837009477
0.999842010022365 0.006620786976368902 -0.016496065417253514 -0.04131528560464769 -0.00675628388767901 0.9999437860125044 -0.008171746631500174 -0.010459177910285354 0.016441034713967722 0.00828190767842198 0.9998305368324876 1.4749721105880198
0.9998669903269098 0.0068918637760075445 -0.014781876345735282 -0.04295544810078101 -0.006988983926425481 0.9999542643463308 -0.006528653710013442 -0.011298556329173861 0.014736205694949331 0.006631095632101146 0.9998694278816781 1.528614856357975
0.9998881748037959 0.006708542431646414 -0.013365378632042084 -0.04425557840318185 -0.006789937750919392 0.9999586222328087 -0.006053971225661769 -0.01194862749095212 0.013324212279670655 0.0061440443280713014 0.9998923522491915 1.5761881072160995
0.9999013648884358 0.007498293891805893 -0.011875861356438531 -0.04518628681860538 -0.0075686468409140424 0.9999540094738308 -0.00589020561660434 -0.012543340598503247 0.011831148686530943 0.005979508836055366 0.9999121308369237 1.6195258577336125
0.9999336581345777 0.007159485683990272 -0.009023363804239473 -0.04608765730342717 -0.007221743024879758 0.9999502136301694 -0.006885977683693001 -0.013124129469784297 0.008973614505066708 0.006950685269703067 0.9999355790334679 1.663278899875738
0.999966965424032 0.006375298922624446 -0.005042184477130855 -0.04766424865367672 -0.006420715986384657 0.9999384963323897 -0.009043116649730974 -0.013907656045018238 0.004984221792459931 0.009075192348686272 0.9999463977718799 1.7148405182006288
0.9999756649164658 0.006520271040159299 -0.002481056314524433 -0.04805398983765895 -0.006547545668953146 0.9999164157736137 -0.01114859238478126 -0.014531983358828696 0.002408157093288082 0.0111645659123815 0.9999347744965182 1.7539612905242243
0.9999761959347072 0.006868522739791733 0.0006564749238289967 -0.048276308201424825 -0.006860827658883797 0.9999150570873556 -0.011081861478304063 -0.015026347516897073 -0.000732535178498494 0.011077093723635717 0.9999383787948389 1.788754309294464
0.9999564429088141 0.007371771962164147 0.005724444365142525 -0.04869993654158047 -0.007305239790010487 0.9999065224323748 -0.011557675752678338 -0.015799501950758358 -0.0058091098080672995 0.011515353895190367 0.9999168219746614 1.8299014888749932
0.9998886011049432 0.008881063088799547 0.011996336891420718 -0.04890241510718495 -0.008726037901186506 0.9998785373746485 -0.012913820506707032 -0.016368824719746145 -0.01210956823948344 0.012807701430982317 0.9998446485035103 1.8703656308814973
0.9997686370179388 0.010182257368513645 0.01894713883871811 -0.048856107322379334 -0.00993006370587571 0.9998614799682704 -0.013357196953546261 -0.016795170463449548 -0.019080520697546507 0.013165960296915188 0.9997312594989569 1.906476788206944
0.9995751615780895 0.011575417859147003 0.026748944979591092 -0.04837367910879877 -0.011237572626519884 0.9998556149329807 -0.012746224870680226 -0.017475807466588413 -0.02689262571038086 0.012440216572730534 0.99956091745027 1.9432950703623904
0.9992077810718869 0.014498128193672803 0.037062305976216556 -0.04802241564555509 -0.014029249595418111 0.9998186261678761 -0.012880020324888618 -0.01805123660588813 -0.037242320029560225 0.012349860187871287 0.9992299487866425 1.9888702910755274
0.9986227416258731 0.016597599293079045 0.04977087105255157 -0.046649765284766664 -0.015949627816441575 0.999783160077658 -0.013388136451655886 -0.018765029521507347 -0.0499822896648419 0.012575870659226237 0.9986709258795022 2.031938760502662
0.9977818349842067 0.018363655797021653 0.06398582594072123 -0.044430134028059357 -0.017543665691728456 0.9997569210561982 -0.013353598553448203 -0.019445648300228113 -0.06421549322121904 0.012201432128989512 0.9978614610677964 2.0737810114721995
0.996618783916174 0.02078333453481067 0.07949246851783659 -0.041783789532757146 -0.019831956136129925 0.9997221661948145 -0.012739071181267885 -0.020181180689125038 -0.07973514320084642 0.011119506480099035 0.9967540637059774 2.116358861946413
0.995065814126373 0.02104682993153042 0.09695904551330303 -0.03848104485702559 -0.019917403345801044 0.9997222075671754 -0.012601775310377792 -0.02082219214265571 -0.09719733844595707 0.010608423391147058 0.9952085905739441 2.162151842962379
0.9931198285475009 0.020914697022106 0.11521971009447576 -0.033898857387130325 -0.019396706173439367 0.9997098778704496 -0.014280331854379328 -0.021191044995226428 -0.11548495112092512 0.011947197860731906 0.9932373787407892 2.2050175669085244
0.9906628091215717 0.019980497266551607 0.13486281308180312 -0.029062186122620376 -0.017987864424134477 0.9997105321117693 -0.01597775698467631 -0.021637860591165833 -0.13514301815785612 0.013402675620329084 0.9907354505262248 2.2459757440456314
0.9877091068716477 0.017779319044432813 0.15528881484874577 -0.023159275967449516 -0.015367464246667057 0.9997421381063141 -0.016718203768426736 -0.022318401072480218 -0.15554601005952798 0.014126326802516418 0.9877276373806848 2.2871502555641534
0.9842187943293779 0.012831521528683389 0.1764899910592222 -0.016916322360177184 -0.010311563355986448 0.9998314844091087 -0.015187970418505826 -0.022895695817613804 -0.17665513451349313 0.013128398209107913 0.9841852511648822 2.3236081911296926
0.9799884567291491 0.007057989795072601 0.1989291568817217 -0.008354482161249054 -0.004258018800183351 0.9998858102761747 -0.014499506345193472 -0.02355225390850924 -0.19900877858405316 0.01336230475665414 0.9799066051711628 2.3657705466912535
0.9749074637465441 0.002122461239976232 0.2226003869932953 0.000895941130163596 0.0014388127894325925 0.9998735815185397 -0.015835112852278507 -0.02403819213095042 -0.2226058556036574 0.01575804999269417 0.9747811636010366 2.408743052051879
0.9683229784953625 -0.005400160936615285 0.24964263974675355 -0.0026009908765926852 0.010209152170422899 0.9997863550166526 -0.017972688571169307 -0.02582186338595701 -0.2494922494383928 0.0199520070262053 0.9681712322134945 2.431110005921811
0.9613643396933657 -0.008335082068966855 0.2751529261571486 0.007934378580908324 0.013807452870844315 0.9997434089017552 -0.01795746648937464 -0.026123574256554753 -0.2749326474086996 0.021062828974313566 0.9612327484144733 2.4687664242204397
0.9534139154165903 -0.010569114518950361 0.30148001543765823 0.0172522631011139 0.016232962081613487 0.9997355661279086 -0.016287687403879213 -0.02657936665716473 -0.3012281474763961 0.02042282147977808 0.9533333685184543 2.498730240553886
0.944224281936148 -0.014818053366752907 0.32896949812495474 0.028144579587677652 0.020611427050780402 0.9996877053850667 -0.014130137185098153 -0.027046772636362907 -0.32865738159532354 0.020122549449793307 0.9442348270036145 2.5301046105466796
0.9337747942072928 -0.017278953043343637 0.35744380185541474 0.03990003035345351 0.02423601426045883 0.9995938349371475 -0.014992690499462157 -0.02751522166248198 -0.3570395626760332 0.022662809564829887 0.9338143004616788 2.5626816783370585
0.9194148892700036 -0.01788423001854541 0.39288219061859997 0.03269309046541894 0.027324246642066126 0.9994563843864166 -0.018447798098253705 -0.02890527571440246 -0.39233868906095454 0.027696390123518953 0.9194037540928668 2.575170579670822
0.9064085594146548 -0.01825343618299492 0.4220075064348531 0.048019210580371716 0.03144912421541415 0.9992092289138222 -0.02432836697205383 -0.029179452748044177 -0.4212297188066521 0.03532320654975707 0.9062658523154842 2.610550046947313
0.8969023851328225 -0.018155923145098347 0.441855716266976 0.06716977057777337 0.03267906288921775 0.9991461702754013 -0.025278632729642307 -0.03250952519053781 -0.44101948980938926 0.037111896727963015 0.8967299017706045 2.613149792557758
0.8824912714972352 -0.018244718749686317 0.4699747716302836 0.08323067167439506 0.03261811616059172 0.9992155357548249 -0.022458219081905914 -0.03318807558130128 -0.4691963493350356 0.03514887400674003 0.8823940970035626 2.64283564369687
0.86531108257263 -0.016871879381514823 0.5009511653475992 0.10239929088356378 0.029537627095531597 0.9994128811376287 -0.017361497681595353 -0.03394388746902714 -0.500364126374529 0.029820005069053888 0.8653013973958062 2.677465619634095
0.8465654093241982 -0.016770616622514736 0.5320204452404551 0.12099056641863057 0.02890755316554079 0.9994770241376714 -0.014492466694278209 -0.03447992719787571 -0.5314991637864831 0.02764823030510315 0.8466074735408754 2.708104464910006
0.8262415479085178 -0.009752927150112082 0.5632315553320321 0.1430544718321461 0.025618261841373603 0.9994661852984184 -0.02027434598829333 -0.0345040879340626 -0.5627331598279597 0.031180520474021353 0.8260503410646399 2.7416784096681575
0.8062296666362956 -0.0019455896785847534 0.5915994754192477 0.1642228495041012 0.023081907098427407 0.9993366343995946 -0.028169428669904434 -0.03439887267348253 -0.5911522225283635 0.03636627321697832 0.8057397495296377 2.769211884379197
0.7852602921498243 0.0009337147505101537 0.6191650844076533 0.18385440830738276 0.022998218776841776 0.9992648064083534 -0.03067455960183496 -0.03485960597347422 -0.6187385194941899 0.038327207704694326 0.784661500039156 2.7943198947386003
0.7628278133357733 -0.0009680900954259922 0.6466009511305476 0.2078188532349475 0.025028776180430787 0.9992936462336601 -0.028031570771983472 -0.03564222127582076 -0.6461170850273729 0.037566892320260524 0.7623132171470779 2.8234997992011692
0.739401820594243 -0.0006528851179834622 0.6732640800183394 0.2327542467897424 0.026691796454633154 0.9992417711393596 -0.028344855129242393 -0.03599649587785138 -0.6727350858279509 0.03892886527110845 0.7388586114709381 2.852053826991054
0.6997303863395684 -0.0005377791772134616 0.7144068149357438 0.22136762146952588 0.030436281655455436 0.9991142137437767 -0.029058916947159383 -0.0397794243419381 -0.7137583759172743 0.0420772942180076 0.6991269427787956 2.8829901989594666
0.6745701558061862 0.0023540404073049744 0.7382069922382052 0.2461670955035625 0.03073103007222674 0.9990385060609033 -0.031267670176957085 -0.040713045919158586 -0.7375708160484079 0.043778098420968005 0.6738492186033377 2.9058667259117477
0.64685508229457 0.0054179234273232305 0.7625936982531524 0.27452941654923585 0.02986826383523036 0.9990275254251533 -0.03243285769647803 -0.041422466901928016 -0.7620278140101917 0.04375670861281353 0.6460642082070647 2.9323201320940413
0.5976596468760353 0.009084585449269203 0.8016984575282826 0.2659501223558772 0.03138479762907481 0.9989042838507791 -0.03471636764321915 -0.04052527457703837 -0.8011354073899067 0.04590971587553224 0.5967196636733497 2.969796403387917
0.5685255577636077 0.016305426808968695 0.8225039958724554 0.29761202269289955 0.03085064631080969 0.9986777232568284 -0.04112228948827973 -0.04137928318668045 -0.8220869344490165 0.04875385243373022 0.5672707766852513 2.992543187603378
0.5088011194237804 0.02359396718546774 0.8605607158042708 0.28776978684941557 0.03323006069551011 0.9983411334291541 -0.047018553460939215 -0.0464393968582272 -0.8602425146081065 0.05251957745296097 0.5071730572939416 3.0373216882921215
0.4816896740464086 0.03209487170367381 0.8757539478228967 0.31355675347717754 0.03332203822288545 0.9979356470832982 -0.05490069261044188 -0.04738027108191366 -0.8757081132921716 0.05562700325164201 0.47962583002118053 3.042387689152455
0.41415327716507344 0.03562826505008397 0.9095095874936945 0.30774917501667826 0.03427163073817906 0.9979146585885089 -0.05469725313688282 -0.05134468563661304 -0.9095617177190198 0.053823423373983735 0.412068587441861 3.087432998861538
0.3807957527493041 0.03543310243857639 0.9239800268077594 0.33665788272155683 0.03368931251394756 0.9980703951683894 -0.052158570827305385 -0.0524824166022834 -0.924045250466895 0.0509900141202824 0.3788672505635534 3.0991414690829675
0.31166255961315736 0.027752240706003246 0.9497874825829045 0.34141837674329933 0.03347319500008915 0.9986322908719539 -0.040163327107119666 -0.062216059913557414 -0.9496030718947047 0.04430982694192518 0.3103073397206657 3.1484692624324353
0.27687938486432956 0.028913781648978835 0.9604695723800445 0.37413620258137864 0.030817744563679708 0.9987657959174272 -0.0389506293329203 -0.06308390164141324 -0.9604103669042505 0.04038413223257066 0.27564660165992433 3.1578766411402164
0.24079181703360236 0.031388848657310585 0.9700690908536488 0.40937242598590934 0.0242306052741296 0.9989709857305618 -0.038338589391809126 -0.06423150986336502 -0.9702742800969755 0.032736979831266146 0.23978346801608896 3.1676066349144905
0.20434418961922918 0.03287603072599654 0.9783468805963272 0.4448961022970363 0.020478496247005283 0.999073582723049 -0.037849801801155866 -0.06538629850929117 -0.9786848743902812 0.02776945999886533 0.2034816299596855 3.17593953934887
0.16756531739082683 0.03261879007607707 0.9853212059738106 0.4824758962267619 0.01884632877756678 0.9991638635512757 -0.03628208462712936 -0.0661712273859874 -0.9856808207017712 0.02464930642543548 0.1668104654793171 3.1832250864814187
0.13122132584737925 0.03300204607838693 0.9908036276667017 0.521467352303959 0.018906665929497204 0.9991806481971 -0.03578505626443193 -0.0666635635306789 -0.9911727910038108 0.023428555718568386 0.13048985075727626 3.1886208597630077
0.09479059708654561 0.033400920976287996 0.9949367423016962 0.5609609783934425 0.02072787003213856 0.9991540803659603 -0.035517306935884854 -0.06721825198049598 -0.9952814165390135 0.023989626215985677 0.09401808191040034 3.193028393886853
0.05893001140860407 0.032893479482075515 0.9977200372664388 0.597459022650759 0.023945418741529362 0.9991228231643522 -0.03435405585053885 -0.06806009712397146 -0.9979748847925352 0.025915308982361062 0.05809067122761051 3.195782757217436
0.024613511578665065 0.03358091914213867 0.9991328725036205 0.638090476640286 0.03268892548078202 0.9988741766744407 -0.03437751189170933 -0.06893291827586918 -0.999162453857569 0.03350673130166069 0.023488076949794993 3.196947836420285
-0.009700645942354707 0.03797124181538229 0.9992317460245639 0.6768068417736669 0.03506603517814594 0.9986770652771996 -0.03760973898073943 -0.0698873839562423 -0.9993379161450776 0.034674256795378916 -0.01101931352225748 3.197400182701386
-0.042525721528574124 0.04371447965400148 0.9981385711799009 0.7182395037609974 0.037520106508228776 0.9984074807010596 -0.04212771163698471 -0.07093361131755192 -0.9983906072355072 0.03565875416692865 -0.04409817042890596 3.1962514054493103
-0.07204887788989299 0.048569418871540405 0.9962178329789567 0.752022618235779 0.044501438040233356 0.997975516646611 -0.04543666125802298 -0.07204966813615667 -0.9964078387925085 0.04105946571018336 -0.07406442512053411 3.1944958499223453
-0.09699602858851125 0.047633010565671006 0.9941442886938031 0.7940067350253924 0.046224668793165384 0.9979918607135385 -0.04330734284721789 -0.07335682105316871 -0.9942107676106801 0.04175335021258544 -0.09900306718988905 3.190714363379829
-0.1184701765856505 0.04527370244532432 0.9919249513580436 0.8307094486266202 0.048028179490245244 0.9980520478161187 -0.03981712979233387 -0.07474702713428721 -0.9917953978692463 0.04292320720704379 -0.12041381585367535 3.186547415261247
-0.1372609032910101 0.04342000061227584 0.9895828151168382 0.8729286466217616 0.048731038698487945 0.9981250699841483 -0.03703553073064381 -0.07614703582446325 -0.9893354993606066 0.043139868056866294 -0.13911945043354979 3.1814184108374213
-0.15321099089189122 0.04765363223586937 0.9870438306400855 0.9099263512128666 0.051043175776343486 0.9978848679285125 -0.04025400062049583 -0.07688935440515675 -0.9868743519195284 0.0442144964238874 -0.15531932213794586 3.1760388537178934
-0.16723166112300494 0.0531533763200922 0.9844837683292779 0.9441860889473359 0.05363977188349857 0.9975572308923882 -0.044747580566896615 -0.07752490689240049 -0.9844573867823461 0.04532427252675146 -0.16967428776804436 3.1701069733219978
-0.1792283796766329 0.059260637100698205 0.9820210612858098 0.9853604709607385 0.05728391073115337 0.9971192435371872 -0.04971687579853807 -0.0786380981680524 -0.982138351501372 0.047343331718851786 -0.1821067474091055 3.163228710410949
-0.188262494829288 0.06386526336107778 0.9800400303949186 1.0178379589655766 0.061895209438361694 0.9966713126693992 -0.05305918912338884 -0.07977007416032307 -0.9801664226493542 0.050670727621283065 -0.19158878169949045 3.1574934940931962
-0.19328261228263 0.07006922129019735 0.9786378983142785 1.0588618256369307 0.06554727475574654 0.9961404106111172 -0.05837668301302042 -0.0815089655538447 -0.9789511665866156 0.052863849418040246 -0.19712946726303618 3.149338596823634
-0.1967257629854471 0.07540935897669536 0.9775542965771864 1.0904682040541058 0.06749159728021328 0.9957143660436962 -0.06322804402129249 -0.08302750422621379 -0.9781328429586433 0.05353811570196291 -0.20097216646272908 3.1432573307850706
-0.19933740376041506 0.07997492767584119 0.9766619734612898 1.1269394483990158 0.06881040841615096 0.9953462651699893 -0.06746065598368592 -0.08501728121460386 -0.9775120087015088 0.05375707725863239 -0.20391284777803603 3.136126315279331
-0.20149975280552124 0.08312688773080955 0.9759547992379068 1.1625462834015368 0.06906253599835818 0.9951181290356774 -0.0705001800423327 -0.08724693681442186 -0.9770507743924 0.05319614460386319 -0.20625701068932029 3.128966001671198
-0.20498237524873983 0.08703451619271702 0.9748883109507902 1.1764310398534619 0.07071925389292127 0.9947521884250704 -0.07393829016385851 -0.08805651474559059 -0.9762074641008502 0.05378732763975146 -0.21006168241533119 3.1222065966579904
-0.21046293508808647 0.09141210495477499 0.9733186425944207 1.2126297589263493 0.0745822525535276 0.9942184132283053 -0.0772478763580307 -0.09325559869020786 -0.9747527073869299 0.05633448202940067 -0.21606384606483373 3.126098109894183
-0.212461927224111 0.09313531563750221 0.9727207936819895 1.241060014353678 0.07679681788663029 0.9939600010654697 -0.07839492996624792 -0.09530705356727605 -0.9741468976713437 0.05804592374170595 -0.21833115328387434 3.1201389868770057
-0.21453846466267223 0.09280585370215187 0.9722964160680622 1.2818475299345227 0.07623860096106347 0.9940294783152315 -0.07805813195203729 -0.0978634178129482 -0.973735550806112 0.05738004669705868 -0.2203329465544342 3.1117208527535944
-0.21704647953586192 0.09265020533924165 0.9717544778243551 1.320087764248296 0.07457802037592016 0.9941499503657345 -0.07812806835324763 -0.10050593724515965 -0.9733082474724523 0.05551410305856669 -0.22268641575925585 3.103842111565125
-0.21933513795333184 0.09516124823020501 0.9709976488613462 1.3592249163703507 0.0739021244469604 0.9939932239780577 -0.08072141406049126 -0.10261370164073796 -0.9728466339877107 0.0540537465951113 -0.2250502593151393 3.095975189133675
-0.22201937694144042 0.09757518910307766 0.9701476582119 1.3953105207294658 0.07219112401466923 0.9938942514342743 -0.08344254657783393 -0.10507979323242692 -0.9723661028008088 0.05151018770489835 -0.22770784502641037 3.0882893204745203
-0.22469570832354713 0.09968607652925339 0.9693165245714032 1.4338174966701414 0.06986416688620244 0.9938414035852151 -0.08601315425595615 -0.10794813652159216 -0.9719212091760706 0.04839370481752598 -0.23027638282671706 3.080206369510998
-0.2280113490739398 0.1029975991484983 0.9681953931222393 1.4740359170373358 0.06738308061867226 0.9936742067368525 -0.08983925262499334 -0.11131292511544176 -0.9713240165566884 0.04475561903856421 -0.23350929194499798 3.0718298082496425
-0.23247788542050488 0.10671976558897829 0.966728981888432 1.5095698686881132 0.06393558481404975 0.9934888006069797 -0.09429869597711074 -0.11446841184956932 -0.9704979514583709 0.03988602137505899 -0.23778736617821217 3.0648937541592027
-0.23550803398662623 0.10917870514137049 0.9657204441614601 1.5490569124199907 0.06135581059450969 0.9933580830086659 -0.09734055386955784 -0.11772897077755996 -0.9699337247637301 0.03632807819022846 -0.24064255712770075 3.055934788347845
-0.2334922792268224 0.10586602984418648 0.9665783668521105 1.5748810309919996 0.05679076825068183 0.9938432551630582 -0.09513355248484667 -0.12495754374910417 -0.9706988019890411 0.03267977802739004 -0.23806694000872602 3.029577381023551
-0.23598138212453162 0.10147153231940398 0.966445195248726 1.6166132581850647 0.05283229244176854 0.9944019821458328 -0.09150653954652346 -0.1285888142596531 -0.9703203265756839 0.02946567550870172 -0.24002132780415883 3.0200275323183567
-0.23852692535246633 0.10038893597085977 0.9659332106396061 1.656268364344258 0.05187285169286737 0.9945398140448173 -0.09055255676646075 -0.13190921581017462 -0.9697495105124556 0.028506487232415865 -0.24243198437194333 3.0109549636907413
-0.24006181496647983 0.10078129964178742 0.9655120168270885 1.6998355184636302 0.04987929334797945 0.9945631838027056 -0.09141186749719775 -0.1356510115114554 -0.9694753122643734 0.026214558297465725 -0.2437835430113397 3.0005907453418916
-0.23831835086736425 0.10383707924235591 0.965620124383433 1.7151476579635514 0.05141895944723399 0.9942224223105833 -0.09422242612156183 -0.13679560264860963 -0.9698249606239376 0.027196248809092823 -0.24228064264709437 2.9847785264166125
-0.23498699493286487 0.10677764075541338 0.9661157527165828 1.733799935114413 0.051923591532421626 0.9939075510574046 -0.09721995985105282 -0.1382383758793124 -0.9706106597677538 0.027318773504201973 -0.23909962726744036 2.966170260596319
-0.23493651686907954 0.10743416336177124 0.9660552435467553 1.7777126714594824 0.05053185562141377 0.9938790329705768 -0.09823950014591665 -0.14219544306800136 -0.9706963297596634 0.025736518105974358 -0.23892732582711895 2.955733417604812
-0.23508793569628597 0.10689975304229372 0.9660776911250749 1.8224465979718045 0.0466582576983641 0.994028879713054 -0.09863870074648436 -0.14564601981855782 -0.9708535777750489 0.02188673333090035 -0.2386719535795707 2.9459710431106063
-0.22171218238387133 0.10533653353407334 0.9694059639210016 1.8513832644112413 0.0407136219997458 0.9942812473814704 -0.09872791950203379 -0.14980542138982572 -0.9742618278297902 0.01757884548436466 -0.22473289706937152 2.9088680994901317
-0.22175206681469375 0.10612493601677056 0.9693108473646874 1.8931110126284898 0.03644195468952513 0.9942673882442715 -0.10052036914135312 -0.1537623318071703 -0.974421882349641 0.013032982365660072 -0.22434824841936477 2.9000739692125883
-0.22200153252567534 0.10645244029191885 0.9692178276900129 1.9431734473751343 0.03182534762603301 0.9942838155995761 -0.10191585394443131 -0.1583991564338854 -0.9745267912195812 0.008220218527258506 -0.22412041674650982 2.8890366686176594
-0.22230894099614593 0.10619626574268476 0.9691754680631789 1.9931456882220415 0.028488282427965975 0.9943334006441967 -0.1024182900054674 -0.1632110381858745 -0.9745599789225269 0.004841642866690262 -0.22407455450557892 2.878245580178066
-0.2225390587523246 0.10156036735487554 0.969619440353984 2.0345319930747117 0.027399994841978612 0.9948179016719475 -0.09791109638684573 -0.16704002980154994 -0.9745386639904488 0.004778524433044996 -0.22416859300970904 2.870012008383596
-0.22287649803929246 0.09401870631888967 0.9703022979895825 2.080212301240116 0.030353200527431828 0.9955250427752188 -0.08949062758262034 -0.1709901985243862 -0.9743740297439594 0.009506422540152756 -0.22473290389038283 2.8601388703762707
-0.2228249093813817 0.08987211091212335 0.9707069915475931 2.1214049717177814 0.03502570168559981 0.9958365984373541 -0.08415859691167829 -0.1745304891803775 -0.9742290592979711 0.015247061779563757 -0.22504503355212824 2.851221715236522
-0.2218591524815238 0.09315101516706026 0.9706190832832038 2.1615349395869456 0.04297563337409574 0.9953932236321207 -0.08570545655523687 -0.17778072173942275 -0.9741312085116023 0.022698429914693567 -0.22484032085711678 2.8421293580345766
-0.22093208553991323 0.09958113159423378 0.9701920489312399 2.2027478170962023 0.04731238352143753 0.9946968221215884 -0.09132234352405146 -0.180979202574547 -0.9741409302275029 0.025726062497323548 -0.22447186408072994 2.8330611988786996
-0.2201577092561074 0.10500581109068505 0.9697960418006929 2.2401280874211422 0.04729272319391042 0.9941690514846906 -0.09690869621931125 -0.18390846369878694 -0.9743171872588549 0.02452909919279089 -0.22383999174584854 2.8250941749000713
-0.21965729074243523 0.1097072907729799 0.9693889750636464 2.2584480731149235 0.04806778018884248 0.993667165989525 -0.10156304319020022 -0.18573364119254435 -0.9743922019040431 0.024287313264130493 -0.2235396235189599 2.8169319176881897
-0.21933648526838295 0.1079401824823167 0.9696599523728912 2.308236561848129 0.04507609611747646 0.9939210288491347 -0.10044468114478439 -0.19044112433255328 -0.9746074347084162 0.021677301888227817 -0.2228686671426132 2.8061839508301594
-0.21874140582227858 0.10397860769424928 0.9702271107946117 2.351938297886516 0.04409803207071102 0.994343865928369 -0.09662111497031974 -0.1945541927275798 -0.9747859051845094 0.021650067726970316 -0.22208942708069773 2.7966505073735006
-0.21813612767517496 0.10201142696331826 0.9705721501113599 2.4011551709857937 0.03936951775625417 0.9946321401013661 -0.09569193774298633 -0.19857646964699324 -0.975123925906097 0.01733708874854583 -0.22098134418815538 2.785922644912742
-0.2185480882696573 0.10246053839140205 0.9704321569209375 2.444363940577923 0.03564403752559575 0.9946469028132887 -0.09698990314871571 -0.2025220394221982 -0.9751749769669813 0.013393162302722163 -0.2210302863884938 2.7783788232383086
-0.2186353386695069 0.10771491552316051 0.9698433304708083 2.4834250077604625 0.03514233031310953 0.9941132686594427 -0.10248817344159282 -0.2060488273840289 -0.9751736282862834 0.011675018161348123 -0.22113364431016946 2.770088008505586
-0.21911802559827362 0.11051456790100561 0.9694193216248422 2.5285381224594725 0.034353170505575535 0.9938223803422597 -0.10553168247996167 -0.21050774184516172 -0.9750934060561216 0.010178733344103656 -0.22156092357042384 2.76099969201979
-0.21894469953750895 0.10951358701397317 0.9695720668438029 2.5711071732216553 0.033523722806173877 0.9939391212344288 -0.10469566986718522 -0.21481004828456896 -0.9751612064441667 0.009581103227532757 -0.2212890053918121 2.752301905306883
-0.2183581929494687 0.10344820049161689 0.9703701197929014 2.6185279659274765 0.034139160202970927 0.9945665768413215 -0.09834552338954687 -0.21945015658512204 -0.9752713557325862 0.011653070203775241 -0.2207033951763004 2.742119632428181
-0.21868905636626335 0.10233287566486284 0.970413870049163 2.6653444544296594 0.032719851251733316 0.994695579608385 -0.0975198197372987 -0.22373424777340806 -0.9752458705166078 0.01042528012526971 -0.2208773541461657 2.7322018248140245
-0.21847548475538978 0.10508635150427036 0.9701676768932364 2.690858731713173 0.028936377290644015 0.9944452200717528 -0.10119975467227302 -0.22698904896417998 -0.9754133219462351 0.005963472474619251 -0.2203027198330794 2.721363354491193
-0.21812028746765294 0.10815276266913289 0.9699105732602689 2.7388800759185186 0.027576933719502456 0.9941265558226693 -0.10465134368358003 -0.23173871064120963 -0.975532189587641 0.003920578424504737 -0.21982169170297428 2.7113095802508758
-0.21831344236265693 0.10752853527937217 0.9699365211107583 2.788519938053487 0.02588792099272938 0.9941992927318481 -0.10439148374344691 -0.23665597491218146 -0.9755352666256816 0.0023195758571010203 -0.21983076021658327 2.701153613970189
-0.21873035110054484 0.10509693520342302 0.9701091009357042 2.8338285659242866 0.024206197570781005 0.9944613611439085 -0.10227737379773316 -0.240762043971148 -0.9754850555014126 0.0011114866820434695 -0.2200628798565488 2.692392668286731
-0.218296936155959 0.10473300629418018 0.9702460744870369 2.878881295379466 0.02489562093222952 0.9944984772166227 -0.10174962836398965 -0.24511934424048698 -0.975564788070642 0.0019432463545482263 -0.2197033638119466 2.6831015336207957
-0.21726010667153442 0.10572435397818776 0.9703712727739671 2.9267216276685075 0.025793518893153664 0.9943916844615563 -0.10256642850762068 -0.24978692762237037 -0.9757728938806302 0.002745696559185714 -0.21876864656120573 2.673201327737627
-0.21657477355631335 0.10680321780877498 0.9704063273313522 2.96597553576375 0.02856357382741162 0.9942655179859009 -0.10305436426675882 -0.25341641986447716 -0.9758480874138327 0.005399297168254155 -0.21838351100953154 2.665182205757358
-0.21358509064275955 0.10599180339768033 0.9711576322449577 2.9963166783260973 0.026943003485377655 0.994357910652548 -0.10259834348505628 -0.25772217225612293 -0.9765528575649703 0.004252426977373487 -0.21523576200643293 2.651300919593108
-0.21039354513148836 0.10676770536842423 0.971769115200399 3.037984091508694 0.02742717986447075 0.9942718251159186 -0.10330192440285299 -0.2630207242211694 -0.9772319611902205 0.004918828215315866 -0.21211671116934844 2.636861163643509
-0.20922681111008265 0.1057603001833124 0.9721311127712364 3.084713415213644 0.026967548952957797 0.9943800867541459 -0.10237672767908468 -0.26750222854316485 -0.9774952137049951 0.004796037108169706 -0.2109030706554088 2.627353754433698
-0.20874237186781566 0.1046950648589287 0.9723505363711095 3.130172529318632 0.02371526642028647 0.9945027954306065 -0.10198909755123348 -0.2720623032320669 -0.9776830817425507 0.0017701058964466848 -0.2100777437033751 2.6186654445556923
-0.20748303149110062 0.10523678618689888 0.9725615715605451 3.1816714952628926 0.02430827907888906 0.9944443178406654 -0.10241877895496906 -0.2765212384365856 -0.9779365517309816 0.002391139363702877 -0.20888844688267597 2.6085045490308993
-0.2060594257389743 0.10603109580629458 0.9727779396071037 3.2298180552660787 0.021309444735290516 0.994362585995815 -0.10386989523812458 -0.2813041039813209 -0.9783074264407865 -0.000674013220567887 -0.20715724722292422 2.5990088345931923
-0.20467007648338453 0.10848175927940898 0.9728010421951301 3.2821456289571573 0.02029415145254089 0.9940962784311628 -0.10658675633549784 -0.28653271688235527 -0.978620614543299 -0.002072947887804657 -0.20566330659100707 2.5888119436550974
-0.2035932422398379 0.10754478187267455 0.9731309837869879 3.329596661660928 0.017415506532096097 0.9941892270328361 -0.10622843773713456 -0.2911765003400433 -0.9789006547380064 -0.004679823052248397 -0.2042831549827285 2.5795676775750196
-0.20324976679697113 0.10672156240689883 0.9732933989370364 3.373238179524644 0.01470674424838404 0.9942627297614129 -0.1059496856106101 -0.2955946740747803 -0.9790164676707872 -0.007220271795760975 -0.20365319468303197 2.5710334017526075
-0.202659863258442 0.10724572581615693 0.9733587900246429 3.419031358033942 0.010798860852924528 0.9941690956181667 -0.10729023218367377 -0.3005005162006306 -0.979189646814316 -0.011232257649862493 -0.20263630464390484 2.562017302679865
-0.20026990429394814 0.10740575913502773 0.9738356988418132 3.451732998029427 0.01000440477984551 0.9941451942287618 -0.1075883110604913 -0.303225029087185 -0.9796896841955057 -0.011804054238954696 -0.20017189359255466 2.548769283489209
-0.20078889024519725 0.10511563813398854 0.9739787082753852 3.490722697148577 0.007199774669928501 0.9943580864632927 -0.10583080425732248 -0.3073104378098763 -0.9796080771404453 -0.014237222507693463 -0.2004128655961515 2.54133360037977
-0.20176660125966245 0.10356198556510446 0.9739430957514608 3.5313631913174586 0.0034315170070939524 0.9944628151899474 -0.10503301336011014 -0.3114373937476292 -0.979427620249271 -0.017850051828717205 -0.20100475701474524 2.5335166920872707
-0.202472277001187 0.10265749912991513 0.9738924041794081 3.5675027877238654 0.0006704459438216606 0.9945045901930095 -0.10469083334877644 -0.3154149397355006 -0.9792877654439404 -0.0205440491971785 -0.20142843516840428 2.5264606667872234
-0.20355030918141986 0.10333173624510018 0.9735963352009512 3.6098526879967325 0.0019279274194542856 0.9944552960021988 -0.10514250971436372 -0.3201627589765247 -0.9790625897908715 -0.01952476729035593 -0.20262089905595354 2.518013403134216
-0.2057091207161919 0.1025900524851932 0.9732209609257593 3.65625709131861 0.001867304442311586 0.9945292752769921 -0.10444153288386306 -0.3248221620191774 -0.9786113992940642 -0.01966727607210455 -0.204775309604483 2.508949392407134
-0.20756858030319267 0.09796100518460345 0.9733031007523508 3.695879654717437 -0.0013216784786794502 0.9949441573960238 -0.100420997951152 -0.328832390237515 -0.9782195753699224 -0.02213063773884832 -0.2063896732793455 2.5008626490899704
-0.2112416445929524 0.0982423126128985 0.9724841467099277 3.7411730788659834 -0.0013365499955046722 0.9949060402982073 -0.10079774110683708 -0.3335650157179067 -0.977432954848449 -0.022592454284577283 -0.2100342824055732 2.4912112925325984
-0.21641893333561912 0.10397842313505357 0.9707478214326429 3.791471611676854 -0.00583357734719651 0.9941569649016315 -0.10778635587540766 -0.33852605835926086 -0.9762831631597482 -0.028989940667639796 -0.21454782373838852 2.4807596991181886
-0.2836611337524955 0.1102257333484057 0.9525684484099065 3.8250042787766114 0.0020232454177283787 0.9934381830708189 -0.11435245032319652 -0.3359116096110664 -0.9589224513359907 -0.03051006595773667 -0.2820228150327994 2.5575075956253865
-0.2893054559350493 0.1067210574853853 0.9512691359733145 3.8483138241546593 0.003369175694541685 0.9938730749782873 -0.11047605843952156 -0.3397047826930731 -0.9572309030852221 -0.028756333604863932 -0.28789246509113714 2.5427199504629074
-0.29887761035461535 0.1056673694338597 0.9484232077852401 3.8935649415961047 0.006120314795370675 0.9940424891375748 -0.1088212825506553 -0.344933199577643 -0.9542718248882327 -0.026719596293583323 -0.2977437613089247 2.529106478074189
