1.0 0.0 0.0 0.0 0.0 1.0 0.0 0.0 0.0 0.0 1.0 0.0
0.9999971029039744 -0.001696870821901872 -0.001707282364385111 0.0006029154539009166 0.0016880008273664475 0.9999851409625646 -0.005183484087613241 0.0005111435529335507 0.0017160526987166035 0.005180587176518463 0.9999851082289386 -0.002528206211025032
0.9998690388989471 0.01618269678242452 0.00015929891191303035 -0.0016735596121225122 -0.016167373971557875 0.99926456591849 -0.03476986221709006 -0.004088602780845339 -0.0007218518954899407 0.0347627332725685 0.9993953328414444 -0.007826005608092266
0.999590934086133 0.02827813789457308 -0.004279183336488946 -0.003573032426253173 -0.028434734796921317 0.9986904406850725 -0.042530806967232326 -0.008384740151446192 0.003070887467903463 0.04263508650713325 0.9990859918188671 -0.010558288452077073
0.9994564281011499 0.03270554326170717 -0.0041467779356241284 -0.005672783198575129 -0.03289221364737734 0.9977468826233744 -0.058474443107337806 -0.005777193461377219 0.002224996329449038 0.05857905474907055 0.9982802931722333 -0.012762348542511357
0.9987242149745156 0.03775453191319147 -0.03353412804224178 -0.0014666006897713349 -0.03973674327534761 0.9973735625156552 -0.060555495445907735 -0.0053191556106896055 0.031159808366014955 0.061810776688584104 0.9976013704018991 -0.018151710097712062
0.9978600105235568 0.04654239987945611 -0.045926075506057346 -0.0011395147093141555 -0.04924023574842551 0.9970146658096691 -0.05947398880076188 -0.006140078369951128 0.043020908653429814 0.06160812587552426 0.9971728236593389 -0.020923866318486212
0.9974928521052782 0.05283657456126122 -0.04707766336076775 -0.005181171657284147 -0.05534515423731642 0.9970232878477754 -0.05367939447925702 -0.00831958415351408 0.04410129137933652 0.05615033283823241 0.9974478513791238 -0.025100506305660315
0.9967064448924814 0.055029190970289195 -0.05956551729772819 -0.003415140071622891 -0.05812077156197093 0.9969814836901714 -0.051477151164238864 -0.009046957791150141 0.056552971830238004 0.05476960215393315 0.9968962092700865 -0.027499903713608862
0.9956790310612686 0.06161990929503366 -0.06947124501090159 -0.008538425531497609 -0.06486583044924131 0.9968572264745592 -0.04547630224171463 -0.010155922996668705 0.06645066700209383 0.0497861105522546 0.996546863951242 -0.029444267016887606
0.9935146165004115 0.06358407131541394 -0.09426437648972291 -0.004565517384545766 -0.06800966190392449 0.9966916922564938 -0.04450119632775189 -0.010136824193171995 0.09112295368211992 0.05062347737802441 0.9945520955939928 -0.030472528930459403
0.9934715111579272 0.06591895496037732 -0.0931077219918728 -0.007426797509041873 -0.07038038818153212 0.9964832751112483 -0.045471786670172695 -0.010786757635758749 0.08978283509112976 0.051727882234751714 0.9946171468070045 -0.03373376100950574
0.9925718766428577 0.06752223163680025 -0.1012018672380184 -0.010270527829489388 -0.07241615014198167 0.9963367133079745 -0.04548686528304154 -0.010166141362184432 0.0977597611304838 0.05247763284914478 0.9938255013604054 -0.037103106288302795
0.990160295816269 0.06979846411241603 -0.12128793425805454 -0.009610507380016262 -0.07570401202822975 0.9961243600397184 -0.044779034137549086 -0.010094999355694752 0.1176923580861059 0.05352040492195147 0.9916068147734375 -0.03870550651821436
0.9886594494494062 0.0706776127437341 -0.13250346437449795 -0.009666405793460375 -0.0772081243084887 0.9960076441541603 -0.04480712362164726 -0.010031968263061198 0.12880760286241724 0.054529330119919096 0.9901692550273974 -0.04030844373796895
0.9871084680567862 0.07552002641058025 -0.14111554805027746 -0.011317398369385466 -0.0811309970645704 0.9961085122521274 -0.03443244304668452 -0.014345775836637584 0.13796605961573935 0.04543740122189581 0.9893941625885545 -0.04312050672134686
0.9855801042898135 0.07441469190082968 -0.15196812711021068 -0.011057246091724047 -0.08108382965546274 0.9959764628259453 -0.038161473571174526 -0.013704652612818178 0.14851690340323093 0.0499333468337934 0.9876484143041447 -0.04652679294223338
0.9860351953414802 0.07416295814507659 -0.14911220334721362 -0.016120178564262937 -0.08086325890776809 0.9959470669591737 -0.03937731801730615 -0.01325716912972887 0.14558752318349463 0.050885120168789794 0.9880359192047133 -0.05240024112539814
0.9847639395954834 0.07264435171594173 -0.15799614373823928 -0.016367288602448245 -0.07988198261447388 0.9960037249064069 -0.039943069813736104 -0.013206991553398236 0.1544631092719712 0.051955539996562376 0.9866315268314205 -0.053373438836139056
0.9826292078295005 0.07192652558985453 -0.1710742962485618 -0.017059559467489126 -0.07938707173673577 0.9961507284795947 -0.03716744530688483 -0.013768617004916718 0.16774245962616385 0.05010290476754495 0.9845568374514589 -0.05604512424765675
0.9810477312802587 0.0693518625333189 -0.1809300088791725 -0.016996698781800636 -0.07843312974240294 0.9959689374005288 -0.04352148770520239 -0.012893084039510002 0.1771823724546811 0.056887563635842985 0.9825325500943509 -0.059421204442969895
0.9788087874081328 0.07008264704501412 -0.19241044741849317 -0.020315799656752936 -0.0789261712110985 0.9961298136658826 -0.03867885499768909 -0.014651052549966204 0.18895506659144434 0.05304542307437805 0.9805519700149927 -0.06361248152477138
0.97659803249671 0.07004566211224202 -0.20334671903626195 -0.023430315177828183 -0.07910677476816723 0.9961878074879237 -0.03676915008785913 -0.015296834342131867 0.19999600273338797 0.0519947827350255 0.9784161392061173 -0.06609864011666014
0.9727961603094945 0.06765751471431299 -0.2215628380161858 -0.023445487514957633 -0.0772038656118395 0.9964111888918976 -0.034703109163667825 -0.015476205338916861 0.21841976472309677 0.05086455891599598 0.9745284003170908 -0.06672529810001365
0.9677396645898327 0.06579218619033254 -0.24321046403445354 -0.025569403276388996 -0.07599403818773254 0.9965688218511644 -0.03279465618214963 -0.016286974610804115 0.2402183334791058 0.050219234865542244 0.9694189913087321 -0.06924953339493065
0.9647508507990243 0.06294507589615098 -0.25552634561427584 -0.027686976859019094 -0.07433311620878931 0.9966139032437032 -0.035147058142078996 -0.016041069415246453 0.2524487744419629 0.05290222378860617 0.9661630147138577 -0.07244075800060336
0.9645882796191716 0.0657713568475143 -0.25542822757041433 -0.033734596543524314 -0.07683509920559181 0.996478541894103 -0.03356907914540709 -0.017039225571659232 0.25232086388444613 0.05200619350654871 0.9662450711313176 -0.07728625842234245
0.9606316423764324 0.06521162541416814 -0.2700634954524578 -0.03998815749187945 -0.07689811694929116 0.9964956812704167 -0.03290952474683654 -0.017898534781518226 0.26697102328681765 0.05238130506441845 0.9622799341173737 -0.08129920763111742
0.9538064466766205 0.06212685975336455 -0.2939277386966136 -0.040019752165048356 -0.07537652852284794 0.9965768464761543 -0.03395538271746422 -0.017912744223434 0.2908120376221782 0.05454211551481018 0.9552243277938463 -0.08138899364796474
0.9460046860650377 0.06075861511526906 -0.3184077961235621 -0.04138268167326903 -0.07560364632285478 0.9965422617513459 -0.034461706373912514 -0.018368099132241755 0.3152129797544479 0.0566737261240836 0.947327222326865 -0.08344549073187056
0.9391800244893221 0.06126986532050204 -0.33791550009409677 -0.0425895757930735 -0.0761814268708536 0.9966109911802983 -0.031030991903985176 -0.019509657751865094 0.3348690367892449 0.054886572695258484 0.9406647608673403 -0.08568994468215488
0.9282861294272583 0.059573333122725516 -0.3670638635082562 -0.044923783303254014 -0.07677730663899283 0.9965205955881885 -0.03243374406116349 -0.01999322517759062 0.3638545136427755 0.05828996954203786 0.9296301266377756 -0.08855794892923312
0.9211825333780826 0.052060461662171834 -0.3856325304362412 -0.04286511733277674 -0.0741292759959144 0.9963395883037649 -0.0425708259140805 -0.018950743243303914 0.382004699760956 0.06780216154524031 0.9216698303895673 -0.09117315499661229
0.9116476962636589 0.05116534496783776 -0.4077751652215774 -0.04756540423909229 -0.07461228314746181 0.9963364582364075 -0.041793171600815214 -0.02019143260333992 0.404142901831376 0.06852568469744973 0.9121254000607916 -0.09519021242557056
0.8970049738083942 0.048331931846730125 -0.43937011883714155 -0.04968266317507136 -0.07447073626749302 0.9963197351619418 -0.042439306858341734 -0.020952483683622146 0.43570194675119106 0.0707884855806504 0.8973030724935799 -0.0974505159325846
0.8882841839414883 0.04645799419947374 -0.4569385772008796 -0.05071847147282012 -0.07517937119375682 0.9961601763899923 -0.044866079855182095 -0.02107271838673464 0.4530996255861544 0.07420618403894544 0.8883660121504331 -0.09950401955222614
0.8749722845895596 0.04496433758430225 -0.4820806048221906 -0.05573245527982656 -0.07531957624331674 0.9961975722550052 -0.04378765200102498 -0.022604244173100422 0.4782786453884917 0.07462308877847895 0.875031960551446 -0.10279663904237943
0.8662902084214856 0.04270119957561433 -0.4977126503795737 -0.060090051041456455 -0.07497868895153677 0.9961675642510522 -0.04503754142086893 -0.023181795731380486 0.4938820415809469 0.07633342314433096 0.8661718868186054 -0.10602381372957753
0.8458393082083925 0.03771017578998256 -0.5321031923710228 -0.061517839493169225 -0.07634121967724154 0.9957877500284149 -0.05078164108750695 -0.02673430242181595 0.5279468561017628 0.08357451486690164 0.8451552624204768 -0.10896155247684022
0.8317493773554664 0.038137823442729916 -0.5538397599413049 -0.06320732095675473 -0.08186719199118944 0.9951563900804901 -0.05441986914213963 -0.028673757546447527 0.5490817208251135 0.09060499823420978 0.8308429443346734 -0.11160414396513187
0.8189349149009395 0.035840185354313964 -0.572766170675223 -0.06750196259315627 -0.08153702457944245 0.9951896121164999 -0.05430791432327319 -0.02980516494727601 0.5680645375121738 0.09117629653139495 0.8179178223830902 -0.11557364436824619
0.7993080404414763 0.03148615975796188 -0.6000960575018824 -0.06817521857096315 -0.08200438672232196 0.9949994424601034 -0.05702096160519571 -0.029785600760182322 0.5952998715302235 0.09478782225466191 0.7978930578143383 -0.11539338167462132
0.7705701989418502 0.02607571834413642 -0.6368215020047248 -0.06859236274218451 -0.08316162479521996 0.994734406294359 -0.05989662006849952 -0.029832832998377846 0.6319064113174782 0.09911366125337248 0.7686811884577476 -0.11535465822507107
0.7695040100571258 0.022847909520035684 -0.6382331482589776 -0.06672471842665456 -0.08246218741104096 0.9945486805693596 -0.06381935149415403 -0.029384888919054105 0.633295796728027 0.10173934837766631 0.7671932864919366 -0.11651889857050768
0.7278978316261547 0.022788120634482836 -0.685306827831074 -0.07297384643456795 -0.08964476260813804 0.9940320371131961 -0.0621620923837216 -0.03145261190435661 0.6798003848563708 0.10668182015010762 0.7255966000461879 -0.11657630036049033
0.70146493640095 0.01812807239133156 -0.7124733791457648 -0.07238683923226848 -0.0908597935638979 0.9937941005084263 -0.06416995954631477 -0.031418269061839345 0.7068885632923585 0.10974816074096441 0.6987588284239692 -0.11671434638683528
0.6713825830450357 0.014799495829012289 -0.7409631584005923 -0.07241364120815966 -0.09394675496955048 0.9934345524396205 -0.06528244212484748 -0.03149012192735744 0.7351322564100045 0.11344057890499305 0.6683650205114215 -0.11710369498220778
0.646088043582309 0.012165280183893273 -0.7631659360178693 -0.07305403035144369 -0.09641751758208772 0.9931640106211069 -0.06579445501185897 -0.03150538504762963 0.7571485338051509 0.11609157577123014 0.6428443386945711 -0.11699360478252939
0.612214978826467 0.009995918978183289 -0.7906281688026863 -0.07307838360412282 -0.10019949301529675 0.9928395547260328 -0.0650359913501136 -0.03149325475855341 0.7843168245677151 0.11903654974501031 0.6088328329885121 -0.11687975930249896
0.5824031683868863 0.007248734895412372 -0.8128677661805339 -0.07384249109059798 -0.10349522614216376 0.9924839638583544 -0.06530175839740343 -0.03149248963588703 0.8062848675367141 0.12215988427641312 0.5787760145815257 -0.11663273987394429
0.5567775603285856 0.0045943733842661065 -0.8306489270731368 -0.07454910590610131 -0.10486231265747521 0.9923733763340319 -0.06479951641425755 -0.0313515734334307 0.8240161671342816 0.12318268415894268 0.5530130040285887 -0.11589400011642131
0.5289562700529673 0.00022525299130382283 -0.8486490521014806 -0.0744276362596352 -0.10868954787058793 0.9917826117941475 -0.06748209485832767 -0.03129841629743766 0.8416601728461065 0.12793435896533498 0.5246341136838026 -0.11631230252205697
0.4994183888004155 -0.008729650961813202 -0.8663169547700663 -0.0741135931986849 -0.11671911060157318 0.9901549759403984 -0.07726430508875953 -0.031234749977111557 0.8584625339223448 0.13970295921903797 0.4934826856507419 -0.119207246645457
0.47478810327310533 -0.009858577582939218 -0.8800449223979236 -0.07421873854997739 -0.11961755016083163 0.9899356956210589 -0.0756238072882688 -0.03119725242310573 0.871933425603037 0.14117410167340735 0.468830432387722 -0.11898465756552436
0.43029364904071005 -0.014706709022575185 -0.9025691598459117 -0.07406437792770272 -0.12330634219306029 0.9895373419403092 -0.0749092442938642 -0.03117054505124826 0.8942275558101511 0.14352547375095234 0.42397820323026797 -0.11935938821966931
0.3903484000854149 -0.02861139082011332 -0.9202225355130652 -0.07221851690630968 -0.130950893002884 0.9876294418789895 -0.08625513987899666 -0.030394693030179457 0.9113067486705575 0.15417351863772463 0.3817728853367653 -0.12007902874251156
0.3731362328358104 -0.02981399634174293 -0.9272974050256116 -0.07175861593035482 -0.1323448721183893 0.9875519585510518 -0.08500567031646124 -0.03039468472017711 0.918288727236192 0.1544417520753966 0.36454568801017884 -0.12057702294984608
0.3229018968095921 -0.035543065392232044 -0.9457647992705637 -0.07167723397358733 -0.13765125593845318 0.9869051084779048 -0.08408590011876614 -0.030358206284750795 0.9363687824651845 0.15733720908526447 0.3137809839074475 -0.12076234919295226
0.27586599645248744 -0.03930893686726541 -0.9603919822049951 -0.07151789772854249 -0.1424275251745933 0.9864617450861819 -0.08128730253961697 -0.030338740592717663 0.9505852681763559 0.1592106559370074 0.2665325776752095 -0.12103865743803509
0.2402628532287701 -0.045886777105244414 -0.9696226921051623 -0.07090042754894675 -0.15223586212283022 0.98474036174145 -0.0843247427570275 -0.029104238236724752 0.9586959912517038 0.16787144975907603 0.22961091592887617 -0.12154207070738345
0.21713411571879337 -0.05923754908951728 -0.9743426956512186 -0.06865501755098062 -0.15934514889645132 0.9826171046054113 -0.09525098036266118 -0.027158951542493884 0.9630482331192884 0.17593901930710926 0.2039204800187263 -0.12305788223220322
0.16346993888914818 -0.07667035209029666 -0.9835645561883197 -0.06650450508808683 -0.17314014330135571 0.9792721668985807 -0.10511191138660958 -0.02554876400455269 0.971236361478071 0.1874771459354721 0.14680684553087459 -0.12354195853048892
0.13074628182206663 -0.082183730517983 -0.9880036661004103 -0.06575650588861036 -0.1763879217042912 0.9787307091092984 -0.10475447543304565 -0.025371361918826225 0.9755986423045817 0.18796817146676517 0.11346918369714208 -0.12502350322670414
0.09077082900115233 -0.0964093245763598 -0.991194178119087 -0.06417627187330657 -0.18765321969200136 0.9758177079174878 -0.11209848372697868 -0.025134421667130417 0.9780321700954762 0.19617605116168538 0.0704842621365888 -0.12615671124523206
0.051466586478521634 -0.10840081502051925 -0.992774120220272 -0.06296639794989528 -0.19941142971353457 0.9729570478446409 -0.11657471745214326 -0.025230142854040693 0.9785633715686736 0.20397020947268238 0.02845841653742846 -0.12631908398666364
0.015782581125664965 -0.11109953734454746 -0.9936839552568203 -0.06279255968963726 -0.20451032857763657 0.9724390446387315 -0.11197245182266785 -0.02521147503069105 0.9787371637156097 0.20498584649662918 -0.007373404775382476 -0.12648999395423327
-0.013290188425889615 -0.11498544023670303 -0.9932782688779492 -0.0625765286777653 -0.20900168046099013 0.971743321651309 -0.10969600900016166 -0.025155299495874438 0.9778249682106116 0.2061389467316947 -0.03694680208436388 -0.12675335542281715
-0.05235566618187885 -0.12841641620097366 -0.9903373709341429 -0.061596049935336766 -0.22312271402260264 0.9681317923164156 -0.11374131700219427 -0.02469197977572425 0.9733833462237971 0.21501175957678106 -0.07933980424640005 -0.1271890310982922
-0.09814972596467887 -0.13556539683380997 -0.9858948496033185 -0.060327134425120166 -0.23614975680324363 0.9655546539471298 -0.10925887882825897 -0.026958985232392416 0.9667470836029578 0.22209509995119273 -0.12678266018207082 -0.12640303611701795
-0.12994214500004903 -0.13639636438476468 -0.9820952452463075 -0.060128096580807526 -0.239914101599356 0.9653855762189718 -0.10233236576048843 -0.027012696802632435 0.9620583468826396 0.22232121133841992 -0.15816768374879092 -0.12577764248490833
-0.18046313797878166 -0.15125382206041404 -0.9718823679555917 -0.059615765404110496 -0.25435631559317523 0.9616704299484268 -0.10243460782701154 -0.02858084906238266 0.950124160596242 0.2287187475370668 -0.21201842838857002 -0.12433385269511942
-0.21766180625186227 -0.15435553254995524 -0.9637415149667449 -0.05926576148868218 -0.25975184961375497 0.960966796464556 -0.09524595904752477 -0.02850685805897329 0.940825336989501 0.22960223357769946 -0.2492599037445078 -0.12449867945768156
-0.2519257588673793 -0.1658127797566603 -0.9534356475863823 -0.05806946363855065 -0.27036161370398315 0.9580428110924206 -0.09517651994852178 -0.028178854336730643 0.9292136513496081 0.2337949832299693 -0.286185072919649 -0.12400654035893081
-0.286884411924946 -0.1697739415169868 -0.942801221348522 -0.05843502495853781 -0.27477895677332986 0.9573989807393605 -0.08879029560596796 -0.02815236091445321 0.9177112068123807 0.23358938430720835 -0.32131315010428796 -0.12390821762026466
-0.323162425798985 -0.18722382712199004 -0.9276385530525942 -0.057405480029831146 -0.28604184848071645 0.9537092660783228 -0.09283693615195622 -0.026976381238204034 0.9020787701023941 0.23534203694652994 -0.36175684952244846 -0.1232004364793259
-0.3434799629437423 -0.19255336710386248 -0.9192087444498831 -0.05542478299152646 -0.2932575274509722 0.951806638177766 -0.08980059083370326 -0.02817454420103006 0.8922003909713926 0.23872017999679912 -0.3833942331501448 -0.12344348719077335
-0.3879218321117606 -0.19695208152911872 -0.900403537172307 -0.05483974130658214 -0.30536836473617524 0.9491916461348685 -0.07606169026608392 -0.031195160206586803 0.869636023856767 0.24544876550743924 -0.42835509746174855 -0.12392000700384952
-0.42755949262344733 -0.21548180200853745 -0.8779296516639208 -0.05457520580877851 -0.31558706776439416 0.9456514579780865 -0.07840996546225289 -0.03005172922842376 0.847111375751412 0.24353831942237034 -0.47232552762419555 -0.12291265484206641
-0.4564117380054829 -0.21813521253418788 -0.8626154151552583 -0.054891988690954 -0.3193337958499465 0.9450518265394506 -0.07002122522859708 -0.03002324654745802 0.8304903685407059 0.24350374577634937 -0.5009906920832032 -0.12293321066852189
-0.49248369197995573 -0.22077616767945044 -0.8418537265573908 -0.05534426077985149 -0.32243965621417264 0.9447413038513043 -0.05913152203203368 -0.0300429900724956 0.8083888181031932 0.24232571589105606 -0.5364566768934911 -0.12278529448817899
-0.5018946974823045 -0.22006913526642402 -0.8364635606780686 -0.054183556127716775 -0.3229919237040229 0.944815318825354 -0.0547743601963612 -0.031221204539481868 0.802357731851024 0.24268001363118757 -0.5452783519660802 -0.12180635272853238
-0.5523422475717903 -0.22162897167397252 -0.8036159782272121 -0.05432487969662701 -0.32676574136004516 0.9444244438017008 -0.035869488751152534 -0.031296026696818934 0.7669042911737829 0.24278193685813187 -0.5940662751870786 -0.12160524704412407
-0.5837693183140484 -0.23078618837770706 -0.7784286211652545 -0.05382825606616989 -0.3371659393693862 0.9410817859732 -0.026157244477445298 -0.032018935060739176 0.7386017278102659 0.24718982050962857 -0.6271879146731909 -0.12177381290094577
-0.6028034371140464 -0.2463011152347961 -0.7589227739616108 -0.05134168519483124 -0.3467866732848342 0.9375015042495556 -0.028808553623176823 -0.031099210997726067 0.7185868210839446 0.24581840891991147 -0.6505430734398395 -0.12167694040039737
-0.6269263491671233 -0.24992723306408388 -0.7379022502289255 -0.05105686671623054 -0.35019997107671313 0.9364688323548036 -0.01964958742318229 -0.03107711364423014 0.6959334256793899 0.2460945025817569 -0.6746214959673201 -0.12166866118853316
-0.6474767193312476 -0.26187667234355616 -0.7156776553772718 -0.04999630790113219 -0.35664975720477227 0.934042555051786 -0.01911690451170099 -0.031763852977445446 0.6734796571610914 0.24286851141018134 -0.6981690608696287 -0.12125995332551735
-0.6704748546085848 -0.2649769734066381 -0.6930012069988432 -0.049666588201998436 -0.36375704807588033 0.9314842514076409 -0.004230762894513176 -0.03339436873215515 0.6466407652728973 0.24924745323434067 -0.7209240096872034 -0.12101576611464179
-0.6932565632044019 -0.2719164890784994 -0.6674254719002282 -0.04958818534890511 -0.37032916627265905 0.9288797258817808 0.006226030323248892 -0.0339655969206919 0.6182650290788071 0.25148335494225094 -0.7446505730912786 -0.1199430004988883
-0.7034982188360275 -0.28850271951102474 -0.6495047628226283 -0.046083499775196914 -0.37808208904902946 0.9257705049450763 -0.0017047328415938884 -0.03361125508859488 0.6017841723033754 0.24436684105762266 -0.7603556121688444 -0.11903053037709481
-0.7217400397204146 -0.29045000048155295 -0.6282755066725416 -0.04542806711075269 -0.3796700527585192 0.9250830272499438 0.008487857940862117 -0.033378808949719604 0.5787417093166157 0.2446634216926297 -0.777944627838598 -0.11940227463643126
-0.7331991948302357 -0.29673661269427476 -0.6118548221490296 -0.04436904643987999 -0.38453127590308606 0.9230183242659 0.013148038702250188 -0.0348028037753216 0.560851708165928 0.24491744681851013 -0.7908608004517997 -0.11884555160670016
-0.7512048655099849 -0.2997268989206439 -0.588094410870855 -0.04463121371229284 -0.3857333827417495 0.9223323663756788 0.022644279066660982 -0.03476864377968863 0.5356314100878818 0.24385813908757398 -0.8084752318581019 -0.11896068884903595
-0.7724383699635561 -0.30006650684981095 -0.5597312355720334 -0.0461414973783515 -0.384721590628588 0.9223115072140182 0.036479876162293964 -0.03535925276517663 0.505300170504873 0.24351914735305347 -0.8278708610406498 -0.116936940202362
-0.7862325705829684 -0.30477806990071854 -0.5375394618649757 -0.04606556943362066 -0.3860393898073464 0.9215187740583334 0.04215137690751372 -0.0353472169484231 0.48250589060825744 0.2406521912753318 -0.8421844146994841 -0.11691728438846308
-0.7975899946413408 -0.31117565444737877 -0.5167396951340864 -0.04574616829146856 -0.3891613893923751 0.9199868361666488 0.04666512923241003 -0.03633573145359473 0.46087266511935854 0.23831477788698993 -0.8548698457580858 -0.1161346136219919
-0.8075872203906523 -0.31949980122417976 -0.4957043054880669 -0.04515030129331634 -0.3962076101352577 0.9165268524763727 0.054754528220620276 -0.03595120426667548 0.4368322459853508 0.2406208754606781 -0.8667636258865101 -0.11604256091211688
-0.8169472359122223 -0.3369775053686711 -0.4680206989128627 -0.04472284484089726 -0.40022261731538944 0.9155711493972095 0.039386888436302815 -0.03222973170664528 0.41523375383583405 0.21948947871590546 -0.8828393389560873 -0.11271098273226912
-0.8279012418992594 -0.3427382331157579 -0.44397076167507915 -0.04552175576208157 -0.4023218703366289 0.9144251432212084 0.044314445655011546 -0.03217958797697017 0.3907897725254589 0.21530713180375793 -0.8949447986797501 -0.11113239939488094
-0.8398488326533509 -0.34695487428799227 -0.41746407450055484 -0.04576622037261502 -0.4044776282704206 0.9128915065924696 0.05501768279442561 -0.03415003383958621 0.36201075470148447 0.21506141541228238 -0.907026350819714 -0.1100757351009002
-0.8517095680157172 -0.347679305886194 -0.3920585568623291 -0.04582431330044032 -0.4025660281649666 0.9130945153168778 0.06479968414831057 -0.034147739131119424 0.3354570087477125 0.21301996703767007 -0.9176552124438169 -0.11011082599506497
-0.8590621737694701 -0.3481109062101515 -0.37527453760682616 -0.04592022653655948 -0.4013056694909506 0.9131408529673147 0.07160685914453853 -0.034152768287376144 0.3177513827395425 0.21211454363072765 -0.9241436463815769 -0.11017252616562763
-0.8664765902445424 -0.3484471730334577 -0.35749529530216223 -0.04586416802518894 -0.3997830065803682 0.9132099379128654 0.07887431106984465 -0.03414412622496231 0.29898472570977813 0.2112632881079233 -0.9305782916499168 -0.11016173244483941
-0.8746625129354756 -0.34899057676727224 -0.336409075075336 -0.045826098876207956 -0.39795920262494505 0.913240141835772 0.08729786014500755 -0.034133051561388614 0.27675614087408373 0.21023325300109996 -0.9376609290255514 -0.11015896834873766
-0.8794756154132136 -0.35118314068025447 -0.3212367407310359 -0.045453771642239224 -0.3983043005335072 0.9125408198862374 0.09285976641079637 -0.03403922108459958 0.26053085435330164 0.20961787553380326 -0.9424351543669378 -0.11010867214110805
-0.8850220994399806 -0.35573181198711346 -0.30031776744510297 -0.04595674047204924 -0.4004888068395774 0.9106594376954199 0.10152883399544028 -0.03437246817293879 0.23737017314536218 0.2101291661731548 -0.9484203363616345 -0.11024465808727375
-0.8901241574769306 -0.36000888801957814 -0.2794147183361823 -0.04596073348449028 -0.40252947251189575 0.9085672804744308 0.11169387006721673 -0.03546061912278265 0.21365628480172996 0.21189407117284448 -0.9536518728375254 -0.11044520908430247
-0.8962409296716637 -0.3598684412368847 -0.2593200743926388 -0.0458125867464311 -0.39967150113926897 0.9087411987057272 0.12021699111174482 -0.035468349656227735 0.19239253405045056 0.21138623128437542 -0.9582802168807594 -0.11034107484334127
-0.8972396181758632 -0.3672627472182012 -0.24511046913864795 -0.04474694743421845 -0.4042317661948041 0.9065717058616772 0.1213442266038145 -0.03466850252567585 0.17764500210999276 0.2079562853986068 -0.9618713201819433 -0.1107617712227508
-0.8995008965112341 -0.3733294343965197 -0.22698737980041503 -0.045238530951557214 -0.40762845407756976 0.9040763094424706 0.1283941981991892 -0.03335583252054873 0.15728057922647518 0.20801721111017535 -0.9653971510627788 -0.1111030166180553
-0.9062560878828206 -0.3713553724466431 -0.20197794565332508 -0.04745087266661215 -0.40172086639412424 0.9053052805074873 0.13799527016827048 -0.03423759159557311 0.1316064157967937 0.20619780900939075 -0.9696196238117549 -0.11092390815623364
-0.9068405892456998 -0.3751742622888086 -0.19205316610917325 -0.04709235358886073 -0.4038074726756082 0.9039308109463274 0.14088510933825846 -0.03431447437101933 0.12074630722241284 0.2053128391941471 -0.971219319903692 -0.1109664047455074
-0.9039770017561604 -0.38417885409612806 -0.1877023930623318 -0.043738993897859305 -0.4120521912878395 0.8999518700179318 0.14247674654524428 -0.033962439374858565 0.11418656642018729 0.20613888453324944 -0.9718375318604219 -0.11144815860460444
-0.902187186585191 -0.3903315541379443 -0.18357439419960536 -0.04187589123839056 -0.41755922024427655 0.8970477491544169 0.14473988160139564 -0.03388454201073806 0.10817845418792418 0.20723564746744133 -0.97229152442478 -0.11188741662663812
-0.8994015611424728 -0.39643792673643846 -0.18415700382932573 -0.03806396535366836 -0.4241059660431824 0.8934457560771 0.14794867527084457 -0.03409545084132324 0.10588182743540646 0.2111673535202144 -0.9716981977065763 -0.11277329186438664
-0.8988125510147338 -0.4007528980940593 -0.17757565375804338 -0.037061578382255045 -0.42777469944534113 0.8903405862085394 0.15589242144595186 -0.034259561125875186 0.09562847197793257 0.21608043691885878 -0.9716812440960882 -0.11458287487089874
-0.8980959679154475 -0.4044822972247033 -0.17267803463625403 -0.035917426227121296 -0.4308786887913582 0.887901234327731 0.16116747074000776 -0.03413904567776707 0.08813165129200047 0.21914714077787156 -0.9717033203243827 -0.11602501703166228
-0.8998420940152737 -0.40899692498713536 -0.15167636991064837 -0.037940673939936546 -0.43056331435395373 0.8885555885819868 0.1583799177050457 -0.03316840991686289 0.06999598681885336 0.20782319733558197 -0.9756587930616272 -0.1152514794319599
-0.90108055860475 -0.4116238518913022 -0.13645377040857393 -0.03924375711831318 -0.430204800144007 0.8881055449975385 0.1618405724090217 -0.0329437591385815 0.054567910328378065 0.20453446041875237 -0.9773371975237637 -0.11564806502237454
-0.8993694752879803 -0.41489411305683094 -0.13783113534686356 -0.036754772815742395 -0.43394370499422963 0.8855125827320744 0.16601303177477206 -0.0337290641785038 0.05317337506782303 0.2091180068142245 -0.9764436754928278 -0.11723540631978026
-0.8972261834493768 -0.4190971929981948 -0.13907810235222512 -0.034368742212119 -0.4383212127309705 0.883436768549095 0.16557170786575554 -0.033272038060980516 0.05347607131153206 0.20951615402293813 -0.9763417900512713 -0.1183024512477055
-0.8946654799373788 -0.42364227442764574 -0.14177765101096684 -0.03193380187547704 -0.44314106674819587 0.8817707868348458 0.1615743619697354 -0.03222943002247216 0.056565660693479285 0.20738250360728416 -0.9766231736078586 -0.11875967179249317
-0.8911670892243734 -0.4305477327186918 -0.14300303819901206 -0.029768527491152413 -0.44970858314499096 0.879933866663042 0.1532272186824257 -0.030426995282324214 0.05986158475250709 0.20086074815707233 -0.9777891135212644 -0.118804770106728
-0.8892773458524798 -0.43448144099086106 -0.14286944945673458 -0.028211830508693095 -0.4532217810060266 0.8790861371818159 0.14764003737630993 -0.029220516357338862 0.06144769625700708 0.19604448691369938 -0.9786678393486992 -0.11959515303744235
-0.8850549744667376 -0.4399125513134078 -0.1521664856944757 -0.025007579591450647 -0.4603421847610198 0.8756516858242225 0.14601095179008894 -0.02853803992092847 0.06901278940263539 0.19927637168044438 -0.9775101854143237 -0.12036197772741358
-0.8809319388660194 -0.44708833881857946 -0.15514811110095786 -0.022784021584557654 -0.4670697088302344 0.8741696114117697 0.1329412561150033 -0.026349201527514063 0.0761892786354796 0.18957718158216091 -0.9789053509121145 -0.11953455262746061
-0.8794152660975203 -0.4501874414268567 -0.15479036577308028 -0.022183814323080506 -0.46973399556499024 0.8733985821268104 0.12854917405190233 -0.0251352875366196 0.07732246222913436 0.18575840309502717 -0.9795483921248658 -0.11996477532659809
-0.8770931373527248 -0.453230551953212 -0.15902734099813617 -0.020721937594892943 -0.4736512347842675 0.8711150948135303 0.12966495045058418 -0.024876645077317558 0.0797630001698281 0.1890517346236162 -0.9787222820799116 -0.1226988035618525
-0.8767625416502118 -0.45385715947893496 -0.15906327152667774 -0.02074976565726856 -0.4743639382516822 0.8705733754347615 0.13069373386080746 -0.02453674479669634 0.07915996238891107 0.19004125019015114 -0.9785795949133372 -0.1243192389612639
-0.875255437471011 -0.45602126901273365 -0.16115992487414918 -0.02020270082134366 -0.47670403635999137 0.8696793471863487 0.12810579532409147 -0.023343497753644193 0.08173849090557053 0.18895088061594106 -0.9785787570854688 -0.12561495063146605
-0.8748276194887019 -0.45616569341160307 -0.16306286006947887 -0.01992687776087469 -0.47732594917806886 0.8691420993445554 0.12942932197996715 -0.023150902199483965 0.0826835801171262 0.1910624800981277 -0.9780892363571783 -0.12701786757801925
-0.8721899207714015 -0.4637203162520853 -0.15571836885813678 -0.020594741142959564 -0.48176456819498426 0.8694767963731242 0.10914669670048925 -0.019360126878998858 0.08477996777939714 0.17021624148062903 -0.9817529160636772 -0.12657519210323326
-0.8718991221377774 -0.464087303259593 -0.15625266643679306 -0.02075185770138118 -0.4819697788869349 0.869721441460076 0.10625321879494348 -0.018506053414715857 0.0865855245121885 0.1679511512846611 -0.9819854162497055 -0.12687442891555567
-0.8687830649871203 -0.46516356259260144 -0.1698200401240674 -0.01813961327748814 -0.48546633871352046 0.8677049518131174 0.10682017868869348 -0.018209623226236933 0.09766483485714186 0.17524547536285073 -0.9796686191754725 -0.12956474047289993
-0.8688785167094868 -0.4651615292099428 -0.16933657296575186 -0.01814549375651012 -0.4848198939781781 0.8687307861332407 0.10127433844419323 -0.017614095512218427 0.09999896801321752 0.1700928363200106 -0.9803410801496114 -0.1300891046468849
-0.8682562896603216 -0.464838356809285 -0.17336757916095863 -0.0172607239420802 -0.4850899931461246 0.8687009315895696 0.10023168164261373 -0.017558748356490662 0.10401304732956648 0.17112566579638158 -0.9797434830050996 -0.1304494358615029
-0.8663721970870678 -0.47139065349953885 -0.16489411119806688 -0.019569623388429953 -0.4877379577999507 0.8696232831558101 0.07659653983335461 -0.012358520387001283 0.1072888653852709 0.14678622955367512 -0.9833325491296209 -0.13018041249863743
-0.8653771530403458 -0.4720672174131083 -0.16815149490749956 -0.019066600869723234 -0.4887654074476381 0.8691575615429581 0.07532270371702426 -0.012149816475149731 0.11059276413187506 0.14736918082333483 -0.982879222013128 -0.1308036699376564
-0.8670312386944761 -0.4718426849596367 -0.16006658545117824 -0.021340838031872332 -0.486188530854651 0.8714587555642217 0.06465562478124683 -0.010819558232484573 0.10898414377016889 0.13388098446207994 -0.9849864661030365 -0.1308519598401476
-0.8647203582419988 -0.4770187100013588 -0.15720003928264406 -0.022268869513276827 -0.48897875865059487 0.8710512060033068 0.046578644341666746 -0.007041118587229369 0.11471039896343758 0.11714498208980612 -0.9864677275718801 -0.1305979034725696
-0.8632296969475303 -0.4796605537285558 -0.15735387985266364 -0.023434027478092586 -0.4904505253621155 0.8707087464144565 0.036394520046156564 -0.003914938786932538 0.11955238383193655 0.10859112355150195 -0.9868714178685716 -0.13110530284739352
-0.8631595374016173 -0.4796298899793597 -0.15783149758843967 -0.023724228901150814 -0.4900174896293234 0.8710998545399963 0.03267878941718174 -0.003625637005999875 0.1218132704182953 0.10554720298890458 -0.9869251821142369 -0.13177139630813192
-0.8654596785602301 -0.4796486371570631 -0.1446261721120751 -0.02691937893195462 -0.48714377012152793 0.8731040739074871 0.019499316858100486 -0.002285472782444057 0.1169208793082138 0.08732961124107823 -0.9892942165919486 -0.13031314039973171
-0.8675116598870932 -0.4767708393219455 -0.14182061462348874 -0.029699079707483877 -0.48370408305942114 0.875066225425889 0.01701355784459124 -0.0007301605662400827 0.11599086167273498 0.08335867016172581 -0.9897461553940416 -0.13045564439281526
-0.8715101612607511 -0.47262922789064 -0.13073504412648246 -0.03168012092627683 -0.47792089497365375 0.8783390665603535 0.010587837431135352 -0.0023497257320942676 0.1098255751946694 0.0717084172003612 -0.9913608051238362 -0.1283442796063959
-0.8733104647208378 -0.47038254775595045 -0.1267639182720841 -0.03327551664820589 -0.4743884191073874 0.8803141708013065 0.0016088825941011657 -0.0012899097044251314 0.11083528330755811 0.061540388794888976 -0.9919316108084816 -0.12756303300019833
-0.8753490575837768 -0.46832372621763557 -0.12015371342084898 -0.03579524718989157 -0.4707380767578494 0.8822249265307562 -0.009210977044935762 0.000402759633324946 0.1103163200868928 0.04849810789533506 -0.9927125681953768 -0.12625949790022387
-0.8789966083860663 -0.4640440063429546 -0.10967279800829755 -0.039147794914282094 -0.46472976090190415 0.8852085225000874 -0.020787520902467868 0.0012647708013317615 0.10672961996489201 0.03269605282581634 -0.9937503491077441 -0.12427932371306413
-0.8793191558058907 -0.46358589585095594 -0.10902265544774968 -0.04038282550884686 -0.4631995177943445 0.8857328781103289 -0.03038873721429673 0.0026362390856479417 0.11065274035423238 0.02377784267877525 -0.9935746500639216 -0.12492353432802204
-0.8773331614479836 -0.46686237792411156 -0.11102271795775331 -0.041451365436827536 -0.4636448890343351 0.8843235279482288 -0.054820751449947414 0.0094420283647418 0.12377374800830807 0.003379052565277342 -0.9923047119245877 -0.1242656539244333
-0.8810964194845996 -0.4613428683091633 -0.10407620972964333 -0.04459400859410211 -0.4569124234734358 0.8871739120929105 -0.06444755214429781 0.010285636472594365 0.12206611670340194 -0.009230794225385903 -0.9924790454165376 -0.1229760997418944
-0.8842611342602211 -0.45636652485803175 -0.09905473954247107 -0.047275743369836504 -0.45124359099988687 0.8896184514240514 -0.07041471769026093 0.010368863789841075 0.1202558440091469 -0.01756718175669925 -0.9925874904041339 -0.1224225452228258
-0.887071659397261 -0.45230453225884154 -0.09232811701912255 -0.05078260497430517 -0.4463157356561271 0.8914030528622111 -0.0787582468930069 0.01070244973489206 0.11792427739833047 -0.028656717293463134 -0.9926090153499745 -0.12199622686691688
-0.8901908390674231 -0.44706631736085145 -0.08770392192963622 -0.053102101302835276 -0.4412232829092509 0.8939569859751126 -0.0785042791513616 0.009297741272222836 0.11350015268367898 -0.03118677777032202 -0.9930483876594773 -0.12064141009741398
-0.8950088792247289 -0.43878474397476047 -0.08016891270246015 -0.05870469282191021 -0.4327070928618925 0.8977295423250237 -0.08274201244780377 0.00931790670052706 0.10827593405693765 -0.039365178672326 -0.99334118248072 -0.1205429749723206
-0.8957413786998202 -0.4376319386200225 -0.07826665180408847 -0.060005738825250725 -0.4308206552232518 0.8979231659050707 -0.09015293208777113 0.009762625861404344 0.10973124221456473 -0.04703482146976285 -0.9928478131372187 -0.12011594027088524
-0.8981018887573019 -0.4328092423625958 -0.0780330515620068 -0.06268452938143966 -0.4252455478353922 0.8998764333031353 -0.09689493708034809 0.010299791994471251 0.11215712842589252 -0.053838318242126544 -0.9922309277744364 -0.12048302478652698
-0.9000608418115218 -0.42921654680001964 -0.0752571391337541 -0.06507868863076298 -0.4207324356731536 0.9009243563515396 -0.10639324088070293 0.011543446477945543 0.11346672908861108 -0.06409727050060274 -0.9914720577526659 -0.11987434236328093
-0.9051051157423802 -0.4195411141763993 -0.06906506332867672 -0.07158157748769813 -0.41111030960573386 0.9049671412807184 -0.10964846801520516 0.011928359454817822 0.10850365336175623 -0.07085002976588406 -0.9915680664933328 -0.1205288302671195
-0.9057438657219921 -0.4167819604059348 -0.0769470414451639 -0.07238629672139174 -0.40731519376157965 0.9061743152141621 -0.11376486002765071 0.013416401934912019 0.11714257397695563 -0.0717001250091475 -0.9905234522391316 -0.12134710516983414
-0.9118582521520904 -0.40579107919689605 -0.06203328160228893 -0.0807300548609266 -0.3967161746248286 0.9099462213335964 -0.12088900310512814 0.01292528735491941 0.10550262922398998 -0.08562402889916497 -0.9907258555735293 -0.11911408022515593
-0.9122973062252755 -0.40435900714262335 -0.06486461590677473 -0.08291176968795867 -0.3952461234381402 0.9108308732908224 -0.11902782098064284 0.013324300525932581 0.10721066626612138 -0.08295127246104714 -0.9907698821804533 -0.11988929022802323
-0.9169386907145942 -0.39561869255806986 -0.05205081718133595 -0.08909718891604539 -0.38597142717439165 0.9124527909944167 -0.13585272029467182 0.014578321581558083 0.10123978899408272 -0.10447848728393781 -0.9893607788968065 -0.11764454281539344
-0.9205852889091795 -0.38812731524245236 -0.043357963590148076 -0.09503200969415988 -0.3784678186640256 0.9140018794760145 -0.14615975694426572 0.0163400194189312 0.09635785427091254 -0.11814292817175376 -0.9883103826446991 -0.11703617141562109
-0.9234782011707537 -0.38125924199593314 -0.04277151336007856 -0.09795992724091715 -0.37119635835382503 0.9161048687962329 -0.15154251189912107 0.016354434446561077 0.09696017485176707 -0.12406957628895378 -0.9875249185373483 -0.11680929307721075
-0.9271589959577086 -0.3725805813348524 -0.03949565326555865 -0.10218677138757842 -0.3623713916545776 0.9185183193482458 -0.15814889039129748 0.016682908959544114 0.09520068657849087 -0.132317071588873 -0.9866250664974671 -0.1158928250713001
