1.0 0.0 0.0 0.0 0.0 1.0 0.0 0.0 0.0 0.0 1.0 0.0
0.9999980769201603 0.0016435463649942818 0.0010700052933001734 0.0002359681019945751 -0.001642124863455189 0.9999977698847842 -0.001328025372980747 -0.00029368411847852484 -0.0010721855783390696 0.0013262657367854955 0.999998545717583 0.04974170283702727
0.9999953185564057 0.002209753885461115 0.0021165663321326207 0.0003161068078868468 -0.0022067658540501564 0.9999965667568347 -0.0014130318500242907 -0.0005193039335531472 -0.0021196815180662023 0.001408354468685538 0.9999967617387331 0.1014107629475866
0.9999929499670115 0.0019588207752573254 0.003203597578480916 -0.0009589397860765864 -0.0019540154631931214 0.9999969622796289 -0.0015024164151738058 -0.0012951583817138602 -0.0032065308113340125 0.0014961459438820551 0.9999937398341404 0.15019453618640444
0.9999888870975391 0.002741064365976187 0.0038356547768021595 -0.0008958203014006172 -0.0027339438172755783 0.9999945321724651 -0.0018604237089339505 -0.0017096551411570013 -0.003840733345237123 0.0018499165695642305 0.9999909132467437 0.19665239842690058
0.9999819930046979 0.0038671661278035143 0.0045889751025327144 -0.0010098784205149639 -0.003855300047384129 0.9999892095202235 -0.0025918149362215625 -0.0019013065179363641 -0.004598948564220165 0.0025740763894916783 0.9999861118049815 0.24251117420896534
0.9999736313918238 0.005130901529234724 0.0051391021146951574 -0.0009191791322140848 -0.00511075352310618 0.999979233067962 -0.0039260197702919546 -0.002205940368845775 -0.005159139412153606 0.003899651562376396 0.9999790877804484 0.28542764556472733
0.9999714336989333 0.005250136271851661 0.005437633237514811 -0.0008410561738107757 -0.005224293299379445 0.9999750434732075 -0.004755963654113228 -0.002525423406566474 -0.005462466990362909 0.0047274200029361274 0.9999739061368027 0.33399436589787723
0.9999721517795567 0.004977474525966609 0.005560612619451189 -0.0003816837385773535 -0.004955762008064987 0.9999800694025933 -0.003911677454233826 -0.0024815047823726222 -0.005579972068001579 0.003884011448216473 0.9999768889163342 0.38578675457949313
0.9999751329681184 0.004903317052732137 0.005068621831554985 -0.001074886082778636 -0.004884404410208841 0.9999810885816026 -0.0037369871169309907 -0.0026817465751695422 -0.005086849609382721 0.0037121369903252216 0.9999801718034296 0.4387639037086267
0.9999906542743291 0.003976605052776418 0.0016964599172325668 -0.0002540168088810105 -0.003968832421994057 0.999981724021828 -0.004560700772883605 -0.0030824204172849555 -0.001714565018505421 0.004553925184702917 0.9999881609460233 0.4929523881963446
0.9999863525921655 0.005145570685713164 -0.0009042852054931479 -0.0007954456079448402 -0.00515057187758189 0.999970953896436 -0.005618093340848823 -0.0032490259816944263 0.0008753506431275217 0.005622674254386204 0.9999838095166746 0.5476522742576437
0.9999838745260744 0.005104760955374103 -0.002488393740158213 -0.0009244316349744213 -0.005119645904678381 0.9999688188125043 -0.006012539275254668 -0.0038560442256411753 0.0024576235733518447 0.006025182015030141 0.9999788284099107 0.6006980704602757
0.9999711019038717 0.0068312043048779116 -0.003336166197574899 -0.001272539219609016 -0.006852990506876938 0.9999549798843271 -0.006563133828402495 -0.004235582927689381 0.0032911818949250826 0.006585806881611335 0.9999728972674474 0.6454380686939192
0.999967141002704 0.006974068243470769 -0.004132709403026053 -0.0018100891248320798 -0.007003726157952365 0.9999495101236034 -0.007205901988775485 -0.00441571926689815 0.004082246290814003 0.007234609575010483 0.9999654972495394 0.6989201491874851
0.9999642050455123 0.007020183891934809 -0.004722885327409139 -0.0024313057460503707 -0.0070538175427536575 0.9999496103414618 -0.0071428590938115745 -0.004725951726818234 0.004672503158477814 0.0071759177868700634 0.9999633362869611 0.7483492439192286
0.9999555280293656 0.007762944729006845 -0.005355245339213646 -0.003016268577215561 -0.007803356407748743 0.9999409221485638 -0.007567023288948666 -0.0049250754086436815 0.005296186579270251 0.007608475656543758 0.9999570298297328 0.7950662599927948
0.9999433818632151 0.008817216635369336 -0.005957328155891825 -0.003670653214566018 -0.00887110141699125 0.9999194246831822 -0.009080071635475851 -0.005226374461079864 0.0058767871836139796 0.009132405600982958 0.9999410295314106 0.8386751279447104
0.9999250527586713 0.010366832597566163 -0.006512883190880041 -0.004355397771524261 -0.010436605846030496 0.999887513643845 -0.010772061898560857 -0.005437297139625787 0.006400478417949216 0.010839226957022345 0.9999207693787519 0.8841348377931003
0.9999011501058646 0.012071614095597831 -0.007208755100013199 -0.005018366452990175 -0.012148365477520424 0.9998689568928749 -0.010699825147216579 -0.005761577808402251 0.0070786462822792036 0.010786342062226163 0.9999167703322744 0.9255646416174071
0.9998890553521079 0.012573780237710113 -0.007986052691964507 -0.00564614227677888 -0.01266271184722815 0.9998572691848738 -0.011184676429950973 -0.006306571678661093 0.007844279172694433 0.011284560633997544 0.9999055585281832 0.9682092653253426
0.9998683596163873 0.01334396755265517 -0.009230491210256032 -0.006125900015114136 -0.013457514808947798 0.9998331652898007 -0.01235058224329662 -0.00695397307772829 0.009064145475219382 0.01247317588006792 0.9998811235093243 1.010469175538707
0.9998358356681002 0.0149720596253906 -0.010204858864233366 -0.007069314867190064 -0.015098119819334514 0.9998092499462305 -0.012389935426796474 -0.007352008494647339 0.010017409434891817 0.012541975623196195 0.9998711668788536 1.054092457704996
0.9998328793594239 0.014551143709762153 -0.011066958415692222 -0.00784779751945296 -0.014675989917828067 0.9998286207415703 -0.011284700525210937 -0.007901487474170844 0.01090085646950217 0.011445233188959921 0.9998750811803847 1.10375997178717
0.9998113477876385 0.01566482615986396 -0.01148399131137758 -0.009191624226794773 -0.015800251744312262 0.9998055580434453 -0.01179822657242149 -0.008586120083349755 0.011296941173386555 0.011977450764625697 0.9998644507098476 1.151561146908292
0.99980589871323 0.015309464736411088 -0.012401015591791976 -0.009861833194482895 -0.015472287068871432 0.999793926997543 -0.013141988878868737 -0.009249966503622153 0.012197263261968402 0.01333131007509816 0.9998367381430825 1.197329883656086
0.9997914767312835 0.015408238062123181 -0.013401091570950275 -0.01053867382635583 -0.015604861914676062 0.9997702675045105 -0.014693552959914122 -0.00988058962680178 0.013171611142756919 0.014899611195692252 0.9998022355676747 1.2428626749393599
0.9997649340687663 0.01633902056741704 -0.014251772288591612 -0.011472153077066791 -0.01655356987086944 0.9997494290832549 -0.01506845619956893 -0.010531764075570658 0.014001997393180338 0.015300831827242834 0.9997848911712933 1.2895740567858345
0.9997372260069615 0.01608313088440261 -0.016334375924824566 -0.011705498938477011 -0.016333521064352804 0.9997493313362917 -0.015313085328567044 -0.011117129330637734 0.016083999053055915 0.015575859321230486 0.999749317369542 1.3424386601432081
0.9997189316958066 0.01662286379769883 -0.0169037867991478 -0.012847296455527702 -0.016884823380544152 0.9997376901073107 -0.015474292174710563 -0.01197801827780654 0.01664212571746077 0.015755360296216193 0.9997373696494192 1.3891915545818017
0.9997104277097083 0.016501850807199132 -0.017514269850655784 -0.013894486985589049 -0.01678473752808063 0.9997290177003878 -0.0161295924912184 -0.012639972965460636 0.017243355664664933 0.016418894230618267 0.9997165031135898 1.4339284382669395
0.999706958041541 0.016423213867072836 -0.017784152765834282 -0.01523502709320994 -0.016710959640672512 0.9997298594466681 -0.016154007510028486 -0.01366769887651679 0.017514047824818454 0.016446463967143974 0.9997113443148307 1.4806314571880412
0.9996993630308609 0.01630681166312189 -0.018310419139593238 -0.01600036808128326 -0.01660097063799296 0.9997336926037727 -0.01602971137304032 -0.014395959547374488 0.01804414945517434 0.01632886297970247 0.9997038445981029 1.5274311016947593
0.9996908934401971 0.01700966111158729 -0.018132539855253805 -0.017219907383462952 -0.017288447644237585 0.9997330043561259 -0.015330674451169955 -0.015162169253379461 0.017866928969073912 0.015639419105075263 0.9997180509620043 1.5775844288403158
0.9996560453987269 0.018134346803897805 -0.01894561595111759 -0.018060659488935316 -0.018421643683522518 0.9997162544185635 -0.015101446795469927 -0.01602149448608163 0.01866638534287454 0.015445261969774858 0.999706461888146 1.631495399793452
0.9996410566548064 0.018606874084830444 -0.019275427021104824 -0.019113294305158277 -0.018912866456261734 0.9996960330710731 -0.01581597118005774 -0.01694006561659026 0.018975282144473152 0.016174847719592222 0.9996891081575234 1.6788606111823319
0.99962983907645 0.01940600104278894 -0.019068087253605835 -0.020365528162147713 -0.019712029578506988 0.9996777532433755 -0.015994547826497243 -0.017941927159116522 0.018751552412533713 0.016364497969850414 0.9996902432695407 1.7260045073589088
0.9995843830032441 0.02176043566009284 -0.018908852315762295 -0.02141812453588489 -0.022042223210955284 0.9996471323300619 -0.01482400823675747 -0.018737723805009276 0.018579603115644105 0.015234640270381017 0.9997113103710971 1.7704895416771884
0.9995966911628569 0.022247643345176545 -0.017649288423221242 -0.022207099254622026 -0.022471954902585356 0.9996678875309047 -0.012614510785420661 -0.019407625205862453 0.01736278373753762 0.01300603725525377 0.9997646606755999 1.8143187783616024
0.9996038611923564 0.023143147786831447 -0.01601609814659384 -0.023138494891706496 -0.023313093233453448 0.9996729998903128 -0.010506806089033666 -0.02000938039965988 0.015767700314657362 0.010876028724724856 0.9998165289821754 1.8672412880484999
0.9996185143797344 0.02347263874708534 -0.014555443637821557 -0.02417874819972973 -0.02358973473531233 0.9996903036288596 -0.007925985462879004 -0.02038061362252516 0.014364892076262074 0.008266320867769227 0.9998626494748905 1.9173476838799748
0.9996621117654663 0.022700880447034163 -0.012662240225547924 -0.024990601824259655 -0.022792651048122083 0.9997146386923074 -0.007150960950105653 -0.020846179204602956 0.012496293802509375 0.007437150747483165 0.9998942601245192 1.9586050873955898
0.9997261273748994 0.020621734798103124 -0.011064099506723579 -0.025714725610678425 -0.020722510310273494 0.9997441023944851 -0.009072336738020437 -0.02123575937265817 0.010874180907942371 0.009299127989443929 0.9998976339647054 2.0030020044620724
0.9997076232580591 0.022095352195252996 -0.00982157884872735 -0.026685436076265955 -0.022206553953977772 0.9996888486160092 -0.011361114130633716 -0.021612724338447933 0.009567495032829075 0.01157589582571665 0.9998872244781547 2.0456651143756623
0.9997012436033589 0.02275760926778504 -0.008917104816250378 -0.027484720402980528 -0.022865049430555555 0.9996648731473748 -0.012137994471212362 -0.022309548669063352 0.008637884719508696 0.01233825821012246 0.9998865707328561 2.0908794740253343
0.9996948744621953 0.022665024550526647 -0.00982113212064961 -0.027829668835771468 -0.022793066024874773 0.9996540103424654 -0.013127671058255434 -0.023118788161366678 0.009520195123684292 0.013347519183428401 0.9998655957759791 2.1484001547817506
0.9996910999297861 0.0222111189488649 -0.011152170918948573 -0.028244669652206858 -0.022377598134669906 0.9996365758523297 -0.015031943319317693 -0.023822904562297444 0.010814241669640026 0.015276858750124049 0.9998248195378219 2.206016734909184
0.9996590127741176 0.022432583225177112 -0.013365529892707334 -0.028614720350128096 -0.022631225914046798 0.999632823502048 -0.014901200990306528 -0.024721612679651367 0.013026349952878213 0.015198598197581098 0.9997996383374682 2.2595195451254098
0.999629226066654 0.02273018003630742 -0.01499164130072775 -0.029347530392695317 -0.02294754368358805 0.999631658307611 -0.014489925744041156 -0.025350322572266035 0.014656760633324871 0.014828574600916043 0.9997826227450851 2.309557402710519
0.9996205013738412 0.0224864421669039 -0.01591267267857034 -0.030334820445324057 -0.022721275237070487 0.9996332594310966 -0.01473398421220333 -0.026285845545023365 0.015575521972063962 0.015089948901123936 0.9997648206240595 2.3539062337627037
0.9995736114096265 0.02385487506068468 -0.01683865521193545 -0.03152572697659346 -0.02411823234396301 0.9995871691151669 -0.015614166930463 -0.02728061152804405 0.016459229693702348 0.016013627826596797 0.999736293970425 2.401108093090896
0.9995528923608878 0.024137562393477925 -0.017646343946421523 -0.032592455010494695 -0.02442468527628913 0.9995697458172256 -0.0162406279448665 -0.027833500432675636 0.01724674236279975 0.016664373033216662 0.9997123829128454 2.447110297961902
0.999566370706198 0.023582946938636835 -0.017632786703186635 -0.03386612257093928 -0.02388792137144783 0.9995651161199113 -0.01729005057083371 -0.028704194377315195 0.017217368143310388 0.017703763720739906 0.9996950229866789 2.4938730510718283
0.9995894961888494 0.022133063571137975 -0.01819248762179277 -0.03484386688554176 -0.0224698048145787 0.9995759922343516 -0.018518737006302577 -0.029939688757703753 0.01777489748234732 0.018919916640136914 0.9996629880983995 2.5466839088654933
0.9995834604105904 0.02212146072307569 -0.018535011439363543 -0.03583056633565041 -0.022452018542640336 0.9995890912090356 -0.017820089765689856 -0.030812794331465113 0.018133188824389416 0.01822881541334005 0.9996693942257531 2.5892994679313306
0.9995743296976745 0.022381763811222682 -0.01871406043952919 -0.03688221690428474 -0.02270173693381562 0.9995966434712076 -0.017064041176847414 -0.031798804851849855 0.01832458866178585 0.01748161919834227 0.9996792497799378 2.6338955738624694
0.999547979047064 0.02316967096149622 -0.019157346644486033 -0.038094237311226894 -0.023538966183504786 0.9995369620305399 -0.01928156128982732 -0.03284765524171589 0.01870172863488663 0.019723789754949025 0.9996305404817165 2.684548002380703
0.9994910101356506 0.02541616678749696 -0.01928053743643724 -0.0395126212145871 -0.0258211277764331 0.999444849876944 -0.021053774360158383 -0.033842831141152 0.018734727603063026 0.0215409034231471 0.9995924166685904 2.736328175423028
0.9994355545983463 0.027923815933343935 -0.018677063698753976 -0.041351547712813366 -0.02832038515376489 0.999371581425394 -0.021316613803603224 -0.034789318353224824 0.018070085484832844 0.021833523376452835 0.9995983039539131 2.784695087539478
0.999385540672254 0.029545937388135265 -0.01885679397650215 -0.04244947062454618 -0.0299512081016288 0.9993182915688025 -0.02158419026201628 -0.036060557869628404 0.018206214007008108 0.022135711415497503 0.9995891876424333 2.833447561242313
0.9993336648293286 0.0313251739993223 -0.01873392144438569 -0.04361505254426259 -0.03172948911555122 0.9992611434201321 -0.021688862836966777 -0.03718790358262753 0.01804067236104458 0.02226882854140768 0.9995892323430428 2.8817627268376516
0.9993405014875824 0.03194043581878034 -0.017273408645759897 -0.04473146604973271 -0.03230267876688403 0.9992550633340733 -0.02111528701449117 -0.038386874741505296 0.016586109580632894 0.021659338884808737 0.9996278177442095 2.9262013822687596
0.999340381173269 0.03297169789438716 -0.01522069953769676 -0.04591630858904871 -0.03328546928847854 0.9992285151722152 -0.020843512203538892 -0.03970326000898336 0.014521711011502516 0.021336391557485204 0.9996668836690561 2.9780020375675176
0.9994298518865362 0.03121707807021668 -0.012863327516806368 -0.04690664497737769 -0.031514045919373526 0.999225372528769 -0.023569467633725926 -0.04125596145071019 0.01211759331874535 0.023961405040259575 0.9996394424994725 3.0345519096368925
0.9995441963498752 0.0282215693267912 -0.010721127179815725 -0.04761480983017215 -0.028525966083628385 0.9991609518259382 -0.029388120138646757 -0.0424324546959082 0.009882752767755137 0.02968055543652674 0.9995105781464789 3.0869211680410444
0.9995542484467232 0.028830468950448194 -0.00775296538064726 -0.048238852637599514 -0.029052744687152524 0.9991193128091274 -0.030274358753951517 -0.04342246244237941 0.006873313483295114 0.03048610883528456 0.9995115580771646 3.1218439303504706
0.9996026125841806 0.027700958722017537 -0.005222432455425658 -0.048508111963709105 -0.027833196336985205 0.9992417684552486 -0.02722501342693702 -0.045141945677867515 0.004464313669252053 0.027359551537093935 0.9996156885739387 3.1735912181576222
0.9996117012092972 0.02778332545480142 -0.0021292327531437388 -0.04859698851847857 -0.02783030011715639 0.9992562457888736 -0.02669137777106967 -0.04633128663957488 0.0013860738918668185 0.026740270727898027 0.9996414540826941 3.2229363255534915
0.999615491596063 0.02770087969664782 0.0012370227089332424 -0.04860376778592958 -0.02765326468552545 0.9991950382012955 -0.02906153103582942 -0.04800625408176065 -0.002041056927931952 0.029016148916522527 0.9995768590702114 3.2782967506960046
0.9996255471957263 0.026977078417411846 0.004582863045660936 -0.04855774743064832 -0.02681208557355201 0.9990992539203991 -0.032890619983530524 -0.04929836275709859 -0.005466027884231833 0.03275542788249107 0.9994484501380757 3.3205920691399053
0.9996427822198054 0.025359888715847746 0.00843706110894416 -0.04864171565421402 -0.025035830479912088 0.9990192333565312 -0.03652093339321957 -0.05132656082063769 -0.00935495312749018 0.03629665863478984 0.9992972717985024 3.371285957042427
0.9996294270397358 0.024427956949669944 0.01201180733548663 -0.048355412846404024 -0.023958508367004073 0.9989986414880415 -0.037784972963819545 -0.05331139216335909 -0.012922788902871537 0.03748318588798453 0.9992136970151363 3.418884594183192
0.9995991839891794 0.02410901218357171 0.014840043790001416 -0.04757775555548077 -0.023550606723506333 0.9990481269699277 -0.03671796455190156 -0.05492098412920154 -0.015711151807290054 0.03635375536876627 0.9992154743494889 3.459191682686025
0.9995072736735853 0.025409281511810624 0.018427650057475854 -0.04705767002380346 -0.02471556306147949 0.9990116674672225 -0.0369435949376245 -0.05678662613929267 -0.019348147615249514 0.03646994210873572 0.9991474328178207 3.508203794547407
0.9994342716002675 0.024964176408875525 0.022537228025180423 -0.046510659269449084 -0.024067119981847372 0.9989401910112955 -0.03923351269129195 -0.05909238174227374 -0.023492775200303812 0.03866891100800101 0.9989758780044897 3.55914621671252
0.9993563598168562 0.025017488801955763 0.025709751994833017 -0.04555141809860464 -0.023921179047732062 0.9988270268029001 -0.042099260338476295 -0.0610276981426407 -0.026732812918927158 0.04145715598210069 0.9987825894213992 3.6033105047619505
0.9992556455906635 0.025553658245688046 0.028899226727346836 -0.04453244359609461 -0.024303581755191893 0.9987875714531251 -0.04281031446554147 -0.06295989880557405 -0.029958148625122596 0.0420760936997741 0.9986651649426452 3.6500609664257633
0.9992020633983035 0.02466568959323191 0.031414013711284924 -0.043068083423917373 -0.02333583327404503 0.9988442739914724 -0.04201851020510084 -0.06499072807420563 -0.032414123248495345 0.04125190991142436 0.9986228540058 3.6947897718287144
0.9991239601898542 0.02436273636173339 0.03402600845680831 -0.04122581803380593 -0.0229493205202927 0.9988819704805337 -0.04132962299105501 -0.06632145943902026 -0.034994869083784755 0.04051254282187507 0.998566018354276 3.734583665178636
0.9990697450291742 0.023706284761809044 0.03602300140360832 -0.038820119758107535 -0.022250898241046924 0.9989406858046691 -0.04027907361848969 -0.06916590813881039 -0.036939708916004704 0.03944005967146705 0.9985389023960507 3.78689364291393
0.9990082540667704 0.022481049463111122 0.03843319816891926 -0.03721350472054598 -0.02094182355271435 0.9989804638802682 -0.039993409605215885 -0.07096734146146173 -0.03929310795472243 0.039148885049263914 0.9984605232389792 3.8316206614950934
0.9989527395768182 0.02181109354997806 0.040220645073324096 -0.0351940028865859 -0.020080121456494595 0.9988754149572533 -0.04294990240113564 -0.07282550587450834 -0.041112197876698404 0.0420972872300405 0.9982673016750656 3.875387485073968
0.9989710705427458 0.020997648592742973 0.04019824588519179 -0.03109203256122964 -0.01911040416571149 0.9987228427724375 -0.04677045838094118 -0.07522097079277898 -0.0411289760545285 0.04595413015296512 0.9980965009710172 3.929753422376414
0.9988841908883261 0.021656136316524896 0.04196885694420063 -0.029140543350283023 -0.019555751293722813 0.9985664204924034 -0.04982646341380494 -0.07722190452168069 -0.04298773993478764 0.04895013406344286 0.9978757129975995 3.9734123590020913
0.998840755938183 0.022245206441829868 0.04268834814311843 -0.02678781496294907 -0.020051730800633744 0.9984901137072829 -0.051141186148900036 -0.07947874626884664 -0.043761539834960526 0.05022592576725327 0.997778674863365 4.021552344787819
0.9988108442025996 0.022866511133531976 0.04305833452258647 -0.02504400229704963 -0.02065187726897047 0.9984751788494394 -0.05119391747900672 -0.08124554554143767 -0.04416330454740115 0.050243804495278356 0.9977600726834536 4.062084853561501
0.9987948055339583 0.02409014317917021 0.04276214961829651 -0.023892400654322077 -0.021935456437183788 0.9985002286860866 -0.05016103133634721 -0.08332684872026991 -0.04390640259988504 0.04916257026885744 0.997825270022409 4.109798470169891
0.9988758176780677 0.023322917441326738 0.04126914561732453 -0.02196731576439937 -0.021273214450250582 0.9985511418869606 -0.049427395067942144 -0.08528746856445703 -0.04236214353538796 0.0484939022792919 0.9979247417700446 4.15321377963601
0.9989430847873384 0.02409779434315107 0.039140895024745014 -0.020134589338043605 -0.022162512315585126 0.9985456383179442 -0.049147036981626514 -0.08719977250850866 -0.04026830519657794 0.04822763216255475 0.9980243279061815 4.195681188254106
0.9990243607934025 0.024834853780384383 0.03651789395662208 -0.019049073100375558 -0.02301240141509309 0.9985086640934118 -0.04950633405437406 -0.08882114406943405 -0.03769291607757462 0.04861766929933241 0.998105989516878 4.2382982330076
0.9991104613107701 0.025945073928757882 0.03324363455153436 -0.017883717976258307 -0.024263153878270483 0.9984526830738403 -0.050035377749479956 -0.0906958164807149 -0.03449036768786916 0.04918427392454519 0.9981940301040012 4.27759966807139
0.9991915806572194 0.027763932102153183 0.029074889818176606 -0.016531274365277848 -0.02626728253298145 0.9983709547070627 -0.05065043598671875 -0.09332191240849459 -0.030433780771455206 0.04984577084907796 0.9982931353647649 4.325911761759554
0.9992929984082155 0.02801737982501715 0.025070495807696633 -0.015478232918101397 -0.026725461610202457 0.9983683543774097 -0.0504616555363465 -0.09562746257250121 -0.02644339301271666 0.04975595849230138 0.9984112837706134 4.370386142065163
0.9993296127754926 0.029319892620217246 0.021924163078850773 -0.014982008968613512 -0.028190792558240543 0.9983438831179785 -0.05014748504021611 -0.09827219095559178 -0.023358172978804572 0.04949580727353554 0.9985011571437613 4.4247674713761835
0.999381581430702 0.030549178490173117 0.017412707733956197 -0.013970037250959634 -0.029648185594061398 0.9983168890673914 -0.04984349600290647 -0.10084850386136453 -0.01890607807116974 0.04929641666882872 0.9986052390787747 4.474069239067804
0.9994519834130494 0.03072307666243342 0.012321745497210544 -0.013008634261785345 -0.030078751647482888 0.9983236011243257 -0.04944953121611759 -0.10365289739525034 -0.013820331075386697 0.049051809330120856 0.9987006150245452 4.52558059818708
0.999479416983618 0.03143839231466114 0.007247241871119459 -0.012611119438486888 -0.031041805851592694 0.9982899344006292 -0.04953395970308005 -0.10622264687761693 -0.008792116670149171 0.04928320568980237 0.998746146085877 4.573494086071107
0.9994393813764637 0.03340094056182246 0.0023021996869241517 -0.012970703056964747 -0.03324368366793284 0.9981892187028601 -0.05013123937792243 -0.10870426134878408 -0.003972461453541128 0.0500266012733744 0.9987399855392953 4.622608980001962
0.9994005184148494 0.03450837281549611 -0.0027885476036405795 -0.013268184299045294 -0.03460553523078812 0.9981086284351349 -0.050809672058879304 -0.11106379059263707 0.0010299143179550417 0.05087571177847369 0.998704461403637 4.667930628682893
0.9993235598387785 0.03598541885861968 -0.007581054062696585 -0.013830351838874044 -0.03633007609594799 0.9980011305204788 -0.05170946770868115 -0.11361196037224408 0.005705113670655084 0.05194990961899359 0.9986333954803338 4.715220801325672
0.9992032468644954 0.038330792773648814 -0.011118533211467295 -0.014697625212334595 -0.038861873038930184 0.9978745627365505 -0.0523078566493567 -0.11591080231807836 0.009089899853004733 0.052698267226603666 0.9985691094521068 4.764820474836308
0.9990682923965056 0.040782702387575004 -0.014118013807858563 -0.015782807381307225 -0.04147326937066424 0.9977500562589353 -0.052676305517794605 -0.11913346547550399 0.011937966980246423 0.05321274679305244 0.998511836946921 4.821240735774246
0.9989735678797105 0.042583902987818265 -0.015440915905065 -0.017051131237060636 -0.043351292626163045 0.9976350120772102 -0.053338992354092785 -0.12223210912802822 0.013133015849558357 0.053953627162893834 0.9984570746960832 4.875671701515407
0.9988501370736789 0.04514161369086691 -0.016144298723055815 -0.018803746594211017 -0.04595318834711665 0.9974807518094962 -0.05404122732045709 -0.12445503539391785 0.013664119020630725 0.05472096931662183 0.9984081867495059 4.928675163277093
0.9988200613608255 0.04554058712399472 -0.0168683119351217 -0.02019534221996914 -0.046384920751692565 0.9974845213375528 -0.05360101509166224 -0.12732872857992875 0.014384858358661316 0.05432020449518276 0.9984199473335857 4.978245014962124
0.9988256126662656 0.04522855160681742 -0.017371632087700487 -0.021455023273883222 -0.04609908629247999 0.9975034066220868 -0.05349605611943995 -0.13054041995871898 0.014908713051107823 0.05423404739538134 0.9984169461594053 5.03157064127012
0.9986138491912816 0.04934441991101039 -0.018316889119050262 -0.022332579384291038 -0.05024275156227461 0.9973645464196226 -0.052341450692890104 -0.1326183707274013 0.015685857286299003 0.05318918845808553 0.9984612481775954 5.081171261894395
0.9985427901031347 0.05056473313288293 -0.018854816260798678 -0.023631757917186257 -0.051456803755046535 0.9974084071496311 -0.050285849844208315 -0.13501204752015397 0.016263261676049898 0.051182781386313124 0.9985568732972674 5.139368895156133
0.9985631777887115 0.049536399479488846 -0.020438324077562582 -0.024501443846870162 -0.050526451058462644 0.9974113624081126 -0.051162993292358946 -0.1380116012663369 0.01785098618924389 0.05212215714842317 0.998481158072732 5.2009248006154785
0.9985369280648193 0.04937950215040841 -0.02203787780692772 -0.025035937094972066 -0.0504999162878856 0.9972864357470863 -0.05356793378312534 -0.14062487838788085 0.019332918708064376 0.05460247102699485 0.9983209946765476 5.262210765509967
0.9986549861610584 0.04657198844306098 -0.022787463836432206 -0.026207612664700945 -0.04773019071226618 0.9974403739069295 -0.05324029859965498 -0.14307859187174637 0.020249629878313743 0.05425633965601161 0.9983216926907481 5.311109969839016
0.9987103525637921 0.04502923534619712 -0.023452071252313786 -0.027934574870047284 -0.04620292810878729 0.997568621249969 -0.052174086782761336 -0.14530742263142019 0.02104569115191324 0.05319035496757905 0.9983625919586323 5.357054490362034
0.998820946328376 0.04235510139345395 -0.023722617090409123 -0.02913505096706672 -0.04352609836560364 0.9977374999300692 -0.05123826689466233 -0.14788989198869973 0.021498742678035247 0.052210407192920014 0.9984046661770017 5.410030551627131
0.9988387656061319 0.041735553275102005 -0.024067902177385973 -0.030680534947043835 -0.042914302571072 0.9977895377226017 -0.05073855581469622 -0.15059102745656636 0.02189709928822116 0.05171249369488109 0.9984219223547807 5.462227478508228
0.9990308005824696 0.037404649981505465 -0.023202406066858118 -0.03279437450211327 -0.03860254720142473 0.9978197945548621 -0.05353037403250817 -0.15323187040213662 0.021149535150746187 0.05437416440055905 0.9982966229576485 5.518024283924576
0.9991007950680472 0.03532329633331497 -0.02344922238636824 -0.0339151631894665 -0.036569873030558475 0.997813575250023 -0.055051915800465714 -0.15632343461254133 0.02145333729063878 0.05585994793160016 0.9982081048239241 5.5718081856814505
0.9991642879792667 0.033804868008973914 -0.02297730457998451 -0.03520192946632424 -0.035040727171764784 0.9978324476738077 -0.05570057278500772 -0.15938036773248815 0.02104454955897145 0.056459164607700195 0.9981830942595942 5.620734838990382
0.999146150251715 0.034288312186224905 -0.02304955714493722 -0.03656391251912655 -0.035530841438918485 0.9978065622726354 -0.05585359068416865 -0.16260097021474462 0.021083874022596413 0.05662487026997708 0.9981728779741037 5.6759090134506405
0.9991227069351803 0.0351838837337691 -0.022713670154927913 -0.03783316890266225 -0.036382905008168 0.9978379947252359 -0.05473226202062001 -0.16546904919842084 0.020738869536823887 0.05551063509036142 0.9982426902723589 5.726471678617493
0.9990540154438643 0.0377734387592337 -0.021546265332379192 -0.03987144461003953 -0.03889372421739131 0.9977728074252165 -0.054191355208284726 -0.16878598800309175 0.019451283812976408 0.054978105524934325 0.9982980794687092 5.788068627042986
0.9990827305430466 0.037677154423230164 -0.020350173591352588 -0.04169400751226533 -0.03877516409371362 0.9976455502645614 -0.05656715201274719 -0.17170586799811074 0.018170970808857444 0.057304346012279676 0.998191378317788 5.839367396720634
0.9990429450167079 0.038666775108070414 -0.020446870544548027 -0.04286906216049427 -0.039809696819500896 0.9974751925581974 -0.05880840305716134 -0.17517753325416366 0.018121314838159347 0.05956610389924241 0.9980598665484941 5.893892216556422
0.9990370435902778 0.03901877206978625 -0.020062925024629964 -0.04457702678712646 -0.040192665850105315 0.9972737751094423 -0.061883496110274355 -0.17835492799424682 0.017593610949441875 0.06263028744252996 0.9978817124031399 5.9463282438097504
0.9990770000493582 0.03790946023143829 -0.020199524680451865 -0.045526662174011905 -0.03917539091928014 0.997018637807239 -0.06647649668361703 -0.18205737660135002 0.017619214473904635 0.06720646315619996 0.9975835075778638 6.0005224601204485
0.9990519517673834 0.038025851531562245 -0.021195100496623747 -0.04597839583532197 -0.039431622905305816 0.9967382276166746 -0.07041344134916287 -0.1860004615357238 0.01844843583659211 0.07118244322076259 0.9972926927398512 6.0563967094581885
0.999055063959128 0.037856789106370366 -0.021350472972660333 -0.04717984066943073 -0.03929781149098717 0.9966525167631547 -0.07168990753026973 -0.18979828382246328 0.018565052911856655 0.0724611920150011 0.9971984328418002 6.10785482712277
0.9990079810169727 0.038153395491659914 -0.022964587451702358 -0.047920269395700994 -0.039709435170307415 0.996640971690421 -0.07162355971632868 -0.19418334142253685 0.020154766751956366 0.07246441858208477 0.9971673347120492 6.163754264062713
0.9989754394870217 0.03884236188273187 -0.023223742701397713 -0.049272081913001975 -0.04041962959570495 0.9965980842846319 -0.07182278150808163 -0.19823951991635722 0.02035497101537054 0.07268788980003307 0.9971470031200913 6.219119147283096
0.9989383279609356 0.03970209536376713 -0.023365798816094734 -0.050758249488745744 -0.041279808413562914 0.9965903199768413 -0.0714402655776569 -0.2019012060582173 0.020449800681869027 0.07232895514378844 0.9971711627899584 6.271228230612057
0.998897353522283 0.040501087392028574 -0.023743189470242357 -0.05260181212606276 -0.04211393350109828 0.9965219322761754 -0.07190587665574878 -0.20543062236463697 0.02074834285485001 0.07282650899658136 0.9971287809787394 6.325898588871582
0.9988722272075793 0.040866048081319564 -0.024171053505436375 -0.054134970963963316 -0.04252492139644383 0.9964507055027484 -0.07264724745859372 -0.2096673264173211 0.02111645741061801 0.07359319001985401 0.9970647609905414 6.380376377623557
0.9988222935768459 0.041577045526000694 -0.02500750165840465 -0.055653672148729474 -0.04330048347656999 0.9964017710767854 -0.07285999400047663 -0.21413128253879776 0.021888215655057768 0.07385702322990176 0.9970286084837555 6.437110906674878
0.9988108446021111 0.04146707758044989 -0.025639387319741903 -0.0572164489153969 -0.043232247132881464 0.9964216545028318 -0.07262822623257348 -0.21778530032587837 0.02253596044185921 0.07365030831425307 0.9970294692596489 6.488292073059984
0.9987462111850702 0.04268013166550711 -0.026161269167604653 -0.058769546184665726 -0.04448641811587595 0.9963488837864559 -0.07286878879679527 -0.22150900452700123 0.022955701833426323 0.07394124788307677 0.996998358882715 6.5379096554881
0.9986410767803106 0.043809185184995755 -0.02822684999191802 -0.06014158542543497 -0.04580031402106372 0.9961871438488695 -0.07425298422159794 -0.2261761534702922 0.0248662623369964 0.07544487871066363 0.996839876446423 6.59816092388722
0.9985186553995071 0.044813831099631316 -0.030857986993832274 -0.06109416606348666 -0.047051402455665 0.9959913624740933 -0.07607477508322763 -0.2302732749050511 0.027325086387672316 0.07741399369094323 0.9966245096498098 6.6523350256390845
0.9984535351802918 0.04551818326023299 -0.03191603168695991 -0.06268141427283391 -0.0478529343055969 0.99590745432875 -0.07667097945626038 -0.23444493041596884 0.02829549017600401 0.07807968625145055 0.9965454971202135 6.706397200460111
0.9984214639222035 0.04575535083617214 -0.03257342857729238 -0.06488814466178122 -0.048183483589544995 0.9957773431598708 -0.07813984104574705 -0.23937857377389823 0.028860566324972785 0.07958599574885267 0.9964101248943951 6.767489927171906
0.9982687517198285 0.04697166854195942 -0.03540002392791323 -0.06619644929702617 -0.049665906903807046 0.9955948699490017 -0.07952454100881176 -0.24466787171264814 0.03150868183748466 0.08114503857675553 0.9962041385595825 6.830958829520122
0.9982032476348425 0.04755752030173107 -0.036449398815077715 -0.06820742655229944 -0.05034405758165739 0.9955397866533957 -0.07978727377430037 -0.24939856587966963 0.03249234182766564 0.0814789264342004 0.9961452867276354 6.888758420920851
0.9981162877348102 0.04886826278996761 -0.03709136085868464 -0.07049329179542042 -0.05168750605541551 0.9955099746884216 -0.07929875165246256 -0.2534498703856524 0.033049627474919 0.08106653556034783 0.9961605989678625 6.940336311728187
0.9980746193967057 0.049087605661875464 -0.037913864040504244 -0.0728129346529423 -0.051972280819744046 0.9954969773589784 -0.07927578505155458 -0.2580675130738638 0.03385167857717465 0.08109361898158028 0.9961314616143678 6.994801543182131
0.9979604240543145 0.050399598858184506 -0.039177448312052145 -0.07535440290843087 -0.053384990574492364 0.9954190367259882 -0.07931572419688201 -0.2628721280060988 0.035000497177495614 0.08124544146256718 0.9960793861128137 7.052724217667338
0.997885694941983 0.051249991177465044 -0.03996971646686717 -0.07731068825419063 -0.05430352077436822 0.9953564363379326 -0.07947762120350878 -0.26669945974324566 0.03571088715841247 0.0814800775955034 0.9960350041506517 7.099742569747468
0.9977962368048594 0.05207680043925064 -0.04111783887861344 -0.07984130979564102 -0.05526867331114465 0.9952014823428327 -0.08074269807892294 -0.27149893941845415 0.03671571282794684 0.08283728869686287 0.9958865096148692 7.157719501997111
0.9977209412193416 0.05343872171702488 -0.04119740857890593 -0.08235333381666325 -0.05666938123139862 0.9950434735670778 -0.081713321694964 -0.2755915693237771 0.036626557075685524 0.08386172388416235 0.9958040502950148 7.205913143897178
0.9976633932330758 0.05400684799199381 -0.04184512125218727 -0.0847293258952192 -0.05731093298103916 0.9949614703414909 -0.08226256437014032 -0.2797153598536784 0.037191541558325776 0.08446853204523554 0.9957318194828552 7.2584959583327455
0.9976599823083145 0.05391452903746851 -0.042045014677334604 -0.08670158961962046 -0.057282059492406216 0.9948603865612801 -0.08349596943241304 -0.2837420714019752 0.0373272736863938 0.08570901241886242 0.9956207309158056 7.303357650746393
0.9977110386675329 0.052938561796111526 -0.042073649662083296 -0.08883460813902866 -0.0563956346041238 0.9947199285575267 -0.08574261558942854 -0.2877861883591505 0.03731240703208213 0.08791912423060401 0.9954285568919521 7.350667171394692
0.997789948327723 0.05108298863373187 -0.042494085334102975 -0.0922024521040544 -0.05459195224055712 0.9947993793978545 -0.0859878683316271 -0.29260912841184505 0.03788057241782317 0.08811766577649018 0.9953895414416405 7.4009634666283315
0.9976756887302538 0.052756501807153945 -0.04312738844008715 -0.09625985411047652 -0.056199694533027256 0.9949664229157349 -0.08296632813780178 -0.2974531735875177 0.03853329016559745 0.08519723462264102 0.9956187105321329 7.452666925128618
0.9975519693710312 0.05489451407448984 -0.04332044238554809 -0.1030075530863867 -0.058207366165637875 0.9951473066983638 -0.07933309835787367 -0.3033227958878499 0.038755269680582044 0.08166045735559489 0.9959064206924558 7.518807856927914
0.9975063055248411 0.05544531683490191 -0.04366906547244314 -0.10536804868352707 -0.0588367111956782 0.9950049605942796 -0.08064347343995422 -0.30742264172080985 0.03897963383405342 0.08301171744916615 0.9957859423150647 7.56697682187822
0.9973959976904175 0.05738306271675386 -0.04368532825054902 -0.10813806034258715 -0.06091846386149129 0.9945649095509692 -0.08443684889097035 -0.3114806230517846 0.038602649544697415 0.08687821823175232 0.9954707482618481 7.615815444747999
0.9973790455891204 0.057405412741026986 -0.04404154865288022 -0.11067014677564808 -0.06105213439615662 0.9943799195289086 -0.08649400281732102 -0.3161620576170066 0.03882880767402904 0.08895613652649233 0.9952784180664683 7.667737809315784
0.9973654102493751 0.05736859162803744 -0.04439688201537968 -0.1132868294575176 -0.061060946055006005 0.9943486990607983 -0.08684598748919617 -0.32088272940013235 0.03916374988354856 0.08932809955842531 0.9952319786483638 7.720300685875783
0.9973406331563053 0.05773942305408379 -0.044472693652825725 -0.11577132998311664 -0.06142236026432174 0.9943597913596607 -0.08646328114720059 -0.3252727479660129 0.03922951841302487 0.08896496137558886 0.9952619155441045 7.770781477962779
0.9973412354807257 0.05765349660911774 -0.04457055461286691 -0.11796451384162349 -0.061281080422183117 0.9945085367956806 -0.08483748831036812 -0.3301266573465695 0.03943461920758777 0.08734325714823607 0.9953974413462633 7.822826753517372
0.9973638816070962 0.0576401293427541 -0.0440783751396677 -0.12043786302084425 -0.0612234727608124 0.9945147492702908 -0.08480624898534471 -0.33443586472016207 0.03894835103968075 0.08728132087226509 0.9954220195364779 7.873289646786821
0.997382482071954 0.05820040665097617 -0.042905677032623435 -0.12271753924078034 -0.061732769851148256 0.9943626072242122 -0.08620945702634782 -0.3387004037660749 0.03764637542278756 0.08863248851257617 0.9953527175818592 7.920194565313578
0.9974646802220732 0.05770569240553204 -0.04164450472097361 -0.12504698280426796 -0.06122034439061363 0.9941710834958626 -0.08874641498878572 -0.3433211778641149 0.03628058905466373 0.09107090536863817 0.9951833042476048 7.9739762433780035
0.9975371619770508 0.057351821041677443 -0.040377953117444916 -0.12751530392282834 -0.060819536891416774 0.9940228741806404 -0.09066151078587001 -0.3486094576387459 0.03493700626937581 0.09289399457911396 0.9950628680460681 8.02845562735563
0.9975855440411683 0.057200123339155536 -0.03938563456454419 -0.12951897006357918 -0.060606433063650135 0.9939543755800206 -0.09155085765101736 -0.35343317860713314 0.0339108034609821 0.09371683496213022 0.9950212119614883 8.077372942086745
0.9975425827933018 0.05808448671393239 -0.03917892184873575 -0.13097608906851096 -0.061456478171865 0.9939339883580511 -0.09120486871527968 -0.35744684681832267 0.033643674067545 0.09338853885695703 0.9950611458626033 8.11790604477863
