1.0 0.0 0.0 0.0 0.0 1.0 0.0 0.0 0.0 0.0 1.0 0.0
0.9999767255301335 0.001481340791783812 -0.006659881942709643 -0.0003510595651957009 -0.001493051893190677 0.9999973474399331 -0.0017538269989571939 0.0018825544398520392 0.006657266261497461 0.00176372972890655 0.9999762847504768 0.001957850077716218
0.9998954663739381 0.00287367115464704 -0.014170333056771293 -0.0003250400422282854 -0.002917277286048627 0.9999910703280469 -0.003057573777254841 0.003081426833239282 0.014161420058778724 0.0030985929487432227 0.999894920931023 0.004891136963231821
0.9997373506931239 0.0039973600894133154 -0.02256658461996293 -0.00028357030153932045 -0.004106897208407229 0.9999799999138897 -0.004809695160458794 0.00414615342422324 0.02254690720285065 0.004901110540737622 0.9997337726070143 0.007285492054701763
0.9992278306691393 0.009570856130121238 -0.038106969561785095 0.0047353624138616705 -0.009675171438156249 0.9999499329232308 -0.002553958587821077 0.0011569060660988752 0.038080618087008224 0.0029206779628260645 0.9992704019265001 0.0008277460540260231
0.9992531948522981 0.008797702735484397 -0.037625164505333424 -0.007418409415967405 -0.008926679740318104 0.9999548380588958 -0.0032613235688886692 0.0005221225736416308 0.03759477312458644 0.003594755789375012 0.9992866009131344 -0.007577558985830621
0.9986175297491514 0.009167203131081393 -0.05175897665581053 -0.007743441860154377 -0.009420516434636591 0.9999448036952285 -0.0046522503173872225 0.0012152895684407364 0.051713471627884006 0.005133415009949981 0.9986487695393853 -0.0028625678009309785
0.9974447929996436 0.009629704883991197 -0.07078950276521266 -0.004849423255761933 -0.00998258383843488 0.9999394406963991 -0.004632813365669558 0.0011277442166644424 0.0707406031767286 0.005327637714761072 0.9974805177739432 -0.00537893822394688
0.9942234590318928 0.009023429553753808 -0.1069499473106325 0.010684702167290916 -0.009431940125798897 0.9999500252990804 -0.003314424509844749 3.8881087671737216e-07 0.10691469504292622 0.004304024100369144 0.9942588814591613 -0.008439691265295
0.9895490046877328 0.007351722082048509 -0.14400944241245664 0.026253324508122775 -0.008123244153450901 0.9999556281150221 -0.004770189253516919 0.0011243026660120979 0.1439679833363712 0.0058901598891086425 0.9895648163665379 -0.013680638555168653
0.9850671910062594 0.006890973367218385 -0.17203239139502385 0.03277358102894237 -0.007965147514164864 0.9999528507655828 -0.00555451805837504 0.0014580263413006436 0.17198600416346638 0.0068418368758331296 0.9850756334617404 -0.019311921878097934
0.9840098766845168 0.00978102868437949 -0.1778451406848042 0.00416750297400308 -0.011094276235587765 0.9999180312027006 -0.00639123701038971 0.0006799306370862063 0.1777680500599892 0.008262103460369829 0.9840377320124872 -0.025394728580893807
0.9818258280809713 0.014296318492497807 -0.18924496978962596 -0.015830451010552006 -0.01630085145441826 0.9998262658158651 -0.009039935097305982 0.001863217132220411 0.18908285367789526 0.011960495903748909 0.9818882935358586 -0.038707796587180376
0.9793476587596279 0.016752209113869626 -0.2014882794900025 -0.03347780278511038 -0.019147462890987274 0.9997672130390052 -0.009944566207652408 0.0018106224494638952 0.20127478219308662 0.013597176987349833 0.9794404416967375 -0.04504786774900466
0.9762734675162943 0.017058858994069944 -0.2158682745415192 -0.04865840230685195 -0.019726696239449826 0.9997532769568934 -0.010209929942422289 0.0019668242986333913 0.21564084510868686 0.014226051587603388 0.9763691132850513 -0.05119281156605137
0.9745448620359327 0.018500127615059467 -0.22342796861089784 -0.07982212714611409 -0.021225896323789524 0.9997266327684037 -0.009804134780820475 0.002315278734405535 0.22318551298105685 0.014297028074928997 0.9746711351956651 -0.05957860779217816
0.9667406852037652 0.01926122008905833 -0.25503225868983026 -0.08362508378582334 -0.022549626738953815 0.9996959476773924 -0.009976298478556609 0.00353400982777452 0.25476255985856594 0.015395375866807873 0.9668810787766144 -0.053357763762657696
0.9572466324141363 0.020391389051779618 -0.28855341963722264 -0.08765891749890264 -0.02436540975819814 0.9996512173587281 -0.010186777730352871 0.004832363418534413 0.28824505466548955 0.01678198098412463 0.9574096059551194 -0.04699183946386532
0.9501047390012707 0.022404574842157594 -0.31112540872366956 -0.10297907187378226 -0.02674549852317782 0.9995952870220157 -0.009692289312658278 0.004673278791798707 0.3107823406116808 0.017529894167272915 0.9503194408063055 -0.048883698370186246
0.9456946676333893 0.025566255554112228 -0.32404932060832414 -0.129270143232291 -0.030294946140562794 0.9994953280804246 -0.00955538506518586 0.005198559616945745 0.323641486599161 0.018853533418048074 0.94599193042517 -0.0539352975268923
0.9360525769905486 0.02593056399190525 -0.3509033755329471 -0.13971162894195885 -0.03101178351547486 0.9994796842049958 -0.008867364020419632 0.0052346082181968 0.35049085921396533 0.019182458459306984 0.9363696870867367 -0.056964695789972986
0.9266368721244602 0.021169734960594547 -0.37536109220468833 -0.15487879525114823 -0.026845266026977257 0.9995906121133629 -0.00989645728391444 0.00557464796107992 0.374997918542675 0.019247090599094175 0.9268258253804387 -0.06179765227962691
0.9088487523900245 0.015572594199557513 -0.4168350268259528 -0.151894306733246 -0.021918264096737066 0.9997052389453004 -0.010441500098367026 0.005629325956567773 0.41654955884994316 0.01862604454022569 0.9089221834055449 -0.06255062057332868
0.897124039018535 0.01708909541415898 -0.44144809596712153 -0.1720963807875016 -0.02223405685789867 0.9997317685197495 -0.0064836508243479975 0.004780407518702311 0.4412188859633169 0.015631821080671793 0.8972633620286693 -0.07290265140983986
0.8743677889151693 0.0226903103889463 -0.4847330394372264 -0.1762635464846373 -0.027650158296468226 0.9996129041524336 -0.003083925763666099 0.004810753780662943 0.4844754260576877 0.01609943062312512 0.8746567154488858 -0.07081158547932054
0.8485481316616286 0.025294083107907393 -0.5285132709907013 -0.18332144264663003 -0.030878355075007087 0.9995216348040069 -0.0017403294473039034 0.005007513419303796 0.5282164285985634 0.017796373744492736 0.8489232554478203 -0.06690786744396683
0.8274208747751782 0.024681582622580505 -0.5610396737001085 -0.2011711277682073 -0.030698081682793782 0.9995278552212248 -0.001301698065066615 0.005223939680561074 0.5607426537791409 0.01829989388222688 0.827787889568714 -0.06942580428995963
0.797301872747966 0.020229681832141563 -0.6032416461796695 -0.2114309930919857 -0.025539956484494784 0.9996737751801194 -0.00023203425698974738 0.0053843622669960305 0.603040159803105 0.015591766740705055 0.7975584382818279 -0.06494096889558953
0.7614651463162536 0.016178022148911318 -0.6480039371368951 -0.21261304916072155 -0.021346325066158807 0.9997721335928401 -0.00012368261069318774 0.0054333466957877585 0.6478542778678973 0.013926682683524894 0.7616369753089048 -0.06433487443948706
0.725988343076334 0.015584606700355387 -0.6875303962380688 -0.22428161552170345 -0.02003090609917997 0.9997982186044284 0.0015115807142407041 0.00565413206413692 0.6874152227861436 0.012674466829220622 0.7261540259287083 -0.060582097105542215
0.6845793726937167 0.016470854085457617 -0.7287522167705387 -0.23129287944078852 -0.01971581422869076 0.9997973154479102 0.004076112418730102 0.005916083834081036 0.7286716470067811 0.011577520841951327 0.6847653553295308 -0.05758240775809817
0.6406473890573527 0.01680231463495705 -0.7676513564873744 -0.23856681056028675 -0.01890866010400565 0.9998025866063684 0.006103309617327724 0.006024402869346351 0.7676023615564673 0.010605189207249375 0.6408386259385523 -0.055659631085017224
0.5926108874618656 0.018210240919366124 -0.805283008132743 -0.24349605484023845 -0.018918039209468593 0.9997833009644882 0.008686708526217772 0.006103063416522224 0.8052666911366236 0.010086537473729968 0.5928269713058469 -0.053821316324238214
0.542715953116755 0.01986209888722835 -0.8396814224813879 -0.24910688247125745 -0.018109390319421388 0.9997646675225935 0.011944017569293083 0.006144661654295841 0.839721051430074 0.008723909744520513 0.542947924928293 -0.05255244682406842
0.4900739594378421 0.022051834271235377 -0.871401876797492 -0.25271715095425185 -0.018788844431685253 0.9997149308842527 0.014732151642391873 0.006167236964080964 0.8714783380014881 0.009152790414201209 0.49034858297113126 -0.051889085077616436
0.4383173783328993 0.024453830422557773 -0.8984875547435479 -0.2605840723410979 -0.017901003467015075 0.9996690623592824 0.018474843344004968 0.00654646358666556 0.8986419920781832 0.007985983932879255 0.4386100707170057 -0.04994332056502916
0.35870426093878593 0.027377894678735155 -0.9330496793136581 -0.2541568416853702 -0.014880962766824962 0.9996104849710218 0.023610067410530945 0.005169174137708358 0.9333326363797044 0.005415645756255874 0.35897194966954143 -0.030675921156368233
0.3089240263611956 0.02709319124574107 -0.9507007441487095 -0.26784869413812457 -0.01426457702017768 0.9996137288414724 0.02385193816195866 0.0060844234867084715 0.950979740993056 0.006192907214539094 0.3091911708328848 -0.027873076782589868
0.25750527776224064 0.0281129623985697 -0.9658678446194224 -0.25444824691550305 -0.01583219645648481 0.9995652474529435 0.024872829346461255 0.006116329921511117 0.9661471800300157 0.008886924637423058 0.2578384166305227 -0.024623380397672576
0.2153918797466857 0.028297845961372237 -0.9761176005242077 -0.2697095887033556 -0.019144503110534224 0.9995103046245462 0.024751544396193228 0.0071715639735105184 0.97634001563996 0.013356004765353518 0.2158281515392942 -0.02297018501260898
0.17785682045892637 0.026598737303941664 -0.9836968326624206 -0.2839969110588457 -0.022872013773773056 0.9994763213002404 0.02289004469348679 0.008183249438554726 0.9837905378698105 0.018427976936525783 0.17837204731642772 -0.022037014103152962
0.14347377136537307 0.023211804686148713 -0.9893818722077992 -0.29707615036267127 -0.02453208114605092 0.9995011236456626 0.01989172756953006 0.008961086809821033 0.9893500158815576 0.021417655200060982 0.14397162956948012 -0.020820138489606108
0.10182368121204599 0.019257295484469958 -0.9946160538192877 -0.2820342783545963 -0.0227270084155316 0.9995966999331226 0.017027054098997456 0.00964728694166243 0.9945428201102788 0.020870890096818445 0.10222027643114133 -0.006889915818284338
0.07525119109943633 0.01665149643608751 -0.9970255693333828 -0.29602766557070015 -0.024788502276968983 0.9995828132973215 0.014823276138413275 0.010738697152261334 0.9968564532534155 0.023599301410206525 0.0756325629604718 -0.006637534386210729
0.0542317221093249 0.013845518946961252 -0.9984323822483663 -0.30870009990851593 -0.028758460393485116 0.9995107304259065 0.012298403118502589 0.011538594194330717 0.9981141574353369 0.02804641454015235 0.05460336398601161 -0.006379696742067334
0.03788093384552342 0.012455442749009466 -0.9992046320934058 -0.32747351611605585 -0.030498355879818466 0.9994709115148289 0.011302536190747678 0.012670913465205016 0.9988167425206782 0.03004594784062035 0.03824076200522029 -0.006440774255494891
0.024738364550386565 0.012336038898301493 -0.9996178447105039 -0.3434058297093534 -0.03067354695216795 0.999462431753777 0.011575017503120101 0.013206698336272221 0.9992232717649971 0.030375477891284277 0.025103456059493635 -0.005981959699854917
0.01506933797522753 0.01311777364512264 -0.9998003996136353 -0.35862195627818705 -0.032892818058579576 0.9993792508612536 0.0126164760596496 0.013608426584830509 0.9993452744538058 0.032696130697587485 0.015491464238502577 -0.006182573556360692
0.008562442508823804 0.014436242272301713 -0.9998591298214662 -0.37879178448828954 -0.03784896042505514 0.9991839567321716 0.014102368729530804 0.01417877119392225 0.9992467867213907 0.037722877913757516 0.009101851947711166 -0.006912176565955542
0.0038501509782659983 0.014311570387037866 -0.9998901716141142 -0.4044466570254158 -0.037411089551071176 0.9991996656369128 0.014157632912410801 0.015466668266770275 0.9992925431103972 0.03735247172728351 0.004382481011502955 -0.0064277211665788765
0.003032588992545382 0.013818036896410412 -0.9998999276229261 -0.43413838280518036 -0.03613625437811474 0.9992529683963173 0.013699498920316466 0.016626568204535598 0.9993422709580142 0.03609109318761104 0.0035296556490238395 -0.007144974013250037
0.004048930323641831 0.014589247787848517 -0.9998853734364856 -0.4629686373790382 -0.034333791680305974 0.9993060723302379 0.014441764184672832 0.018054075511959748 0.9994022197854506 0.03427138241881865 0.004547024853179684 -0.006993180397074433
0.005197468880578348 0.01601524243531594 -0.9998582391154133 -0.4833949721906557 -0.03371134680313836 0.9993062190383424 0.01583116192861106 0.01891142099137544 0.9994180964010771 0.03362428588132747 0.005733758367495456 -0.006564290678896326
0.00682965567425332 0.015182581886027748 -0.9998614129021315 -0.513951653933105 -0.035654602827862196 0.9992526459821612 0.014929795538978765 0.01979569531077386 0.9993408353012286 0.03554769619711228 0.007365880430694517 -0.006349016390839435
0.00949052891903525 0.012113556567055562 -0.9998815887934607 -0.5211830995747933 -0.038812542558745014 0.999177580814097 0.011736632336951575 0.019610450898505313 0.9992014393509255 0.038696559870146384 0.009952881655766592 -0.005024716262646493
0.010205060739077326 0.01109963678399522 -0.9998863209378238 -0.5525915598522454 -0.038002153253032155 0.9992203222938594 0.010704385226964968 0.02064472089085708 0.9992255466527281 0.03788859430247458 0.010618914178849779 -0.003838330605256747
0.01133997648039305 0.012612156601865822 -0.9998561588745031 -0.5783014215609446 -0.03505287086085623 0.9993108964428398 0.012207722761343066 0.02189494666493054 0.9993211201499922 0.03490939352746737 0.011774254358906527 -0.0026714337914056164
0.012963604989269614 0.014653662022236395 -0.999808589248473 -0.611437139557688 -0.035260468917264316 0.9992774291951656 0.014188686790302765 0.023091487730100387 0.9992940729722237 0.03506978315354415 0.013470932861040256 -0.002225398493654429
0.014745850931355463 0.015652438257314386 -0.9997687537910519 -0.6467194190624467 -0.035615744197132315 0.9992511864988733 0.015119029263687418 0.02390422279785668 0.9992567631222686 0.035384565239559115 0.01529228227612852 -0.0019374352382761338
0.01620944581515581 0.014393364126580007 -0.9997650148587351 -0.6755258159520974 -0.03474088971857292 0.9993007473813336 0.013823417257222187 0.024881258493952667 0.9992648920321014 0.03450865619268482 0.016698149593525332 -0.0012228864163421936
0.018312239439897716 0.011233979781101583 -0.9997692031588968 -0.6937196551725253 -0.03650120294777716 0.999277814728324 0.010559885186286535 0.02508751925151295 0.9991658141019741 0.03629940343945318 0.01870906838618625 -0.0034080763379245524
0.0194673837299536 0.010413070179411264 -0.9997562647666439 -0.7192466382731658 -0.03874257327512355 0.9992025993159 0.009652903002065505 0.025719780551643256 0.9990595747935818 0.03854521357813766 0.01985528955929677 -0.003062621449545844
0.020812315118623397 0.0112234098750738 -0.9997204022176307 -0.7567499043589222 -0.03560917485511321 0.9993108669241758 0.010477495568438086 0.027002445286626313 0.9991490550491158 0.035381157669368765 0.02119762902860501 -0.002069891186854294
0.02153593632334245 0.01265845310935828 -0.9996879348134384 -0.7882067539096623 -0.03572870507339762 0.9992908668155053 0.011883733962479772 0.027645993409511092 0.9991294526138514 0.03546162805048317 0.02197293461406835 -0.0013561307506071885
0.02304198656502096 0.013993238902777936 -0.9996365620164909 -0.8105936517315209 -0.03412363996629049 0.9993304128601085 0.013202391006681321 0.027450679599540173 0.9991519624414429 0.03380702882318994 0.023504058193422512 -0.003715835708066418
0.02370298451074695 0.008276365681179676 -0.9996847854680981 -0.8439834437636937 -0.031188580075905338 0.999485113934407 0.0075352170752945105 0.02823470079619003 0.9992324259140765 0.031000141848615995 0.0239489082680967 -0.002887636889631225
0.02433437894033486 0.0008480751026906317 -0.9997035154335565 -0.8732733078764885 -0.027812178959695528 0.9996131519035689 0.00017100562502452823 0.02801885848233977 0.9993169270572276 0.027799771762195145 0.024348552048693614 -0.0003865917855434835
0.02416938485596837 -0.004189870460587878 -0.9996990976394899 -0.8895272399987898 -0.023881930169179787 0.9997034192755517 -0.004767273871088624 0.027833190307125177 0.9994225804168508 0.023989966116923712 0.02406215448854303 0.001320198675850258
0.02401481393678686 -0.004479433644278754 -0.9997015671618259 -0.9288604671842535 -0.024298978536572646 0.999691914871802 -0.00506310004110922 0.0285766903805332 0.9994162537970148 0.024413316328875053 0.023898569667780548 0.0016256448045984299
0.025176132068453608 0.0023085403557662146 -0.9996803654246192 -0.9394486327547724 -0.027614344158217684 0.9996173499837082 0.0016129501718997298 0.02820415681352162 0.999301561277066 0.027564909812501863 0.025230247248997095 0.0029373842468281963
0.02519994303748672 0.00892416764691503 -0.9996425971829731 -0.9650951870810763 -0.02634773182436128 0.9996187140422026 0.008259755705928578 0.028516812061277364 0.9993351589424928 0.02613016969749329 0.025425466228988187 0.005628402791036402
0.026251236581252793 0.01353089775916633 -0.9995637985560445 -0.9754490694071214 -0.03117351131657799 0.9994331679428595 0.01271042909944722 0.028154336507139763 0.9991691972684849 0.03082624890459072 0.026658162133239995 0.006920115734848006
0.025098190284159105 0.01349921647084389 -0.9995938435180238 -1.0039950991273254 -0.03368680699156353 0.9993523768630165 0.012650134107958044 0.02760125176677966 0.9991172503160834 0.033355629403586634 0.025536681615227506 0.01005493735998167
0.02508758040646931 0.009255506396247204 -0.9996424105202317 -1.0245017401913592 -0.03220059236820199 0.9994457435703883 0.008445561566117367 0.02763639345388049 0.9991665202359832 0.03197719907026232 0.025371708242354678 0.01219565400560161
0.02553872404584979 0.006039452812404297 -0.9996555899827891 -1.0647652910523353 -0.031164280351053716 0.9995005279840236 0.0052423458351849635 0.027641471058550516 0.9991879508902758 0.03101966423708526 0.02571418336848008 0.01729731381952142
0.02545052448574992 0.006954672079750334 -0.9996518910799223 -1.091477145148237 -0.03257168116906378 0.9994506401031564 0.006124016917600462 0.02761834372957817 0.9991453129496328 0.03240448323379547 0.025663068349863052 0.017725332251137687
0.02550832493415488 0.008420126936626337 -0.9996391483037397 -1.1305357858688323 -0.03306292950305792 0.9994245682370371 0.007574635099029819 0.02761109527046912 0.9991277035753379 0.0328577824355008 0.02577204069708245 0.018468630789591014
0.04497848744435193 0.006271441149786718 -0.9989682701132824 -1.1490098972485712 -0.033762875023907166 0.9994185643841113 0.0047540966037476415 0.02838284847329243 0.9984172494189679 0.03351420878228383 0.045164077233565574 -0.011276284995953203
0.04533372965078664 0.0006590587580970718 -0.9989716805783351 -1.179216826803663 -0.03687705703164518 0.9993192953446728 -0.0010142073291451485 0.02889141851290675 0.9982910074826044 0.0368851134385563 0.04532717491738213 -0.010321595180674291
0.04534141986435245 -0.004791432192844968 -0.9989600581716099 -1.2145037538510415 -0.03730662268357037 0.999282814883684 -0.006486276441983635 0.029688633655751393 0.9982746974398528 0.037561922949679416 0.04513014951994329 -0.00871049819857352
0.045514882870781495 -0.00518595712859676 -0.9989501996025226 -1.254404413375589 -0.03637873396828101 0.9993146294944023 -0.0068453629067855345 0.030008532563611683 0.9983010483577203 0.03665210944981314 0.045295029757746554 -0.006666496202956043
0.045858988551827636 -0.0038768704083034173 -0.9989404001464957 -1.2934207102551636 -0.03546201205513917 0.9993558548392958 -0.005506459789833234 0.029979420043060933 0.9983182853529248 0.03567695718882508 0.045691967081124295 -0.004747267237530973
0.0474957847105093 0.0003977003008291589 -0.9988713592195965 -1.3170673543953137 -0.03467426649142025 0.9993978840589922 -0.0012508323975803518 0.02956985458976476 0.9982694253947748 0.034694540966493284 0.047480976707621705 -0.0015449859336255025
0.04794688008943161 0.003952516149533524 -0.9988420667481811 -1.3582004649425574 -0.03342856009305878 0.9994383461847823 0.002350222442135141 0.030391963170748507 0.9982903525827511 0.03327716621815147 0.04805207746492771 0.0003126390591423789
0.04769839133684633 0.006327826139956531 -0.9988417402572942 -1.3837152562038124 -0.03459957891070963 0.9993903019803342 0.004679043369492386 0.0303950166511536 0.9982623565992447 0.034336320769623986 0.04788824984197233 0.0011894774441740452
0.047622938631947324 0.0058542643785330275 -0.9988482283633705 -1.4133327232085158 -0.03567507386812247 0.9993547989017351 0.004156322481567542 0.029457903635264567 0.9982281026000829 0.035436048039434384 0.047801063573789666 0.004571207553085033
0.048780010466332395 0.0011908891953539252 -0.9988088367459657 -1.4306042544335673 -0.03228789830931676 0.9994785356613902 -0.0003851946580735399 0.029373536029769103 0.9982875348323609 0.03226822795075566 0.04879302473967702 0.007325419720313863
0.049525861023633676 -0.0034958947085168765 -0.9987667234194653 -1.440451582220897 -0.030411153158280073 0.9995249352824436 -0.005006546934247477 0.029320186407658072 0.9983097469490378 0.030621601342979185 0.049396018845051536 0.00962593363273494
0.049415729918529626 -0.006450952979556568 -0.9987574634726265 -1.4532634519249692 -0.03396870348344192 0.9993897824904681 -0.008135713693550187 0.02910766891921163 0.998200487287135 0.03432852835915301 0.04916644506594149 0.011529732095827992
0.048392590967150324 -0.00848110845590774 -0.9987923848021898 -1.4720707307085308 -0.036640397762690284 0.9992758396838792 -0.010260481268641672 0.028813875086175805 0.9981561192475246 0.03709268153465926 0.048046795785887435 0.014601855433476855
0.04722796212952166 -0.011490789659360914 -0.9988180421608819 -1.4865874432611523 -0.03302822383589066 0.9993691026679077 -0.013058830842826337 0.028541001871942397 0.9983379468012521 0.03360592783631788 0.04681864576129621 0.016816739031556976
0.04499865558373416 -0.01599117465593199 -0.998859050781831 -1.5040331551323507 -0.030783898629776683 0.9993748395615991 -0.017386248484749216 0.027570124072693877 0.998512630155878 0.031531133572163736 0.044478253504905314 0.020892851895362472
0.04556769540883009 -0.01861216215162521 -0.9987878516257447 -1.5138569159678075 -0.027454937404842394 0.9994254081289172 -0.019876619391557333 0.027157676098019404 0.9985839031084095 0.028327389685295978 0.045030516834625126 0.022437575081550018
0.04282504733946117 -0.01667662403197249 -0.9989433945581053 -1.5430620762700267 -0.02654853549981832 0.9994886116856507 -0.017823870889864722 0.02682550445674033 0.9987297885730603 0.02728379228736649 0.04236040716556306 0.026100701789551577
0.04068252006365158 -0.01247128829531944 -0.9990942896091074 -1.5743220989009812 -0.023111625525059118 0.9996428247695837 -0.013419226962467523 0.02655804305761567 0.9989047929241613 0.02363662105581147 0.04037975753028027 0.02862713232734537
0.03761756706919304 -0.010665112720367471 -0.9992352946220716 -1.607597987866869 -0.020958550127973707 0.9997146717654396 -0.011459242271881907 0.026002272873063365 0.9990723986900697 0.021373591826703297 0.03738330841562511 0.032968920285453215
0.03711348126602112 -0.012109294485544155 -0.9992376866868967 -1.6451648384916162 -0.02336555831274073 0.9996426948098569 -0.01298204136544374 0.024262801369496892 0.9990378572371783 0.023829555185583287 0.03681728000011506 0.035580593829662825
0.03500490976168965 -0.016030970807732272 -0.999258557265105 -1.6736684355260725 -0.028240727143280284 0.9994561840609754 -0.017023438920648767 0.022825020193755884 0.9989880467868459 0.02881569220456425 0.034533147261396696 0.03832373555051358
0.03367393555628489 -0.020366206130556414 -0.9992253418083432 -1.7045870157864542 -0.03278888986421342 0.9992316403398591 -0.02147132145863295 0.022392889810471668 0.9988948667230334 0.03348651357719257 0.03298027657284117 0.03910678340165326
0.03184817717650799 -0.022067474570046684 -0.9992490781465027 -1.7380582125691553 -0.03135823181252301 0.9992420053992699 -0.023066771408912758 0.022024352409727166 0.9990006781319662 0.03206931885369076 0.03113203944708321 0.040661268570029704
0.030526899502611782 -0.02111752288118259 -0.9993108418475813 -1.7667340582331446 -0.03357042875901331 0.9991910851143913 -0.022140500013639958 0.021117931334585286 0.9989700369479035 0.03422317424320948 0.029793281541745667 0.0413956556369279
0.029861043178173483 -0.02057085302452131 -0.9993423628097412 -1.807342836188384 -0.0343847851287711 0.9991753343344849 -0.021594856082196155 0.020437810781224194 0.9989624640855941 0.035007017345189934 0.02912909343996689 0.04206963409902032
0.029586579215057356 -0.021361361159202716 -0.9993339414729087 -1.8376702758772494 -0.03735960034034577 0.9990494220107112 -0.02246135887397822 0.01913421602827818 0.9988638018232328 0.0379992714335749 0.028760402948446152 0.043307370152409125
0.030646438476339775 -0.023211607817375832 -0.9992607352794614 -1.8590179009536503 -0.04300950700236581 0.9987737398173759 -0.024519358854145783 0.022561265146113046 0.9986045153693884 0.04372914261379587 0.029610538160142117 0.03990941123723851
0.029950285269765797 -0.022836256905806915 -0.9992904911900207 -1.8944241675573668 -0.041575172841449654 0.998845351529737 -0.024072156750729472 0.022534252695504076 0.9986863799088604 0.04226664285178744 0.028966281890787152 0.040906066728715364
0.028902329904142345 -0.021427384249183768 -0.9993525516705057 -1.9253793607009737 -0.03687630812302107 0.9990667838565488 -0.022487758753141955 0.02231057047215489 0.9989017935839989 0.037502381241219476 0.028085194959451883 0.04256949672776138
0.028819792408959155 -0.018974345225086228 -0.9994045195959366 -1.9635253845263427 -0.036584630178788456 0.9991299211784719 -0.02002412146820195 0.021850414306383473 0.9989149034828682 0.03713993577231493 0.028100547515001552 0.04346576781012905
0.02796793054931861 -0.018079867091129354 -0.9994453027888803 -2.0020252236520992 -0.03440888434888678 0.9992264774469318 -0.019038787956503954 0.020954031992308185 0.9990164280624496 0.034922273336013894 0.02732418866849688 0.04470659724996338
0.027040588485740372 -0.020061927502013455 -0.9994330020763021 -2.0404206031818486 -0.03262326282294636 0.9992483187683812 -0.020940872984194305 0.021102127929732366 0.9991018613220237 0.03317101902956171 0.026365777049253383 0.04590177448416825
0.026376829494195394 -0.023878790404744762 -0.9993668326668849 -2.0778544501774183 -0.030212241935390755 0.9992389386294716 -0.024673142561829682 0.020841144902078664 0.99919541797542 0.030843911805178918 0.0256353233153604 0.047274269519870904
0.02374196499783808 -0.028157142009225103 -0.9993215170564049 -2.0510938772777085 -0.030091045036956646 0.9991302442876023 -0.028866658247387315 0.021703245560925143 0.9992651540540317 0.030755979965860592 0.02287403745984883 0.05561119919691072
0.02396743958854462 -0.03242811159349411 -0.9991866589471909 -2.088933339952859 -0.029465257318383536 0.999016638052054 -0.03312937527821057 0.0212494249818792 0.9992784198864366 0.030235318315564107 0.02298836826801471 0.05630355200390955
0.024859485241348223 -0.03618260357970152 -0.999035947897637 -2.12497756317851 -0.027414799399672465 0.9989442735347472 -0.03686145881545284 0.020619131817033533 0.9993149827593967 0.02830472699607514 0.02384130160597374 0.05755515407598534
0.02658894786105033 -0.03815624657382588 -0.9989179789647599 -2.158776073996909 -0.02708938520086501 0.998876790546317 -0.03887573172713419 0.01978926381053899 0.9992793368528561 0.02809373872020134 0.02552545364219451 0.05912050225680802
0.030359537789029275 -0.03831009491460034 -0.9988046030595129 -2.192822186758624 -0.026625656574974264 0.9988796330878127 -0.03912228283600219 0.01880257685459482 0.9991843537992328 0.027781562770721226 0.029305492536873094 0.06037236867659065
0.03631942898523818 -0.037681088475023404 -0.9986295782969398 -2.22443828851724 -0.02578119829394835 0.9989209548612191 -0.038629726295564805 0.017627463412123023 0.99900762203935 0.027148876781188814 0.03530877506804476 0.061038491645198374
0.043101143322057195 -0.03698480424062563 -0.9983859051987934 -2.2558889353092155 -0.02385090699847496 0.9989916555778724 -0.03803690735487814 0.01592968801631595 0.9987859759125995 0.025451843568917495 0.042175561398303946 0.06277289352460452
0.051846374757321 -0.03680883721076573 -0.9979764841556713 -2.2888765036300107 -0.023330309524640828 0.9990031173079813 -0.038058747567568316 0.015142322635240206 0.9983825169152404 0.025256308362849467 0.050935928438315105 0.06443547309888994
0.06412554126768366 -0.03558368202642158 -0.9973072327676007 -2.3093908148907305 -0.025057633895606213 0.9989915833117397 -0.03725495209832882 0.014642258248938129 0.9976271998801368 0.027379153488340087 0.06316923312485283 0.06550254063919488
0.07916136242038772 -0.03423637706150279 -0.9962737320563313 -2.3290720103291846 -0.028486994025264053 0.9989242176392811 -0.0365909631623204 0.014257311315678365 0.9964547003608113 0.03127743434882217 0.07810091055425071 0.06681493938041223
0.09719046852213226 -0.03317140492476218 -0.9947128584288865 -2.3507908906551696 -0.029958836606661425 0.9988940251592229 -0.036238027131357146 0.013597702988949932 0.9948147973053202 0.033322430831432846 0.09608920160903221 0.06897442389474218
0.11944618016833194 -0.03307387669340256 -0.992289639532563 -2.366884682801391 -0.03062687846393723 0.9988466045098459 -0.03697911538556342 0.013346400897339534 0.9923681798398972 0.034807748269799904 0.11829546188099278 0.07083282926361055
0.1458715283304507 -0.03368567449393033 -0.9887298784584329 -2.3841090967505276 -0.029642919172512067 0.9988225650987106 -0.03840287479546253 0.013204073806874508 0.9888593401315837 0.03491072590929054 0.14470123237559882 0.07145467400505529
0.17469668603761043 -0.0364272863571408 -0.983948230699223 -2.405244101492394 -0.02742659658939822 0.9987476179553094 -0.041844682196302004 0.014112121019988431 0.9842402398230826 0.034296478496233025 0.1734788225569903 0.07599774850669427
0.2081010887225946 -0.03724863507741365 -0.9773978084983311 -2.418215591341769 -0.02412363095533916 0.998775173656073 -0.043199570805779824 0.013679737889502497 0.9778097909624353 0.032568261745804926 0.20694762870073388 0.07928698518884603
0.24519653147475393 -0.037980153480802914 -0.9687291514630518 -2.4328262678245314 -0.02217092811087226 0.9987513170341463 -0.04476892526354519 0.0135584550029843 0.9692198465257773 0.03245480956846957 0.24404830349015663 0.0834687173382192
0.263421571294582 -0.03713160569095427 -0.9639659328189482 -2.4400074275691606 -0.021571854086835575 0.9987823429158987 -0.0443676299871473 0.010126577307935161 0.964439594214147 0.032481923253284015 0.2622998165722195 0.11585896735806342
0.30746950295103037 -0.03737185317366377 -0.9508237740745719 -2.4545939417875577 -0.01835158753853134 0.9988097287423323 -0.0451923113424843 0.010101311088620491 0.9513809562892566 0.03134438322933042 0.30641769800406965 0.12142793231783922
0.3108601058515725 -0.04192514717119414 -0.9495305559194094 -2.4510375162402758 -0.014174179413625866 0.9987110667940294 -0.048737025976908877 0.011242690189874872 0.9503499814425724 0.028609213512396578 0.30986517338078634 0.1806353503945347
0.343148388885623 -0.046400013735081264 -0.9381344370241321 -2.4528932516519046 -0.005423642858817207 0.9986645677380432 -0.05137767260901903 0.009539105461762083 0.9392655467456154 0.022718271720456616 0.3424384803533279 0.19897632379428196
0.3818392301962213 -0.051437785785362615 -0.9227962702984102 -2.4541396824351644 0.0019824376038373595 0.9984933555119766 -0.05483693043536217 0.008522813515950953 0.9242266346650602 0.01910950527684442 0.38136590642553914 0.21156653920952226
0.41547018424269033 -0.05890776194128322 -0.9076973072497317 -2.4557219811557216 0.011062665453232878 0.9981541858512186 -0.059714643938929626 0.009567532513991759 0.909539522746765 0.014768102476392021 0.4153549803611786 0.2325991887363335
0.46586885988332316 -0.06139312056494875 -0.8827214113967725 -2.4733148992242664 0.015478229469666219 0.9980029223284238 -0.061242072437199396 0.009846252236088026 0.8847183901126363 0.014867809899825278 0.4658887403933359 0.24393266056961777
0.5000188452545872 -0.0617530431237596 -0.8638099999740823 -2.477085595017716 0.01981081996141115 0.9980090203200823 -0.05987926830046134 0.008451833510704629 0.8657878988544038 0.012827978199935324 0.5002466963135087 0.2623593965608762
0.5401074383841732 -0.06588597657499963 -0.8390131066275693 -2.4811445332884072 0.03087857266027424 0.9978110090244128 -0.058478235439690066 0.007861114107151419 0.8410294101590907 0.005677002768637922 0.5409596129906724 0.2699842972645556
0.5768574155730317 -0.07165471409763959 -0.8136959653617486 -2.485743660427108 0.043472742341936814 0.9974264037180612 -0.057014821225003225 0.0069295227006465595 0.8156872211648726 -0.0024841726256287573 0.5784878443966616 0.2823078472756086
0.6158238942349359 -0.07840759183881196 -0.7839726913811199 -2.488369212217771 0.050470898243950076 0.9969180423657228 -0.06005918111443341 0.006662488528878213 0.7862656165188485 -0.0025819271342781636 0.6178832526719835 0.291488880239238
0.6570113776858373 -0.08694084170974972 -0.7488506791304649 -2.4998545206884857 0.054565834841158234 0.9962067024101152 -0.06778477514342066 0.00675660573523885 0.7519033310602123 0.003673706024983841 0.6592631376200258 0.304051843463497
0.708047098594461 -0.09409813844759457 -0.6998677350133117 -2.499388582162647 0.05516478149369779 0.9954238811015869 -0.07802655839775827 0.006717337140410042 0.7040072109394304 0.016638427610348082 0.7099978941320473 0.3043268081022336
0.7478974933003354 -0.09958254803713745 -0.6563022593603545 -2.509512819429762 0.05749853027557228 0.9946859810063554 -0.08540326811993668 0.0063550951594850465 0.6613193317386246 0.026136474816801855 0.7496490019688761 0.31821005210026193
0.806250964799597 -0.10224135496174838 -0.5826715087382466 -2.5422295592747233 0.06226399063884419 0.9941471379460465 -0.08828739198437478 0.007989946754583477 0.5882878353573545 0.03490234160144559 0.807898043890005 0.3089316483996798
0.8386336035926925 -0.10752150817146437 -0.533978280649755 -2.5482345762309158 0.07087302138709549 0.9935295050798324 -0.08874760489883564 0.007915791357434504 0.5400654532226585 0.03658206960179905 0.8408276032689789 0.32062649060837256
0.8663717403776127 -0.10659349285173604 -0.4878912120101504 -2.539359584395321 0.07270708428512583 0.9934686488246669 -0.0879415925329905 0.00918727768705438 0.49407862468418806 0.040716963100794354 0.8684632643618447 0.3173995170423032
0.8913352290288004 -0.10598120664629292 -0.44078281877810477 -2.5448456533889976 0.07683791000593931 0.9935404281109077 -0.0835066062961809 0.008170219299969774 0.44678568137093677 0.040563549486990126 0.8937209594582227 0.3335090261427088
0.9119491558411307 -0.10177069325187828 -0.3974813997606439 -2.5502583461187824 0.07611019583940097 0.9938965751116099 -0.07985509420626674 0.007478492077495458 0.40318231018973794 0.04257139857271921 0.9141289300605415 0.349949563504386
0.9290064825056427 -0.10003549176365868 -0.3562861993539683 -2.5552865921856824 0.07664886629596375 0.9939074056342987 -0.07920240097896501 0.007302292441942024 0.36203854319399964 0.04627061068209252 0.9310140298776785 0.36499402169387535
0.9422748292052764 -0.0941282448336169 -0.32133785922407143 -2.5609508544517583 0.07394162746239133 0.994477014281289 -0.07448559454269114 0.005366153248595993 0.3265743130963863 0.046425656599660886 0.9440306543936567 0.387098091222256
0.9516980781016902 -0.09613935726545568 -0.2915955968839954 -2.5659488344687578 0.07870959329840053 0.9943692207874177 -0.0709552864374155 0.0050773409230874325 0.2967752820912584 0.04457663889530136 0.9539063660572005 0.40552298969304523
0.9585174258699135 -0.0984336090870268 -0.2674979792555764 -2.570595179253505 0.08312463699222652 0.9942169125385153 -0.06799283452897337 0.0041304206584390265 0.2726437951405132 0.042936644308538344 0.9611564937859506 0.4251487932237023
0.9640252391357741 -0.0993749421314837 -0.24653591865198338 -2.5765613258230995 0.08590055893615643 0.9941910410529273 -0.06484803670539059 0.0034716605243393346 0.2515480715164919 0.041337570882357025 0.9669616191710415 0.4478832746940345
0.968605526393356 -0.09505672537343035 -0.22971189172859494 -2.579934325199657 0.08326191498014854 0.9946878460822518 -0.060527203554105916 0.0018447603969073158 0.23424514456885798 0.0395007318606087 0.9713747497379135 0.4679156619457646
0.9723014448845441 -0.09121745475582065 -0.21519590196678262 -2.582477234801173 0.08055802704979403 0.9950718563893483 -0.05781353560968273 0.0009054452024173773 0.2194089892262148 0.03887642691553515 0.9748581019189484 0.4860720574045969
0.9753182350161029 -0.08724530820093745 -0.2028363789905457 -2.585744227450979 0.07745386107896476 0.9954368580723977 -0.05573473777551124 -0.0006513207435442162 0.20677340217985163 0.038648645356204485 0.9776252054663397 0.5102721249808071
0.9777038886554177 -0.08903648921432354 -0.19017783702750876 -2.5887048866980655 0.07992461643801069 0.9952784146013436 -0.055072072013535034 -0.0019835250866451415 0.194183320074893 0.038644288284511774 0.9802037834999813 0.5358012287958409
0.9801145245172612 -0.08988521707301687 -0.1769072259181041 -2.591323246804263 0.08142988913612081 0.9951876971976417 -0.05450339899240233 -0.0032474830397828157 0.18095494462870804 0.03901403719412446 0.9827172599055333 0.5619518657874386
0.9824434635092169 -0.09117843063727016 -0.1627615888179333 -2.593537252096355 0.08356284136916112 0.9950892834373297 -0.05305251672150095 -0.004052269402776817 0.16679955800398022 0.03852027744836779 0.9852380908567129 0.5884838411465022
0.9846269910644645 -0.0897410084345288 -0.14985406191522566 -2.5955765160321773 0.08289441620096637 0.9952350722638017 -0.05133874461610492 -0.005564928811324414 0.15374720885283358 0.038127448658577555 0.9873743431084047 0.6138404449182145
0.9863738229531464 -0.09213478187688855 -0.13630063595336755 -2.596414780110404 0.08558723753483753 0.9949117760503947 -0.053154328585692176 -0.006361334991937347 0.14050447026321616 0.04076444338808787 0.9892404935056567 0.63506505267927
0.9880982428371774 -0.09135540792902354 -0.12375803789735527 -2.5964163022969964 0.08477699050279358 0.9947436116137149 -0.05742829472466754 -0.007556397376189019 0.12835390287548015 0.04625296310311233 0.9906492512594035 0.6524363797506016
0.9890784006483866 -0.09486420784338583 -0.11280380951490909 -2.5969110230775505 0.08821640363559499 0.9941359847384704 -0.06254206566515558 -0.008202162104863195 0.11807532977056666 0.05190785988953972 0.9916470090618247 0.6682064685647499
0.9898676170992271 -0.09595534209900056 -0.10466457347622839 -2.6005373143565347 0.089678116754412 0.9939682540800745 -0.06312642280678911 -0.009228949277169633 0.11009058085811163 0.053100679879504 0.9925020815104927 0.7040671615297066
0.9909305771099737 -0.09286803684420264 -0.09711909740724145 -2.600700930530355 0.08764924991597073 0.994536617032709 -0.056696793298154434 -0.01039964242339467 0.10185381847362679 0.04767017006296552 0.9936565576437927 0.7209857425739662
0.9916367758778185 -0.08942099382717461 -0.09306121957939827 -2.6029834485173815 0.08516244841988334 0.995172506230572 -0.048775405912036704 -0.012059083625526892 0.0969735123926792 0.04044216494842334 0.9944649662952002 0.7538633900731078
0.9919369101449973 -0.08923610939777561 -0.08998934976731104 -2.602813319713091 0.08540599421430478 0.9953041292684103 -0.045557726167017386 -0.013293761521866503 0.0936321656497356 0.03750476024176837 0.9949002012840032 0.7785546262846903
