1.0 0.0 0.0 0.0 0.0 1.0 0.0 0.0 0.0 0.0 1.0 0.0
0.9999976779894616 -0.0006734885442093006 -0.002047053703765826 6.640631095830888e-05 0.0006695952922655232 0.9999979670714044 -0.001901971399117918 0.0007422311846726099 0.002048330498200521 0.0019005962851972428 0.999996096030345 0.03026723914419124
0.9999926940084631 -0.000693344680619434 -0.0037591492189198964 3.654467573361854e-05 0.0006763258609118534 0.9999895257810308 -0.004526688807409235 0.0017182446930130292 0.003762248400373262 0.004524113325627349 0.9999826887929566 0.05826408437621439
0.9999827571767802 -0.0007720968643321783 -0.005821444456210723 -0.00033713679501808986 0.0007303555670724286 0.9999740357855367 -0.007168984274795828 0.002613752375778088 0.005826828457257378 0.007164608936900328 0.9999573573152565 0.08385736421418874
0.9999595650645966 -0.0035397869749761264 -0.008266688816834082 -4.8614622258428154e-05 0.003455513132103668 0.9999421454674654 -0.010186517899475136 0.003720201778256712 0.00830226865479791 0.010157540356516292 0.9999139446517835 0.11074047943672258
0.9999347634930466 -0.0055150331999524425 -0.010002657992157665 -0.0005949463059868242 0.005376581795613168 0.9998901001431179 -0.013815932975410271 0.0051963807722589074 0.010077754030523639 0.01376125156333425 0.9998545228327527 0.13715791065343197
0.9999082917163815 -0.006660846039675515 -0.0117915769455618 -0.0011073578589376402 0.006474892107478884 0.999855175412151 -0.015738614098253008 0.00583059965649028 0.011894701720676918 0.015660821548467978 0.9998066086695987 0.16439379539170176
0.9998817130346335 -0.006930416341029063 -0.013730596063778711 -0.0013594096612454516 0.006709341566626781 0.9998481646891851 -0.016082049104855403 0.0061532517647651585 0.013839966570371237 0.015988023549164627 0.9997763942143879 0.19227051441908577
0.9998688087453442 -0.006846711203502783 -0.01467950421034764 -0.001878140527808192 0.006601366136029438 0.9998387988431615 -0.016697254055754198 0.006007604962356149 0.01479145913369839 0.016598158740057413 0.9997528263841705 0.2140796161999479
0.9998574574092908 -0.00600214690335721 -0.015780972580244326 -0.0028685712048891338 0.0056715866052434016 0.999765301580102 -0.020908726929852635 0.0067182359703156416 0.015902766061510473 0.020816243393043776 0.9996568341398943 0.24061237103646302
0.9999210749937109 -0.002532995838095444 -0.01230559691790704 -0.019808297564949135 0.002216412769454768 0.9996679469262081 -0.02567261971003072 0.00940861332164145 0.01236653944550433 0.02564331921621411 0.9995946622915309 0.20710750530885297
0.9999113031638023 0.00021681463562368592 -0.013316861367479846 -0.020887191293627518 -0.000632911651750344 0.9995114110829282 -0.031249616603330033 0.01088640787144895 0.01330357952236853 0.03125527325792922 0.9994228948075314 0.23436395906726296
0.999882155371046 0.0035936978402552125 -0.014925170229632741 -0.022922142482550173 -0.0040586814405282595 0.9995036153627497 -0.031241798631925107 0.010626074509312888 0.01480548802015333 0.0312986934651651 0.999400414904787 0.25488503722532835
0.9998515007616139 0.006565331110445178 -0.015933387968597636 -0.023707364153085005 -0.006954581576945398 0.9996756715391719 -0.024498684205387592 0.010508155972252192 0.01576737834382356 0.02460585621586628 0.9995728795941039 0.2788903323226056
0.999833521585543 0.009074962141423365 -0.01582953492628061 -0.026403910946906164 -0.009305557523144676 0.9998507666684452 -0.0145551019132746 0.010284944098187632 0.015695085633219336 0.014699981450806894 0.9997687606803454 0.30758498920608746
0.9997890867687081 0.011330938471262727 -0.0171286838826574 -0.023794029892187537 -0.011477456891440042 0.9998981734968467 -0.00848001302917118 0.009642896409185187 0.017030853222805207 0.008674818213092116 0.9998173320999565 0.31660929472085875
0.999739095725684 0.01309398648010855 -0.01871598235865666 -0.02608941229443215 -0.013282973798533744 0.9998616792169889 -0.010009247746482014 0.008994243935727416 0.01858233259465372 0.010255240194246144 0.9997747381104914 0.33679024775048794
0.9996434068845303 0.016996755192082116 -0.02059537290823242 -0.029400286156737676 -0.017362789353236117 0.9996921119196662 -0.01772610818742356 0.008644865911711838 0.020287745517034116 0.018077380300736877 0.9996307396750564 0.3693023845540007
0.9996474312292901 0.01641434613470852 -0.020870612776123766 -0.030288273631987196 -0.016909685349767455 0.9995741226442362 -0.023783100751926137 0.008788208192005738 0.020471340406842908 0.024127631068431517 0.999499265452944 0.39584148008989606
0.9996449497994725 0.01463798489673458 -0.022264405192425247 -0.031045558328706823 -0.015139501339495615 0.9996316138929405 -0.022526251463252534 0.00878742904054993 0.021926464366171457 0.022855325505387228 0.9994983062799273 0.42769144289008654
0.9996490217813621 0.013876607318508576 -0.02256707825335274 -0.03183358034316026 -0.0141978010285645 0.999799285594062 -0.014135450879106413 0.009120477214601746 0.02236639661452811 0.014450892530574425 0.9996453951314701 0.45669407534274464
0.9995826777613598 0.016733043302209382 -0.023547305180751297 -0.034911693869674756 -0.016904035878781972 0.999832039340816 -0.00708143195920364 0.009152388668743018 0.023424856252236337 0.00747652121178981 0.9996976431602372 0.49526840334612887
0.9995968937082995 0.015813899388584955 -0.023579030405123495 -0.036307022632377006 -0.015943919670311547 0.9998586468243424 -0.00533645913884579 0.009398821258034687 0.02349130720638401 0.005710250145274755 0.9997077330545238 0.5317666340128093
0.9996269948732918 0.013732845762510593 -0.023606780124659287 -0.037242609221083245 -0.013896651690901696 0.999880389533915 -0.006788939334440011 0.009491089322402451 0.023510725049915113 0.007114462226199556 0.9996982695968122 0.5678946206797953
0.9996500696695263 0.013358433108838238 -0.02283178649573735 -0.03848263795280659 -0.01357924923063959 0.9998622494206332 -0.00954390768197324 0.009488845149504757 0.02270114975155322 0.009850606498410568 0.9996937647857831 0.6067928554589725
0.9995475732646458 0.01833015594682905 -0.02384647067642411 -0.04100067887504943 -0.018645804750429276 0.9997405590244492 -0.013082377715419041 0.009385116234838354 0.0236004819011292 0.013521095534198732 0.9996300301759602 0.6307415582232827
0.9996072164543168 0.015547203601479216 -0.02331731701173003 -0.041921221654914076 -0.015997722754777666 0.9996864985774224 -0.019260774352879526 0.009271346864196606 0.02301055581928957 0.01962623301057625 0.9995425580227705 0.6707635058039579
0.9997006969754278 0.010065684448913415 -0.022297947515798586 -0.044706886313802666 -0.010636739560010442 0.9996146148396569 -0.025641403442383304 0.007667960813903507 0.022031255941841354 0.025870906353227797 0.9994224932260076 0.7063981208283836
0.9997813923603097 0.008086130761108373 -0.019281648772695965 -0.048682659635101565 -0.008678658753386345 0.999486435865868 -0.0308471295647448 0.005973845933248823 0.019022312486173774 0.03100772499646094 0.9993381172647344 0.7417167246236561
0.9997315126109341 0.012829806521913754 -0.01929504488885244 -0.04998726366193721 -0.013437145329486123 0.9994076296983532 -0.031683320945119414 0.004828752538371409 0.01887712419959347 0.03193408469531362 0.9993116973280296 0.7822556042330232
0.9997033606192274 0.014758130263951598 -0.019374941489828938 -0.05128439635802412 -0.015366999871564558 0.9993804871124127 -0.03166223766415581 0.003846692721312943 0.01889566303598364 0.031950580120968235 0.9993108196894327 0.8206860444579422
0.999637296386843 0.01796627990957687 -0.020062115008466247 -0.05408629214836721 -0.018625140589285036 0.9992767631244857 -0.03315199567865046 0.0028032948505865903 0.019451987313167385 0.03351363104258675 0.9992489463211415 0.8519144912926907
0.9995386564771737 0.02183992549920483 -0.021106678137383476 -0.05764900901403221 -0.022577281767230496 0.9991198652828109 -0.03535196098179045 0.0011305220459384227 0.020316017223097307 0.03581218300305136 0.9991520139562091 0.8983066396818657
0.9994709789186111 0.024008497664743257 -0.02193978895418204 -0.061243327496722295 -0.024800313620024186 0.9990236486085524 -0.03656082555414997 -0.0006742860020705471 0.02104059751577089 0.03708559775350084 0.9990905623092668 0.9364396476707646
0.9994521317594902 0.024835196177188892 -0.021878056409326326 -0.06235690313453763 -0.025629599268244888 0.9989935231198382 -0.036811199463747085 -0.0017772726379060959 0.02094182329116789 0.03735175759520607 0.9990827224218186 0.9748425727481961
0.9994873002532239 0.023000000849586828 -0.022274123853471942 -0.06311995229695869 -0.023821494077830737 0.999018412806445 -0.03734631566283445 -0.003017513815405017 0.021393294566775824 0.03785777112571658 0.9990541107032062 1.0151920048744978
0.9995103799036803 0.021729241775434775 -0.022513118768040415 -0.0638297383371283 -0.02256605021445642 0.9990377508792648 -0.03760778770168835 -0.004182238273813363 0.021674266827691892 0.038097406341656245 0.9990389450804821 1.0536948555164505
0.99948515453229 0.021895754219718472 -0.023452117531527625 -0.06477035517170875 -0.022755698619470466 0.9990542336587425 -0.03705153693004749 -0.0057097476817369805 0.022618665962052222 0.03756613043272435 0.9990381282986202 1.1018898179982763
0.9994783396196663 0.021697806054198104 -0.02392182776353663 -0.06570253774711446 -0.022540443165970876 0.999114147948077 -0.0355365697819237 -0.006987815954819082 0.02312957096436718 0.03605724036054678 0.999082027845856 1.144765078592437
0.9994488566212755 0.022943545068355387 -0.02399118042365682 -0.06740321922422875 -0.023777372444570042 0.9991020290549418 -0.03506810656317541 -0.007997632797253382 0.023165050357304897 0.035619226240758 0.9990969178032504 1.1866155169109318
0.9994856307990663 0.020986726608646627 -0.024249353237678867 -0.067204840363393 -0.02186280000499865 0.9990964475422923 -0.03644593920189842 -0.009339789541500864 0.02346256171293785 0.03695735129336094 0.9990413717075222 1.2290490009390846
0.9994935147618373 0.020491263869221156 -0.02434793736787847 -0.06616883854319712 -0.02139896972937299 0.999062812537767 -0.03762420362803927 -0.01048904241733276 0.023554151301834927 0.03812616829901308 0.9989952939064766 1.2630270421588892
0.9994890981451107 0.020440296045736266 -0.024571059941216895 -0.07003314779005682 -0.02134640256415028 0.9990798755430257 -0.0371985669414577 -0.01227317741717746 0.023788101787270966 0.03770406586154247 0.999005770569354 1.3012792611986277
0.9994688205600231 0.020441377545624532 -0.025381623517668393 -0.07083935278002997 -0.021336285691269854 0.9991417901363701 -0.0355027620895453 -0.01425585610906176 0.02463411539422601 0.03602545332294347 0.9990472096310676 1.3507631520246535
0.999450476375823 0.020968256236607138 -0.025672504796684436 -0.07253114102764595 -0.02181566308986165 0.9992110807857449 -0.0331857330630149 -0.015754384801199735 0.02495640431010765 0.033727559434029754 0.9991194271049565 1.3990794951441323
0.9994216188334004 0.021618302910959782 -0.026250272144787163 -0.0740526849853782 -0.02244295029705796 0.9992505688809636 -0.031537510571218695 -0.017075351757101682 0.025548811917372835 0.03210840342209384 0.9991577996689495 1.447438297591507
0.9993993050232226 0.021967929876434644 -0.026803715713363943 -0.07565069212577392 -0.02281580885210416 0.9992354537713245 -0.031748177787641635 -0.01834788854806508 0.026085781290257626 0.0323406552709663 0.9991364341425664 1.494478517611412
0.9993780242273146 0.022213517846607397 -0.027388397477520015 -0.08107520775592485 -0.023129807780061747 0.999167499907152 -0.0336053436427201 -0.020465314422726456 0.026619103733328403 0.03421793030220183 0.999059836327269 1.5445869282938853
0.9993237741106207 0.023701053658140875 -0.028111466571474432 -0.08241004608657487 -0.02467497941748922 0.9990889521083369 -0.03481969508493176 -0.02153300358769142 0.027260592217555203 0.03548979896470288 0.9989981653043185 1.5835342083907522
0.9993240251749225 0.0225057204588526 -0.02906863008156115 -0.08577421315959774 -0.023494511078528457 0.9991410566701194 -0.03413439358322124 -0.02343235157724353 0.028275442655627717 0.034794272843979894 0.9989944233677625 1.619932128182722
0.9992891847452072 0.02285618521389279 -0.02997865988877382 -0.08719652436699162 -0.02383467023709833 0.9991810179444981 -0.03269865248113527 -0.024905993556825302 0.029206741446923683 0.03338994125274089 0.9990155544720976 1.663360451536108
0.9992615508074789 0.023130815021521513 -0.030680913843497196 -0.08884893904881584 -0.024080140089257615 0.9992310739621423 -0.03094200513448215 -0.026201530496278956 0.02994160869281732 0.031657956739194776 0.9990501858485324 1.7091081982342236
0.9992132127022219 0.02464504436289535 -0.03107374051599316 -0.09178402258875797 -0.025627900402274327 0.9991707617505712 -0.03163857746092808 -0.027972625257966215 0.030268238836701367 0.03241003935713331 0.9990162276292588 1.7501343498376412
0.999189693305578 0.026077487998315132 -0.030658137771286037 -0.0897685679552114 -0.027176868976351895 0.9989819382893953 -0.036007009931418796 -0.02971332605617937 0.029687953525761205 0.03681102540349566 0.9988811610117578 1.7781635783628347
0.9991843931044294 0.02598117009562905 -0.030911605862456094 -0.09271383914064489 -0.027225837662807 0.9988065072448884 -0.0405501522663106 -0.031652689158440564 0.029821172681376077 0.04135867364561488 0.9986992328895548 1.814724988810417
0.9992082781848305 0.02531019406916699 -0.030695453785345113 -0.09626290994846343 -0.02656714676948996 0.9987952867787363 -0.04125726385869927 -0.0338875441966095 0.029614245211310973 0.04204009020874069 0.9986769384019075 1.852415899545091
0.9992299705327703 0.024234002890898193 -0.030857399322754688 -0.0986130808598951 -0.025431878157432312 0.9989140399724133 -0.03903793436355504 -0.03563195648001757 0.029877844006314443 0.03979263562358806 0.9987611629351957 1.879706860781619
0.9992448293518946 0.024654871882354396 -0.03003178825791915 -0.10061047921599321 -0.025773467324330168 0.9989661649792118 -0.037447691635181246 -0.03762804783013887 0.029077472303926544 0.03819343555097694 0.9988472165878172 1.9278640842839336
0.9992836268166047 0.02243519085962193 -0.03047778514501717 -0.10194898296287139 -0.023560669157223768 0.9990343371516878 -0.037084876442385596 -0.03933685458147012 0.029616347599214003 0.03777638684384064 0.9988472438525868 1.9749752962130718
0.9992999937471072 0.021964135386414403 -0.03028364663905923 -0.1035790726337006 -0.023139471001040544 0.9989703625824743 -0.03902280824886161 -0.04089534073264302 0.029395363219805074 0.03969623960229346 0.9987793155560518 2.022533721639947
0.999267099929555 0.023838406216572756 -0.02994984786991683 -0.10068289050378683 -0.025075195012026482 0.9988187265254675 -0.041621942976605535 -0.04335607360080409 0.02892226812486312 0.042342436527585875 0.9986844448950944 2.054402522969293
0.9992728943844132 0.02568458733126374 -0.028177730962947494 -0.09858424649495942 -0.026924394506926217 0.9986447075023502 -0.04454015219974483 -0.04634807959219048 0.02699554646665122 0.04526643514971901 0.9986101292896069 2.0962074468439647
0.9993080492484108 0.023925725370321345 -0.028477752243460826 -0.09955649152990596 -0.02526259161566454 0.9985493880872951 -0.04754914316098891 -0.04819229209627122 0.027298794335946217 0.048235663320701144 0.9984628669168514 2.138333407035112
0.999334942842755 0.02271808788417705 -0.02852298189801831 -0.1010951719425383 -0.02416016768889006 0.9983922501216551 -0.051275736896300585 -0.0505221957533346 0.02731223738020637 0.05193075562612927 0.9982771350228298 2.1854461039182578
0.9993717902017646 0.02189197320425984 -0.027870530281009845 -0.10325354953706267 -0.02335497687529958 0.9983055298384876 -0.053297412217158384 -0.05298412777328577 0.026656518978949464 0.05391484585079957 0.998189671050954 2.2349592897040056
0.999423056055667 0.01866118339915596 -0.028378077075362763 -0.10429900386253499 -0.020121084909459873 0.9984411991117135 -0.05206067477880685 -0.05545404012376281 0.027362327503679434 0.05260163638615713 0.9982406377638019 2.290396424671754
0.9994779096811537 0.018128445439138663 -0.026744485886875242 -0.10159472230169413 -0.019373329967606528 0.9987047840572554 -0.047047086914193334 -0.05767402293755198 0.025856955454181586 0.04754065383548757 0.9985345783134086 2.3200912468295463
0.9994646815723602 0.018923624929249133 -0.02668795063318386 -0.10305699009790248 -0.020034772086283237 0.9989166719207414 -0.04200107696518523 -0.05943579519535668 0.02586422619977328 0.042513280023092494 0.998761063931092 2.3680183913697834
0.9995047887028823 0.015819283626610815 -0.027201610716088634 -0.10404116477576492 -0.01696780681741452 0.9989513707209458 -0.04252355190414825 -0.06151693399455235 0.02650039418227359 0.04296404543660645 0.9987250972654622 2.4212958338485513
0.9995770418065723 0.011520925078977041 -0.026702168049582788 -0.10553164302045935 -0.012753042162462805 0.9988395945092344 -0.04644162310067742 -0.06295804889976588 0.026136132246875613 0.04676251411063804 0.9985640539621021 2.4636431143272794
0.9996335188544249 0.009604840245587814 -0.025309583690344833 -0.10261078423944725 -0.01086582759834914 0.9986818127830746 -0.05016543239034149 -0.06508660159468002 0.024794389956700337 0.05042205727817767 0.9984201792664815 2.4969023685512126
0.9995833041221436 0.013361092236386018 -0.025587093123494272 -0.10449811394846754 -0.014740378648304143 0.998405053557932 -0.05449835105104322 -0.0672442280512114 0.02481812558523205 0.05485280525396163 0.9981859698464052 2.5403644140434816
0.9995589374538298 0.015587819269415439 -0.025277469149335662 -0.10615010831218347 -0.017064929243138332 0.9980935169920834 -0.05931373810758767 -0.06958901507155675 0.024304706254106682 0.05971893526171576 0.997919300357053 2.58166610302309
0.9995547899246733 0.017270545236536164 -0.024330026836726276 -0.10772532237445784 -0.018709753237129784 0.9980095180479341 -0.060224139840526734 -0.07202382802904594 0.023241494625969042 0.06065253624506142 0.9978883217948759 2.62488608201907
0.9993971237352358 0.024399039355779906 -0.02469971555006356 -0.10894636673734154 -0.025776623109105258 0.9980365857867397 -0.0570836152694771 -0.07429153654607665 0.023258434401960744 0.057685876171361956 0.9980638180595031 2.6706122885160344
0.9993183041821195 0.027327817632328964 -0.02482171045735266 -0.11032239285222557 -0.02867094524743376 0.9980485064365541 -0.055472116404335914 -0.07706882204723295 0.023257339168386265 0.056145963196046124 0.9981516553067453 2.7147373962380703
0.9993068001595757 0.02737566996213318 -0.025228790081089768 -0.11144438290556301 -0.028750879019864402 0.9980243897229291 -0.05586326587081991 -0.07960533788074067 0.023649653494642903 0.056549891355273274 0.998119633950405 2.7685533305597056
0.999377295153145 0.02480974490975711 -0.025089808486670508 -0.11276113943492395 -0.026174334006060836 0.9981095451569361 -0.05560791405858337 -0.0821534643667242 0.023662759173950096 0.05622999576845545 0.9981373960553506 2.8142067190165028
0.9994032201534048 0.023370773458374374 -0.0254364009829166 -0.11386792001360574 -0.02473564335769831 0.9981943861526938 -0.05473678288793364 -0.08457405726724775 0.024111231712363998 0.055333302822057125 0.9981767749773163 2.8565568702559934
0.999431126875825 0.022091710683902768 -0.025482914879946434 -0.11525418477276411 -0.02342464813744888 0.9983062948160175 -0.053252489053045 -0.08684510510864513 0.024263315753555628 0.053819123457808225 0.9982558757447296 2.900844403062353
0.9994300500286463 0.021432560397112763 -0.02608103630155935 -0.11676743159731055 -0.022773702829196475 0.9983737587824641 -0.05226084800320763 -0.08920155649611299 0.024918538464098552 0.052825023704596075 0.9982928344486014 2.9456583203424693
0.9994502956215199 0.020001787262421366 -0.02643927170644619 -0.11821309665372587 -0.021403098231377305 0.9983209039546647 -0.05382638863263891 -0.09155851442579875 0.025318253655349815 0.054362682360630486 0.9982002228002164 2.9883010970793396
0.998167272419702 0.018896037615078798 -0.057489442793118725 -0.06601806170487967 -0.022328963841629537 0.9979683930258606 -0.059669958062103845 -0.09103466495850543 0.056245121068171144 0.060844278973652716 0.9965613177683568 3.01615281669311
0.9981135919383181 0.019867604686303594 -0.058090755478112384 -0.06879605004960261 -0.02348049069288732 0.9977882276219593 -0.06218777513179897 -0.09322365412322428 0.05672674981708899 0.06343446305480045 0.9963724929724521 3.056551413966036
0.9980043671106239 0.02330381072091177 -0.05868744017255419 -0.07146765207406608 -0.026886511913835627 0.9977745702743812 -0.06101657472256125 -0.09586310755830785 0.0571349166905027 0.0624727085986413 0.9964099367103479 3.0984503413689035
0.9978703364625823 0.026037544801807342 -0.05980667077129908 -0.07830084934043868 -0.02946995374192254 0.9979250740324634 -0.05724568493558148 -0.0991855698532898 0.058192039270865345 0.058886270708789795 0.9965671546300883 3.1478027450354102
0.9977964744601365 0.028792643723777107 -0.059776075668429796 -0.0846012101026573 -0.032041186337335756 0.9980203641802459 -0.05411760397152322 -0.10228525147878244 0.058099551917537386 0.0559136508280242 0.9967437512811727 3.1970169571519507
0.9977590540856863 0.029354468755233204 -0.060126409789164725 -0.0880062337647676 -0.032607860802334965 0.9980158055243691 -0.05386259683150651 -0.1050418282388891 0.058425999383257037 0.055702487266153476 0.9967364925136596 3.24340688491517
0.9977340437538719 0.03032314913530254 -0.06006067399777211 -0.09017582428914364 -0.03375186087493062 0.9978080169779412 -0.05692076195923708 -0.10768047854404868 0.05820300526629238 0.058818941515970086 0.9965704903803413 3.285290644579956
0.9976738239836468 0.03183294939177739 -0.06027938512351459 -0.09419376114294833 -0.03537383224026347 0.9976537248635395 -0.0586151623603885 -0.10988490665223823 0.05827205960395092 0.06061112603241836 0.9964590601076377 3.327941691467524
0.997678126407585 0.030585240722199904 -0.060851451402718006 -0.0965378295477555 -0.03420443964623 0.9976509675919767 -0.05935152206364608 -0.11254719727379123 0.05889322878175399 0.06129510512878834 0.9963806991762293 3.374296716107882
0.997642524806678 0.029413887409884293 -0.06200174130456167 -0.0997434778649905 -0.0331006979164263 0.9976912793810636 -0.05929970357778161 -0.11570445229795702 0.060114361801527356 0.061212206906842044 0.9963128671410351 3.424816372935981
0.9976221010526788 0.029063928142321997 -0.06249345223445375 -0.10251727554313447 -0.032731191193972005 0.9977517033064239 -0.0584825416012653 -0.11831623698628246 0.060653216025747296 0.060388961160613916 0.9963304475703213 3.4645395186486985
0.9975720843561686 0.02979493973058641 -0.06294599335734809 -0.10598884701377718 -0.03336234360404398 0.9978504219439274 -0.05640469355968664 -0.1209983062588219 0.06113011158617831 0.05836777358069493 0.996421754311243 3.5083756732414084
0.9975369769983656 0.02996862460761262 -0.06341814456520363 -0.109737866741163 -0.03354523629192693 0.9978611754797677 -0.05610518329214273 -0.1235511106944936 0.06160110910595833 0.058094371579820246 0.9964087250459335 3.552029229817074
0.9973936620423711 0.03040882193684526 -0.06543077613879039 -0.11311296145335022 -0.03411978898688015 0.9978269546335825 -0.056366733151309585 -0.12630271511239807 0.06357454614232298 0.05845230667025475 0.9962638229544045 3.5951538244666064
0.9971537658689924 0.029963375055267038 -0.0691849938107031 -0.11651051978126532 -0.03398082088984256 0.9977589091522818 -0.05764081035941664 -0.12908178938661533 0.06730283073498775 0.05982771400058073 0.995937233771548 3.6410903225104905
0.9969009136967658 0.030231857540807316 -0.07262646253390738 -0.11965044342771683 -0.0345668639726691 0.9976478848593725 -0.059193156282668885 -0.1313114620762675 0.07066611766364475 0.061520180634015396 0.9956011084712123 3.6790407487971555
0.9966828827946186 0.029638690993276946 -0.07579432129399453 -0.12309558269986094 -0.03418649450280218 0.997647161187639 -0.059425797157833866 -0.1337076180517595 0.07385468663410928 0.061819816971900476 0.9953510915710793 3.721002539475366
0.9963703155454883 0.030100277195459758 -0.07962516946634228 -0.12650386179410625 -0.03481918007083584 0.9976767709049423 -0.05855497840381304 -0.13654827889388524 0.07767766087481226 0.06111492542278746 0.995103586010816 3.7660488156445977
0.9960778338100397 0.030633691695692015 -0.08300919181268483 -0.1302440714661427 -0.03553975970414803 0.9976672087866004 -0.058284354608367166 -0.13910937176504287 0.08103008374963974 0.06100588041357853 0.9948429062331858 3.81268598396992
0.9957877188166557 0.032313032718332954 -0.08580610100958805 -0.13414986138822754 -0.03731063998326101 0.9976599977197684 -0.05729262687134865 -0.1415795520466845 0.08375401601095674 0.060252774760371754 0.9946631932145238 3.8503372665971676
0.9955130622689653 0.03337377222099762 -0.08854340280117279 -0.13753622667945106 -0.038504203844471334 0.9976381667549549 -0.056881583312215586 -0.14378372815306179 0.08643592504377796 0.060035652420392056 0.9944468569512828 3.884182695609683
0.9952087208834416 0.034981037038868915 -0.09130130845300961 -0.14101938572052095 -0.0402713439851547 0.9975753776573753 -0.05675900585248771 -0.14584566007978708 0.08909444837461031 0.060163884012077506 0.9942044489587675 3.916875568724688
0.9948546006417838 0.03708083909706374 -0.09428326974461891 -0.14475502101892757 -0.04268404390637684 0.9973964475786303 -0.058123994643480885 -0.14828059332012414 0.0918825118163291 0.061849314704163015 0.9938472047014818 3.953601630199738
0.9945545419432442 0.03896151709698133 -0.09666055703112424 -0.14761318963981565 -0.04517353097997973 0.996994900513804 -0.0629326659872167 -0.14933996125192914 0.09391813029903702 0.06695646746177263 0.9933258358998698 3.9792456276847425
0.9941143908013699 0.04184010479129076 -0.09992989358883939 -0.14957391317843763 -0.048702802462233206 0.9965466011699751 -0.06725257414317572 -0.15026881672861309 0.09677094106160262 0.0717236176416979 0.9927190476859203 4.000757331239213
0.9938611701342815 0.043148626656314235 -0.1018733062042862 -0.15322828884506642 -0.0505062126530376 0.9962122180316215 -0.07078374903854195 -0.15230060745046978 0.09843321077139018 0.07549445451275993 0.9922759144285713 4.031196625282597
0.9936562394539917 0.04541314752092814 -0.10288305898638227 -0.15661680085581392 -0.053055448018373766 0.9959340259002194 -0.07280477655853923 -0.15381218167496633 0.09915844507515825 0.07780142727747112 0.9920254738079394 4.0608760920349605
0.9936318219394774 0.047243375818536985 -0.10229303920846686 -0.15981762795979734 -0.05486754895935179 0.9958180001266134 -0.07304835860588343 -0.15579728363006545 0.09841419867290567 0.07819574198822533 0.9920685820216674 4.090166396314666
0.993712880022087 0.05149520043517532 -0.09941305955633938 -0.16301118475562293 -0.05884201709583728 0.9956354021834783 -0.07244144492640368 -0.15762696754015007 0.0952487748073691 0.07783566182074331 0.9924058044200582 4.11850789694119
0.9941159946237935 0.053821092133165924 -0.09400361309407769 -0.16548440251489197 -0.06070755682434619 0.995555248046085 -0.07200236546326655 -0.1594398354637573 0.08971054440570025 0.07728543284138537 0.9929647426232986 4.145573876008097
0.9947140350077274 0.05430336066024023 -0.08715006356654062 -0.1669281069676606 -0.060555347485933476 0.9956525839590952 -0.0707741615734423 -0.1607300321713889 0.08292791116087869 0.07567745421570236 0.9936779581302608 4.1656357580468555
0.9955249993378198 0.053899305844715376 -0.07761984619215355 -0.16803782379693832 -0.05931372614662503 0.9958360506344169 -0.06922746671256626 -0.16174302998446846 0.07356532868165143 0.07352159605377273 0.9945766523147761 4.183172936279076
0.9964090829483783 0.05301529625998898 -0.06601755660762966 -0.16889286006249402 -0.05756933200944467 0.995946876195622 -0.06910565684628506 -0.16270415568660454 0.062086322406491375 0.0726580907995508 0.9954225687673561 4.200314269811841
0.9971923550054156 0.05334021871787581 -0.052556904264679925 -0.16953219571189254 -0.05696685530028014 0.9959112948887501 -0.07011041370721666 -0.16353193470859548 0.04860230978003963 0.07290757011538167 0.9961537540479967 4.215178558304972
0.9978843351930228 0.0529253362894119 -0.03775926846533027 -0.1697972136953935 -0.055536882990792374 0.9958686554864087 -0.07184201867532887 -0.16466578682523506 0.033801008920618575 0.0737870571193338 0.9967010394283823 4.232785281853926
0.9973203962563935 0.05274743091631056 -0.050692561019584526 -0.1401487299210365 -0.05635055730816649 0.9957756266624552 -0.07249493800287421 -0.16755585447167445 0.046654494982314235 0.07515723436044257 0.9960796896941708 4.227391222419302
0.9976218070278942 0.05212242710340909 -0.04509969772907718 -0.12907058356236903 -0.055515095029910755 0.9954402165650822 -0.07756835352557898 -0.16830454754690624 0.04085100202228521 0.07988759501761818 0.9959664491317354 4.229724394545078
0.9975581642700726 0.05048838330368322 -0.04825590170651223 -0.10314284746350022 -0.05429667090113933 0.9952200518170257 -0.08117216265664448 -0.17049072501363863 0.04392698973503616 0.0835940883835918 0.9955312390679338 4.2305840941158115
0.9969517127258809 0.04929021899084053 -0.06047939157079294 -0.05909537700904697 -0.05405540915141211 0.9953389741308925 -0.0798645059931047 -0.1761766857731897 0.05626095657213996 0.08289029429242133 0.9949692979573314 4.230212411482555
0.9983772941041256 0.04838327509840562 -0.030030606189052605 -0.05961230319049096 -0.050718562203533955 0.9952904619804691 -0.08261067569447221 -0.1765362267127323 0.02589220085926654 0.08399973203197146 0.9961293284273992 4.238001114439384
0.9986388537390983 0.04642500575198942 -0.02377306550684397 -0.034824081838565446 -0.04826615861885279 0.9953093073872914 -0.08384366738398775 -0.17900264726331908 0.01976911062352169 0.08487697844023903 0.9961953025366116 4.244274888157079
0.9988844057141806 0.04522235374942374 0.013597159350217998 -0.0353845298125817 -0.04387219801678769 0.9952369661681754 -0.087055220484061 -0.1796772033699734 -0.01746923759667882 0.08636156491006117 0.9961106895541664 4.254428809520891
0.9975134837884222 0.04367401261550661 0.05531211695777436 -0.035773417425774674 -0.03859503423822159 0.9952135636237223 -0.0897796531041894 -0.18029554016853816 -0.05896840673140537 0.08742164149350373 0.9944245489760105 4.267641354411468
0.9964816341781437 0.04175046197376333 0.07267222076308061 -0.014984443511905664 -0.03475332050110706 0.9948687103692873 -0.0950181869027458 -0.1789132727028128 -0.07626637174933563 0.09215827718178726 0.9928193654875381 4.274796950091807
0.9921086334139733 0.04348386910895915 0.11759937343701002 -0.014788813372239121 -0.03197650304692632 0.9946698863477484 -0.09802714137336338 -0.17957978027497198 -0.12123515479576184 0.09349315654238247 0.9882110437155568 4.282799033720819
0.9877249193382067 0.04618319760163129 0.14921995837563132 0.0012549046519007134 -0.03141522813868879 0.9945062640593164 -0.09985176106489702 -0.1812498752210885 -0.1530116569393666 0.09393829360838872 0.9837494751381647 4.293547937583623
0.9832920078353221 0.04686035569323152 0.17590035358545586 0.023378792418872835 -0.029535169606951746 0.994563895956259 -0.09985154288533486 -0.1829225108384103 -0.17962321977815915 0.09298797731210796 0.9793307587285975 4.301106495617105
0.9777170399464559 0.04702256787250659 0.20459293220690614 0.04271420054301528 -0.026931460894205325 0.9946329344011624 -0.09990006115424768 -0.18448154313323611 -0.20819242592478635 0.09216400552924184 0.9737359549037711 4.308775590071864
0.9689320666970922 0.04639495404080486 0.24293653155846448 0.05694263806147093 -0.02213089001558083 0.9945718060278049 -0.10167175793549792 -0.18625508672014573 -0.24633488147889826 0.09313662488048385 0.964699277118341 4.318513042929924
0.956083636742021 0.04669819614817423 0.2893498885962487 0.056600798959457146 -0.016627265347226812 0.9942775346179745 -0.10552591246258412 -0.1862044755415281 -0.2926219636343571 0.09608050078186978 0.9513889445270417 4.318155855141146
0.941901653908405 0.04809684837851746 0.332427386869176 0.06422219742117878 -0.011666077340952753 0.9937821185362372 -0.11072941577145982 -0.1868327597897084 -0.33568612870371745 0.10041809624598524 0.9366061226269258 4.32243261725878
0.9266526704758907 0.05204093352464172 0.37229903241586293 0.0739748805245847 -0.009165821911377985 0.9932047000714784 -0.11601901337539067 -0.18795328567836017 -0.3758068865901628 0.10409690194138416 0.9208327855792358 4.327567773070587
0.9065315356934615 0.05808230461349473 0.41812321232388316 0.07443003924919647 -0.007997984485369312 0.9926745587675411 -0.12055394070632787 -0.1880078360570772 -0.42206232601054117 0.10594180603726923 0.9003553335745468 4.327833909383262
0.883238872996679 0.059963547353944574 0.46507361376054335 0.07780487582135358 -0.001735884026237731 0.9922016057709406 -0.12463129708142745 -0.1880946155594851 -0.46892012105923314 0.10927189251716596 0.8764551178306343 4.330570824035379
0.8572426444928757 0.05995474554360668 0.5114102824051021 0.08355382070237267 0.005578744347488959 0.9920583916369959 -0.12565438788242492 -0.18887984934475865 -0.5148824390813582 0.11056932698268121 0.8501002869404459 4.335132794595708
0.8298699056096659 0.05729268587100061 0.5550076467122724 0.09134690478471288 0.014656269787140363 0.9921325318744396 -0.12433114232695344 -0.18973109738775762 -0.5577644068236446 0.1113130151513543 0.82250123351797 4.33963510979911
0.8015418969980609 0.05623141414552438 0.595288682422191 0.10131549574012394 0.020388668554205795 0.9924189991765776 -0.1211974928285695 -0.190272755549261 -0.5975909048432196 0.10928201195319895 0.7943189235515686 4.340218158588677
0.7679966535865946 0.054355548655551124 0.6381430986935062 0.10622241506625843 0.02803069187527842 0.9925844944335926 -0.11828060586159839 -0.1906361918654382 -0.6398401522199011 0.10872670205771817 0.7607779464908705 4.342362655041134
0.7076934011873324 0.05062909378838113 0.7047033026586975 0.08946229178025844 0.040869308147987615 0.9928253998488263 -0.11237181615737739 -0.19344877296233262 -0.7053366214563159 0.10832552920327759 0.700546807968903 4.368600436571553
0.6499282116802642 0.045285355455119344 0.7586452110462438 0.08168953774795637 0.052627559333406675 0.9931452280952845 -0.10436903712384474 -0.19553059125039415 -0.7581712601125832 0.10775802751003494 0.6430898443036124 4.380557037997805
0.606307028937325 0.04580338806036193 0.7939104712140961 0.09061099620706321 0.05737106461626396 0.9932190382942835 -0.10111628412159614 -0.1960524967385092 -0.7931584631118739 0.10685500274650232 0.599567895056144 4.38544505825146
0.5616220115779176 0.05146607225263897 0.8257917167894467 0.0946502942657357 0.05881688677631518 0.993055189438681 -0.10189192587654829 -0.19640858785537144 -0.8253007269723653 0.10579524628156142 0.5546945789559412 4.3859828752237
0.5156548197905791 0.056863838663626584 0.8549073696484228 0.09533831821979007 0.062470225307645365 0.9926442618513737 -0.10370554644539605 -0.19646453703672384 -0.8545159903575571 0.10688252086269015 0.508309501147952 4.385789522652277
0.4433868388417778 0.055318852924951575 0.8946216717992956 0.08407188753268637 0.07237654780080272 0.9926248705434377 -0.09724968743932075 -0.20179203874941617 -0.8934034623115881 0.10786885968469029 0.4361130159029768 4.411899342811696
0.40576624403152584 0.05274046006276674 0.9124539435373819 0.09534205602517659 0.08775323888278909 0.9914734534107029 -0.09633151222429226 -0.20167322075424537 -0.9097544307504788 0.11915886477391019 0.39767831305675183 4.414870867800508
0.3723478628518802 0.05188271922731239 0.9266419224680162 0.09962039115892968 0.0972981031328391 0.9907521244593734 -0.09456905945378478 -0.20200772981092222 -0.9229789532575419 0.12537308851903786 0.3638563459922173 4.415246365274041
0.3136628393250011 0.05254803406778078 0.9480792832575733 0.09200963429691937 0.10619438949882788 0.9902622137787082 -0.09001944012849415 -0.2038620163735857 -0.9435774344830147 0.12891645386717798 0.30502815125289956 4.4314416419815235
0.28704252417751314 0.05156066030009965 0.9565291880665344 0.10582640669626336 0.10911223856898067 0.9902914769540536 -0.08612380661935834 -0.20414342702562532 -0.9516833027369273 0.12909023581030923 0.2786298661489309 4.434925206171027
0.26260902522014135 0.049752876110927886 0.9636187789741448 0.11582413130732497 0.10424828660050091 0.9913611195711608 -0.07959538518946079 -0.2048486170609263 -0.9592542909019406 0.12135807316075008 0.25515372516371954 4.436490802299894
0.24083834856523234 0.04724504949712984 0.9694146662591759 0.12814378662247947 0.09782747191864039 0.9925461887162926 -0.07267633041612392 -0.20588440303054217 -0.965622429109006 0.11233863343819026 0.23442132121217224 4.440549066694074
0.21914127564000677 0.04436828033849532 0.9746838241248693 0.14461935288555797 0.10537537853604222 0.992046186876544 -0.06885050981713627 -0.20652653838729138 -0.9699861498543443 0.11779566546990954 0.21272294255026816 4.443452343355925
0.20001332040625142 0.04415498903200851 0.9787977363090159 0.15502897567171958 0.11414954054696319 0.9911310713307304 -0.06803735617806464 -0.20768283154020026 -0.973121037719862 0.12533768940892137 0.19319914482380457 4.446155416042527
0.18068724396080557 0.046494250669434245 0.9824410437906901 0.1565560900601408 0.11971027266960392 0.9904159945024644 -0.0688883767485413 -0.20776265677584907 -0.9762282368827564 0.1300555361696233 0.1733896969961437 4.445883393409337
0.16642253043393637 0.0515764853297741 0.9847047311377142 0.17794445625724223 0.12153310948018789 0.989944067977064 -0.07239092192453934 -0.20966756337512812 -0.9785362766213829 0.13172170830214802 0.1584807461426209 4.4509744067465515
0.1572134039974516 0.05691969515513407 0.9859229655033828 0.1721286617440576 0.11721273062211708 0.9902054446908889 -0.07585745239995965 -0.209001229793664 -0.980584071553092 0.12748853128008103 0.14900185572135252 4.442228755260502
0.15093761242679737 0.05730193192873979 0.9868811102418245 0.20433805476938022 0.11957902523436675 0.9899293375249472 -0.07576782583263224 -0.21050426698830682 -0.9812842064758277 0.1294464959148758 0.14256546151317134 4.447192681956224
0.1488467632049607 0.05460545328832722 0.9873514498670608 0.2385449840191769 0.12488696154348494 0.989441211746974 -0.07354818375121047 -0.21171259775004425 -0.9809423468888682 0.13425473164042495 0.14045561260524672 4.451936438766976
0.1493684773913885 0.054095087275808716 0.9873007543268693 0.27016102501698247 0.12578637501554465 0.9893503149942446 -0.07323757287911356 -0.21285768630805976 -0.9807481051841115 0.1351283676856856 0.14097332522280684 4.456793602652772
0.150374701450032 0.05499045410744689 0.9870985255388007 0.2995391711471932 0.12438290383707601 0.9894657168236419 -0.07407083409628508 -0.2145589119990546 -0.9807733389508854 0.13391656054319775 0.1419507393971927 4.463670753264514
0.15142960717669268 0.05716610673147005 0.9868136147781315 0.3309213014191248 0.1205408850538432 0.9898073844914383 -0.07583690814267516 -0.2158207260806899 -0.9810907038091569 0.13043533971808036 0.1429952903136335 4.469540146065725
0.15214177908149765 0.0602506311827431 0.9865205220876053 0.36748625816141883 0.11935491258368457 0.9897154388279902 -0.07885274242311575 -0.216728448306009 -0.9811255189322393 0.12974286719348677 0.14338585882978666 4.476414308572009
0.15265966395363145 0.06272342437770315 0.9862863676620004 0.40291880630895227 0.11860822714938783 0.9896077605788508 -0.08129310336416971 -0.21774014761372287 -0.9811356254127367 0.12939185537132294 0.14363367400969423 4.483140157090307
0.15312185160120614 0.06399817010724929 0.9861328170105412 0.441112762967521 0.11778508834753935 0.9896051448479813 -0.08251260663289389 -0.21926778254307816 -0.981162765052353 0.12878622408206689 0.14399214201303864 4.490143742301983
0.15357617330509193 0.06415326427401816 0.986052086695199 0.47703207990152413 0.1174991223906416 0.9896246657441283 -0.08268601567518953 -0.22080628626906834 -0.9811260445174166 0.12855885669138895 0.14444481692262107 4.496593809147385
