1.0 0.0 0.0 0.0 0.0 1.0 0.0 0.0 0.0 0.0 1.0 0.0
0.9996312341956614 0.027139287448771775 0.0009244983676109917 -0.000922665634957215 -0.027125567695003284 0.9995532921762156 -0.012546699841509206 -0.0015909869805901214 -0.001264593880489269 0.012516995504595806 0.9999208596813327 -0.0026733974813988952
0.9967365743598193 0.07572561229805154 0.027961276357445157 -0.0018650645431260062 -0.07456031177467357 0.9963896811145609 -0.040600040350801975 -0.001632069323754309 -0.030934790148241017 0.038382743655299985 0.998784162743871 -0.0032777097617016954
0.9947776807301634 0.09742188237499437 0.030435879412783813 -0.0030375110307818047 -0.09563943789561463 0.9938749526779628 -0.055368550264458194 -0.0017611950079124193 -0.03564356660223091 0.052168527618572026 0.998001994429862 -0.0043577885189467445
0.9927987769257882 0.11917193942055933 0.012191693459138944 -0.006497997952720006 -0.1180858634298618 0.9906864643320188 -0.06779423461731501 -0.0019520251443500892 -0.020157316108132345 0.06586636656189582 0.9976248314688497 -0.0064716751305196035
0.9911360085043469 0.1311351425755456 -0.021283491907171184 -0.010240350713574672 -0.1323215561546426 0.9887243368931221 -0.07010842611319434 -0.0021559293267742596 0.011849827968586602 0.07230325038991513 0.9973122989115135 -0.008916355799615066
0.989079550640315 0.13522251153459228 -0.05862179525934987 -0.014270690309366616 -0.13887694653748828 0.9882700437438032 -0.06352569841445832 -0.0030816149000856803 0.0493440596787057 0.07097318516804921 0.99625698028246 -0.010729613931346292
0.9843713111599615 0.13667819674065623 -0.11105040432587608 -0.016089158631810065 -0.14320020523287985 0.9882730537307585 -0.053010116873500386 -0.003419710840500613 0.10250279501788756 0.06808407894217013 0.9923999875091278 -0.012810979425820709
0.9740028697468647 0.13492381321494296 -0.1819724549276936 -0.011576234285671939 -0.14526006946868014 0.9883850047584353 -0.044660884301832654 -0.003730562400155893 0.17383302891805796 0.06993316091960071 0.9822888735300663 -0.01625422270343528
0.9586882127946984 0.1346888135724777 -0.2505510609575333 -0.011529259634050841 -0.14803579051376664 0.9883582273235071 -0.03512006846374835 -0.0037363370318788413 0.24290392210804523 0.07075972004164974 0.9674661475442724 -0.01629547061482927
0.9467554243998031 0.13879796043515993 -0.2904983520583012 -0.014791905256711299 -0.15287629618460136 0.9878973049927309 -0.026225042478077266 -0.004490108374490854 0.2833425566949428 0.06923901333163822 0.9565160503611186 -0.021550490943407424
0.9436532103700017 0.13890495485411203 -0.300373154718205 -0.01865224406092644 -0.15318589462923363 0.9878959763274517 -0.02440536094123275 -0.00392722453449529 0.2933474053831577 0.06904312763054561 0.9535094893507674 -0.026105910845482666
0.9291798863213624 0.14077154609352516 -0.341772015627756 -0.025101609752709003 -0.1557346980553311 0.9876595365067087 -0.016593485738921186 -0.003789653758534471 0.3352184999033242 0.06864409485011556 0.9396363900811703 -0.0305668691753608
0.9146539434830422 0.14322862483980361 -0.3780128631375116 -0.030684369880302917 -0.1576950962256703 0.9874599928815924 -0.007417485063136009 -0.0046444422769036185 0.3722101829575548 0.06639520679073423 0.9257706282972687 -0.036104541765232104
0.9034210776061029 0.14408843909806235 -0.4038178775825962 -0.03194645813457541 -0.15732999809888099 0.9875460076364702 0.00039306421140520523 -0.005910144884072175 0.39884536882761323 0.06317756341892718 0.9148393122539132 -0.040364610929551584
0.8998468433731395 0.14348487249105005 -0.4119317295834637 -0.035928024914152396 -0.15668309214615125 0.987647376044478 0.001751921224747241 -0.005454060547662845 0.4070946660261198 0.06296627636032055 0.911213027197482 -0.044878442006367605
0.8928100130158324 0.14224245098917856 -0.42738433031085754 -0.039548792820987534 -0.15480279161969604 0.9879305266791657 0.0054194245243412735 -0.00514224227625163 0.4229968987657225 0.061321770946517896 0.9040537948831174 -0.04687088479735849
0.891072046252305 0.13834794360394762 -0.43226202110327594 -0.04279010867517198 -0.15058315740544734 0.9885792240227869 0.005985861367439382 -0.0046878416311064985 0.428153385007683 0.059757546226923065 0.9017281822009345 -0.048954991672344496
0.8891456544176557 0.13280979321213846 -0.43792872029263935 -0.04653944898744484 -0.14396360719121917 0.9895522103085376 0.007804029598800811 -0.0045095553994332635 0.43438978468040923 0.05610687926124045 0.8989758245163619 -0.05118718352533903
0.8910185846845651 0.12084684481526273 -0.43758647356255326 -0.04698070034459229 -0.13382562431913858 0.9910041865033445 0.0011851617762682319 -0.0032242429539023525 0.43379325031898347 0.057504281849604294 0.8991755521290898 -0.05647450748589922
0.887896977679959 0.11269451125353735 -0.4460256765704431 -0.047379450608842015 -0.1248302194734692 0.9921757023231386 0.002189069617762015 -0.003194094991090429 0.44278253503610654 0.053733814799547155 0.89501748799344 -0.05671537621756147
0.8796562477931498 0.09907475120461419 -0.46517639599642313 -0.04853530096602988 -0.11001599961502037 0.9939231259857112 0.0036468424012606835 -0.0031445873933093433 0.4627108876471193 0.047968878499871255 0.8852104953898141 -0.05739140261635106
0.8815300540750121 0.09614049818787339 -0.46223561997177853 -0.05497421014526615 -0.10437394153843425 0.9945075662948305 0.007796211263462623 -0.00425985876803578 0.46044635310776266 0.04137275903925509 0.8867228714312279 -0.0639130483507224
0.8721417426407422 0.08276572208332514 -0.4822018415472879 -0.0550963680096171 -0.08971981634345716 0.9959293125822448 0.008669422976936908 -0.004265088696596972 0.48095647963081456 0.03570209500130459 0.8760172516073255 -0.06401186639901858
0.8589513979989496 0.07119097347947259 -0.5070841559057977 -0.05560342860998757 -0.07724310825786415 0.9969705279447383 0.00912516499867703 -0.004235314490370097 0.5061975880052314 0.03133068311789495 0.8618482408133419 -0.06427485533456147
0.8509610612343563 0.0624861705308817 -0.5214985625630083 -0.05690717426220801 -0.0680862513200006 0.9976437588192244 0.008437586754383834 -0.004125398545027759 0.5207970186589853 0.028326824414917923 0.8532104408494301 -0.0650020845861124
0.8293555373940454 0.04835249608555322 -0.5566250342161511 -0.05775797062201809 -0.05272871381801556 0.9985753767357495 0.00817922466696112 -0.004130347702589819 0.5562275391716344 0.022566636863993655 0.8307235831296214 -0.06559936562839774
0.806371704313463 0.039288486169668436 -0.5901026091597104 -0.058454619627988265 -0.0418348213355635 0.9990807822732207 0.00935084039803464 -0.004275905124873072 0.5899275567444049 0.017146584115321058 0.8072740999479381 -0.06647350922541101
0.7770393329468293 0.02749028766675827 -0.6288514603128041 -0.0605595096039653 -0.029141656620640666 0.9995457385881377 0.007686372336638057 -0.004306104235794 0.6287770979472388 0.01235315968858282 0.7774874664859601 -0.06789976608672246
0.7483059455539284 0.01588715256496493 -0.6631634868054933 -0.06146292087409914 -0.017753990556680175 0.9998347039507804 0.003919259492197633 -0.004244697461002113 0.6631161343746319 0.008840993102100722 0.7484643138941321 -0.06827088557414171
0.7411342658784937 0.012926345519595045 -0.6712323811708245 -0.06510317581386177 -0.015449763414528197 0.9998782324873849 0.0021965901613092034 -0.0040044826160223505 0.6711790407567726 0.008742413248622854 0.7412437287825165 -0.07125240883757786
0.6773099708366921 -0.0038587942199211005 -0.7356876464318048 -0.0659637966985646 0.0007874186313248777 0.9999894739997179 -0.0045201616856839445 -0.004043066462686672 0.7356973449572174 0.0024822564198726145 0.6773058799582118 -0.07164925964717306
0.6289611108025077 -0.01573355960411616 -0.7772775412941378 -0.06728576085763205 0.010958122149122734 0.9998752884032477 -0.01137221172354357 -0.003994214427654554 0.7773595311418265 -0.0013648233233483345 0.6290550823260675 -0.07212550865955605
0.592776814176075 -0.023534372119614635 -0.805022845579055 -0.06741677985740788 0.01803865126632472 0.9997101683861307 -0.015943220686667967 -0.004013135070577543 0.8051647381969448 -0.005070754806475281 0.5930295370467966 -0.07227754315267587
0.5562863359535354 -0.028669232319815094 -0.8304959888822965 -0.0707534394489679 0.023976044444163028 0.9995423594131657 -0.018445081500785228 -0.0052704847140887 0.8306447265372854 -0.009651261935704262 0.5567191315365825 -0.07732230179721006
0.500829378889409 -0.04032296471017954 -0.8646062640058947 -0.07291630654256377 0.03102248564144668 0.9991086870574122 -0.028625807080978023 -0.005238361581996675 0.8649899066612714 -0.012485590230052548 0.5016339017757194 -0.07802776616216091
0.46466380997468826 -0.04809256448487713 -0.8841802129323384 -0.07393616624748878 0.03500645117494586 0.9987411133056417 -0.035926827986068735 -0.0051550627073480085 0.884794943518521 -0.014258114681556234 0.46576240089747967 -0.07840445961633641
0.43575932300129205 -0.05368989997838787 -0.898460464938645 -0.07870351510755615 0.03836369232223945 0.9984200430515436 -0.04105660415030489 -0.006226791233477082 0.8992452610544359 -0.016577462811333238 0.437130584834645 -0.08379933446533191
0.38626143197056756 -0.06369245611212729 -0.9201876858589509 -0.07775727553097163 0.04438572709909055 0.9977408637545783 -0.05042892051342476 -0.006076732022428734 0.9213207983118212 -0.021364452454232966 0.3882158507446588 -0.08341734413868775
0.3549679000142664 -0.0646401842056464 -0.9326411081146497 -0.08128182577461344 0.04603828043227831 0.9976050401060697 -0.05162035150792917 -0.00855922773984577 0.9337442190955187 -0.024613625105283407 0.357093689057754 -0.09074482043559307
0.300034496520515 -0.07559850771297506 -0.9509280553907601 -0.07937702147582396 0.04817189482371992 0.9967836848557249 -0.06404493855513801 -0.008424333270345979 0.9527112728664301 -0.026592315375128198 0.30271121438793136 -0.09079730210337242
0.2759122012338315 -0.08065737230320795 -0.9577926944299812 -0.08018553976686954 0.04965759029035197 0.9963383850081546 -0.06959846468057715 -0.00845291409345451 0.9598992556184515 -0.028358611610581275 0.27890716772909047 -0.09117438824967684
0.2104861875360998 -0.09280221612890723 -0.9731820557008237 -0.07956045938559533 0.050004968273658655 0.9952029577150309 -0.08408671775732762 -0.008317396726761322 0.976317093983542 -0.030964845176647753 0.21411704826733866 -0.09083886984037022
0.17676878657456052 -0.09744014223565593 -0.9794172832730962 -0.08067155430967536 0.049177637189217006 0.9947190269495124 -0.09008672169135959 -0.008501037102933772 0.9830230699701018 -0.032240907333789176 0.18062715133902382 -0.0914612749913545
0.16001827959104373 -0.10169974436808205 -0.9818611471039014 -0.08249155576088169 0.048998025113779195 0.9942707145174369 -0.09499968309384214 -0.009398602205558965 0.9858972277736017 -0.03290757129366808 0.1640845758134504 -0.09885493456332575
0.13132878068431178 -0.1090280409066692 -0.9853251431177551 -0.08257422710082317 0.0499113540987783 0.9934003911026836 -0.1032691613651305 -0.010009719277946224 0.9900816168862034 -0.035616699076203746 0.13590379925122395 -0.10060769259325321
0.11529098018160154 -0.10867439191016012 -0.9873691642094772 -0.08378781324122189 0.048747818490939225 0.9934186986260279 -0.10364815199770427 -0.012655034134256877 0.9921348900634128 -0.03618239576260525 0.11982985502677598 -0.10664121149949043
0.0730400283820315 -0.1145553139033999 -0.990728133400099 -0.08576821248605904 0.04611301936735099 0.9927069467778071 -0.11138450190177362 -0.01286966555890079 0.9962623869738227 -0.03754993842303249 0.07778983497635171 -0.10686701006008671
0.043313275618317076 -0.11616448377152344 -0.9922851267983948 -0.08713231318620775 0.04275404183179142 0.9925228636158471 -0.11432609984968516 -0.012944623346265482 0.9981463079440094 -0.03747236194704507 0.0479559175478108 -0.10713557277030579
0.016062611394981795 -0.12156854788487717 -0.9924530622051276 -0.08930776604601483 0.04066259582117912 0.9918393984106824 -0.12083526414675168 -0.012978382784902561 0.9990438157639819 -0.03841478784913828 0.020874823550112807 -0.1073340838301495
-0.02740863177483438 -0.1277806928366699 -0.9914236538646891 -0.08954285522689473 0.03458196841198426 0.991081377341394 -0.12869262196347617 -0.013101580330159629 0.9990259527985165 -0.03781267016837647 -0.022745276647107567 -0.10779745250190514
-0.054614012115291 -0.12949957016513117 -0.9900743260016978 -0.08984725620021355 0.03146086732367798 0.9908387039344022 -0.13133497863414775 -0.013848148316917146 0.99801178525502 -0.03832132712520498 -0.05003950818553551 -0.11000992427190855
-0.0751578966907192 -0.12920129847785689 -0.9887660567781754 -0.0898523004815726 0.028684357236201836 0.9908801175585638 -0.13165789105507156 -0.013848834270781688 0.9967589970574494 -0.038257248970090044 -0.07076640930743566 -0.11001109930634455
-0.0996658436040255 -0.12371473027555889 -0.987300048177626 -0.0918837161652999 0.0257208450686264 0.9915885628087955 -0.12684857206819294 -0.016612757588202524 0.994688472712765 -0.038036661520565625 -0.09564546321031879 -0.11822153945520103
-0.1372731811985019 -0.12938949597272575 -0.9820460437553657 -0.09185553535472364 0.019890525840587814 0.9908717193392164 -0.13333267714827549 -0.016577233581535327 0.9903334997390664 -0.037836412959818794 -0.1334464879601788 -0.11809667071574244
-0.15881289985518793 -0.14200209292472896 -0.9770434322201756 -0.09100627512310328 0.013520740442689746 0.9891971754917215 -0.14596622067135193 -0.01779216714271655 0.9872161123165824 -0.036391669434002474 -0.15517729852764914 -0.11980946109311615
-0.18300926852867777 -0.14383528207784907 -0.9725322715787803 -0.09177491071510585 0.010910750005158825 0.9888812668149004 -0.14830642493458812 -0.017922698218336072 0.9830506412016231 -0.03775250683252671 -0.1794050864968359 -0.11977400241567131
-0.22401606113408495 -0.1471874147927817 -0.9634068036300067 -0.09358811509776609 0.0024567319659349472 0.988441417384295 -0.15158340564642786 -0.01836758630452516 0.9745823561003023 -0.03632394975687908 -0.22106515295731852 -0.11962543638330154
-0.27191814820562893 -0.14694624270713963 -0.9510348691981146 -0.09437745585245913 -0.00786872914116215 0.9885790802686633 -0.1504974589714496 -0.018794375480533084 0.9622882124281289 -0.03343955456364867 -0.2699688730436537 -0.11560752929532302
-0.29507310060557773 -0.14956932576952786 -0.9436953332977006 -0.0940263077001664 -0.010284134961430868 0.9881116861051481 -0.15339339083067732 -0.018734089060098 0.9554193329983984 -0.035557173274705096 -0.29310337009595644 -0.11567426930316498
-0.3328640121107462 -0.15256291619202053 -0.9305515063899056 -0.09531778553845856 -0.01644564509464608 0.9876145119669951 -0.15603562577056207 -0.018783873994396846 0.9428314219408239 -0.036635124609823315 -0.33125032444643004 -0.11448099940897521
-0.3555239324289308 -0.15390089836952645 -0.9219095654950765 -0.09453831024851643 -0.01796108213197107 0.9872934393240828 -0.1578894049525433 -0.018668808123450675 0.9344945869286325 -0.03957496871348488 -0.35377067268558227 -0.11460400638999625
-0.3822014011707361 -0.1555051161911527 -0.9109007892089575 -0.09512374015640934 -0.020981960536202743 0.9869452768821309 -0.15968336723687848 -0.01869956112465128 0.9238408121939521 -0.04191872229001757 -0.38047466991429174 -0.11406809547598463
-0.4164073140516662 -0.1547317239497622 -0.8959146401347677 -0.09644449851195933 -0.027918627383570063 0.9871229818282963 -0.15750799659517808 -0.018978202024830478 0.9087494148825033 -0.04057477479844885 -0.415365126847165 -0.11197654339964044
-0.43579746548425896 -0.15373093647202665 -0.8868186783378711 -0.096895125777662 -0.029245903237532813 0.9872034853788293 -0.15676082291091895 -0.01905417678100936 0.8995694782624155 -0.042380156055898614 -0.43471677693799826 -0.1117651471761844
-0.4333483421615382 -0.15464470506072225 -0.8878593523427728 -0.09487255782451805 -0.025825713545388578 0.9868941072680609 -0.15928921356904116 -0.019586221070276997 0.9008563963616597 -0.046098115322161765 -0.4316627351278156 -0.11630591770830918
-0.4517871161423377 -0.1562987060309581 -0.8783274538467062 -0.09509500990206898 -0.02636097315041548 0.9864421395624385 -0.16197840717217862 -0.01961395963565243 0.8917362282549423 -0.05002619102552333 -0.4497820354673197 -0.1162622823549871
-0.47128587570222574 -0.1650113397246624 -0.8664068796621238 -0.09552678915243058 -0.03548343743578416 0.98509447537831 -0.16831458714819617 -0.019095209683462268 0.881266446105447 -0.04858119328917351 -0.4701162820274078 -0.11467997368508279
-0.492184547842467 -0.1594185928563732 -0.8557687088909013 -0.09723225485752832 -0.03638445320398712 0.9859958942568994 -0.16275216764632852 -0.020343012727163393 0.8697301549504599 -0.04896742550131334 -0.49109230172099066 -0.11129828655896834
-0.5087490800187907 -0.16139019055672946 -0.8456521625184293 -0.09735145114144916 -0.03819524920116132 0.9855356174821284 -0.16510805435403839 -0.02035932235948727 0.8600671465173482 -0.05169867567141841 -0.5075546772667225 -0.11121232285696052
-0.5251901998357409 -0.1753792412378209 -0.8327168640896738 -0.09691070058024129 -0.04946354763483742 0.9831699431848193 -0.17586989587001653 -0.019696639057009285 0.8495461208503451 -0.05117601548383417 -0.5250260983868595 -0.10953016896915756
-0.5368494130626841 -0.17828790043256643 -0.8246248433400477 -0.09714758609667049 -0.052310794238284726 0.982570014593526 -0.17838090488567707 -0.01973710487743949 0.8420548013641453 -0.05262690358572843 -0.536818517302233 -0.10939231534817846
-0.5531714208301889 -0.1749584173150545 -0.8144881407284702 -0.09756173346274064 -0.054482764769826296 0.9832024705430357 -0.17419681472719725 -0.022396472468209604 0.8312839511982321 -0.051985133727615686 -0.553411725889122 -0.10696886317447041
-0.5658802216219139 -0.167047467507021 -0.8073875886936975 -0.09748834677656205 -0.05423958257020888 0.9846811439860796 -0.16571394739390408 -0.024462731894686708 0.8227014297178179 -0.049981879493992146 -0.5662721688927558 -0.10427819185015791
-0.5823190984234522 -0.17718778714361594 -0.7934160041859789 -0.09683685669924141 -0.06527249363923175 0.9829985435868086 -0.17161982659449324 -0.025054060137820553 0.8103357138775341 -0.048149261607601725 -0.5839843143623202 -0.10212152150111649
-0.5983687143243143 -0.18658209583804422 -0.7791931745276962 -0.09633641222008375 -0.07607679476025515 0.9813443033039457 -0.1765663605330697 -0.02587022229024964 0.7976009045988299 -0.04637326692796223 -0.601400296888483 -0.09985237950328847
-0.6153817395050992 -0.1917648567234108 -0.7645466332471335 -0.09665977365219951 -0.08165908594785475 0.9802456348702925 -0.18013963750350084 -0.026439592560832288 0.7839879516713489 -0.048422464245252934 -0.6188846068457181 -0.09669488559649787
-0.6333001841376004 -0.1851546757172508 -0.7514310499515707 -0.09784438343115089 -0.08101776641182643 0.9814852092469646 -0.17355951588742002 -0.028618609409461152 0.7696538171781637 -0.049036008090767275 -0.6365755820117537 -0.09272381652250565
-0.643894448328887 -0.18995204266658128 -0.741160010320329 -0.09802852805055223 -0.08501364349017386 0.9804556710584174 -0.17742423033483565 -0.0291371193000788 0.7603766302509314 -0.05123376402508162 -0.6474584786625776 -0.09041919014248109
-0.6463950465745927 -0.18633178319857763 -0.7399012841817935 -0.09980211911387103 -0.08530876671228328 0.9812918253786058 -0.17259422866117952 -0.03208606437920212 0.758218872150949 -0.04844398843156688 -0.6501979097928444 -0.09167961597203851
-0.6576334845987545 -0.1974682360697257 -0.726996902110325 -0.09968100321928035 -0.09027044203331454 0.978736834916022 -0.18418864045774352 -0.0312696264574841 0.7479100529004856 -0.055502285737384964 -0.661475660208535 -0.08869677156889305
-0.668364653733345 -0.2023339909173339 -0.7157860335039855 -0.1002300034214302 -0.09268434868831305 0.977447050078297 -0.18975477807278718 -0.03084953000714001 0.7380367884788172 -0.06048322422535955 -0.6720442533339431 -0.0863099606090073
-0.6688026477202844 -0.20108394286223058 -0.7157291850450943 -0.0994667704803374 -0.09116598650080593 0.9776431529232368 -0.18947988929604612 -0.0311039240188648 0.7378291003394141 -0.061474494428889505 -0.6721823452211773 -0.08552076531335295
-0.6855263427761079 -0.19195164817809346 -0.7022878313923189 -0.1011632030759623 -0.08703392750167431 0.9793068415165717 -0.18271071567498318 -0.03311126514897113 0.7228269010099476 -0.06413014049997072 -0.6880469433518385 -0.08201529900653516
-0.6924145093545903 -0.2058801393562607 -0.691502361133993 -0.1010709397398748 -0.09510081800256251 0.9761041728276564 -0.19538801960119068 -0.03249943947330845 0.7152048529271055 -0.06952705953137875 -0.6954480615706942 -0.07825840651496786
-0.6956917925636958 -0.20947987429488116 -0.6871179753324104 -0.10062654286898505 -0.09700573546250103 0.9751699818351862 -0.19908137485695937 -0.03228001581009331 0.7117603649030255 -0.07184489399365938 -0.6987385019877967 -0.07608484163000132
-0.7035938116086332 -0.2144258926350679 -0.67747862315625 -0.10155137322366621 -0.10213903131976745 0.9740031927656053 -0.2022013817051252 -0.032927247592489696 0.7032235537488006 -0.07307063055741332 -0.7072038718805549 -0.07269546510093453
-0.7048544456221049 -0.22014640179075964 -0.6743261616349578 -0.10143995607221748 -0.10724907762711085 0.9727682666793267 -0.20547392703169737 -0.03231649161588098 0.7011974371280079 -0.07250835207254586 -0.7092705358640211 -0.07163481132303769
-0.7061163093678807 -0.2240903546703415 -0.6717017720598946 -0.10149104740029705 -0.10922283735942448 0.9717190520680165 -0.20936202054619923 -0.03191300764681226 0.6996214186571458 -0.07446876386615078 -0.7106224551507 -0.06989523914014296
-0.705651310425187 -0.23106371565702288 -0.6698251916746528 -0.1013542205167485 -0.11394353763905378 0.9700357550228121 -0.21458682207352572 -0.03090201640710701 0.6993376139787641 -0.07510122025699391 -0.7108352188731211 -0.06867825286071338
-0.7065649943369565 -0.23271304379414903 -0.6682892697220849 -0.10163745532100298 -0.11423822543177602 0.9695040239284036 -0.2168215289975296 -0.03062655461947224 0.6983663341168531 -0.07685432216012254 -0.7116023303345025 -0.06677811427481735
-0.707231721425689 -0.23271574671441378 -0.6675827090633847 -0.10180248818100784 -0.11458592221173082 0.9695175969493757 -0.21657722788047107 -0.03088910222988158 0.6976341151636296 -0.0766747053248771 -0.7123395474934697 -0.06486430140468777
-0.7073619784427347 -0.2309383622274917 -0.6680617518652465 -0.1026916702510317 -0.11022581598641511 0.9695995404278077 -0.21846510177213 -0.030234604080673477 0.6982043403930583 -0.08089625488156782 -0.7113132186332748 -0.06310045292781342
-0.708463143101975 -0.22921228727418635 -0.6674891027040103 -0.1034173407587761 -0.1084924471539152 0.9699192452234459 -0.2179129336586759 -0.030492183831973774 0.697358848640083 -0.08196575570146991 -0.7120198389902229 -0.06072317341414453
-0.7101122305023311 -0.23107932935807005 -0.6650886885479466 -0.10397398184715452 -0.10843474350735224 0.9692324018708568 -0.22097614704790947 -0.030436494711256194 0.6956885269224267 -0.08479914331566557 -0.7133208105764415 -0.05642095733911141
-0.7115548816623086 -0.2323728174902427 -0.6630931488668714 -0.10449830013306804 -0.11018365322796221 0.9689561240970973 -0.22132237152187179 -0.030675550335480962 0.693937470485544 -0.08442098830488344 -0.715069146159831 -0.052901483486755066
-0.7099997744100655 -0.2342010326625544 -0.6641161017754711 -0.10495596377686237 -0.11299412576584052 0.9687452627374092 -0.22082785935256416 -0.03090820753821987 0.6950774402036558 -0.08174651199664221 -0.7142722589435448 -0.050333614064048814
-0.7121122816539281 -0.23699507373243925 -0.6608550774142473 -0.10622339168295314 -0.11689827817183028 0.968186712093722 -0.2212448487210596 -0.03067764203118725 0.6922650438077133 -0.08029835335609613 -0.7171619646706053 -0.04555151705532988
-0.7103260091710499 -0.2336173370947262 -0.6639728160880513 -0.1075843476223497 -0.11319662389155782 0.9689499658925673 -0.21982376563133624 -0.030957303821729083 0.6947110802590383 -0.08098705702492297 -0.7147150562005533 -0.04459066614208285
-0.702485661223228 -0.23508481986418273 -0.6717507151058251 -0.10765672036562113 -0.11453110686383682 0.9689102474192579 -0.21930699488728578 -0.03098360986235755 0.7024218969652822 -0.07712366637663122 -0.7075700804502112 -0.044184082590277736
-0.7028716253479992 -0.23248876867592166 -0.672250288746843 -0.10893320336628486 -0.11017953670247486 0.9692563146255744 -0.2200060595767136 -0.030851597695739363 0.7027317752689761 -0.08056779131886257 -0.7068782660609331 -0.03967917930076711
-0.7018069104951795 -0.23127680458911143 -0.6737789697224598 -0.10889048973025213 -0.10887747724876937 0.9695425859877079 -0.21939204384892033 -0.030819019700494034 0.7039976955425008 -0.08061149803417858 -0.7056125218953613 -0.03835753939834869
-0.689756266859258 -0.2320548996651283 -0.685847516485833 -0.10913918233722504 -0.10785250808854203 0.9696104603738059 -0.21959825052286489 -0.03080899051610083 0.7159637761977823 -0.07749889467018098 -0.6938225943982438 -0.0378412586217367
-0.6837610946485398 -0.2318253912543571 -0.6919015489322103 -0.10937448696255432 -0.10741994126759379 0.9698402312493044 -0.21879415455710335 -0.030868857157016445 0.7217559987025352 -0.07527890687341218 -0.6880416880660998 -0.036355020799700384
-0.680546363692465 -0.23094982102546868 -0.6953551804892693 -0.11061317884145239 -0.10732132997745002 0.9702089859891943 -0.21720187761086687 -0.031167388237962904 0.7248025793254542 -0.07318950521843338 -0.6850580393872093 -0.03411123286414101
-0.6633530705413481 -0.22912191499920567 -0.7123663747471947 -0.10973137347654469 -0.10167243415988103 0.97073996204971 -0.21754687359676694 -0.031181826990353673 0.7413672638681627 -0.07188236325288905 -0.6672387173402112 -0.03449042922889929
-0.6595328081716582 -0.23271466183441816 -0.7147449622854978 -0.11054694868515948 -0.10366004536725924 0.9699421028247318 -0.22015202057303682 -0.030385588961260295 0.7444938347223973 -0.0711069851366654 -0.6638318512433027 -0.0320010807100489
-0.6359604483600652 -0.23473105243053055 -0.7351568819962981 -0.1101563501639442 -0.10165499275952249 0.9697988946240559 -0.22171235065511494 -0.030302172926117768 0.764997104941399 -0.06626791841314437 -0.6406153232794728 -0.032166435049596584
-0.6320003326567781 -0.23536977155142547 -0.7383607859045266 -0.11015251772739763 -0.10007898551577996 0.9695728735343164 -0.2234113684764871 -0.02953607826685539 0.7684788716548099 -0.0673016607984872 -0.6363259465666256 -0.029207836504690797
-0.630366471398608 -0.23008114986675926 -0.7414180846273284 -0.11240207741801718 -0.09554389072390393 0.9708024028393029 -0.2200319512861048 -0.029909105139133335 0.7703956624240577 -0.06786279626881293 -0.633944133343603 -0.023466417481818568
-0.6097222809158304 -0.22887980674697556 -0.7588496387416043 -0.1104939869281042 -0.09043643255811515 0.9712365025468365 -0.2202746190253129 -0.029694211376906875 0.7874388813241026 -0.06567868896417454 -0.61288360884836 -0.023888423483611004
-0.5725361583422011 -0.2291007390376808 -0.7872199176616034 -0.10689501431355462 -0.08456666487829934 0.9715458882525629 -0.22123983866134153 -0.029150213181755896 0.8155064846965416 -0.06009524433700218 -0.5756194359348558 -0.026217029903260535
-0.5460004023516303 -0.22668936987757735 -0.8065330062783318 -0.10408278299044753 -0.07763997253703031 0.9722454073944078 -0.22070546541698327 -0.029012007504882347 0.834179594150026 -0.057886072461219046 -0.548446540073605 -0.027282083828688897
-0.5199322332731562 -0.22631532671302865 -0.8236818837988137 -0.102990905487517 -0.07119153863401105 0.9723902397467786 -0.22223633022555228 -0.028784152328551398 0.8512357121447066 -0.05690865083600415 -0.5216887652897235 -0.02752821686793851
-0.4960039373002717 -0.22519568120005876 -0.8386101593419131 -0.10166772306668326 -0.0656643235424442 0.9727467017833845 -0.22237817065363458 -0.02859728599240613 0.865833870206252 -0.05523367938482686 -0.4972735161510953 -0.027684162448849966
-0.4819663235090893 -0.22566371479000957 -0.8466311775680744 -0.10158780772031474 -0.06330394035881011 0.9727077909120222 -0.22323119099735642 -0.02839105117868385 0.8738999222669468 -0.05399482684687308 -0.4830978001767311 -0.026277050535127217
-0.4758361349613692 -0.22740670226213514 -0.8496270737395822 -0.10128862395917768 -0.061962764636648314 0.972264081557625 -0.22552864898164748 -0.027228585024648935 0.8773486128464583 -0.05466943825543695 -0.47672913069921236 -0.02093379318482306
-0.4358222361680316 -0.2277804426513291 -0.8707324780936222 -0.09714316208468342 -0.05449978199430646 0.9723489106996974 -0.2270844988626059 -0.02637760399616988 0.8983811842553611 -0.05151374386193339 -0.43618526106375755 -0.023643227104175782
-0.4397163451642121 -0.22730704311462496 -0.8688964517972857 -0.09848668907305677 -0.05468110043551564 0.972424190731149 -0.2267182624669357 -0.026277943156598586 0.896470586829587 -0.05217951160515142 -0.4400202103518201 -0.018839957262071515
-0.4350229091854129 -0.22631400659056292 -0.8715142218603127 -0.10030508055512685 -0.052765625956576204 0.9726422005780544 -0.2262364656108428 -0.025746055213460923 0.898871991554563 -0.05243205198733709 -0.4350632399124605 -0.012157823675877843
-0.42699363215553116 -0.22621176524498984 -0.8755025273312305 -0.10051580008907372 -0.050263500795953577 0.9726441763079234 -0.2267970166955722 -0.02513698026025804 0.9028565880505923 -0.05283505994150949 -0.42668306487909313 -0.007755605513953488
-0.391410104526626 -0.22691473833841852 -0.8918003316882437 -0.09724525350332698 -0.04577801698483052 0.9727218136827332 -0.2274129423465289 -0.024627891978452915 0.9190769843899841 -0.04818687280346172 -0.39112085351465503 -0.008942216766168999
-0.3821768891667688 -0.2235972307882045 -0.8966298588440252 -0.09658038061640448 -0.04105238335401665 0.9734351570653743 -0.2252525178772921 -0.024389726990080504 0.923176866698771 -0.049277513867403984 -0.38120361936802655 -0.004284886720821935
-0.3650322287013067 -0.2218532972292264 -0.9041750862072437 -0.09568920374315029 -0.03563952245843296 0.9738103761193152 -0.22455105388594376 -0.02381505455353889 0.9303124724780837 -0.04974400336597624 -0.36337891749637335 -0.0007861993939921983
-0.366125446417112 -0.2213109431133655 -0.9038659325055581 -0.09824903643911127 -0.029527062197794784 0.9735820079585691 -0.2264204636894008 -0.02227661799039991 0.9300969358533718 -0.05620978773869341 -0.36298780926986407 0.0073866233303181705
-0.34795473988419423 -0.21890298601869998 -0.9115969403767318 -0.09712632300778835 -0.025119447821532213 0.9741860873101333 -0.22434455784018784 -0.021870346039847163 0.9371747501577584 -0.05516294048965679 -0.3444713887440768 0.010126100156456022
-0.329632034810792 -0.2170458473349292 -0.9188219750208191 -0.09692147739390285 -0.021488617897920313 0.9746881922342588 -0.22253351931775386 -0.021762079562863523 0.9438649060788977 -0.05360996244888455 -0.3259524673919464 0.011043661008339145
-0.3314562732897029 -0.21617501860435265 -0.9183708946979473 -0.09775880147660611 -0.018850028064793037 0.9747194838485285 -0.22263558621211219 -0.021004972736844818 0.9432822564528873 -0.056482644568591076 -0.3271517927868996 0.01907663287337061
-0.3171497981782747 -0.21468153857334693 -0.9237574587039927 -0.09684620113002612 -0.01461032900867133 0.975032344456377 -0.22158173559694735 -0.020549943206193768 0.9482629085869225 -0.056778202328685745 -0.31236787917227876 0.022454555441507023
-0.28313324150295066 -0.2141317106342457 -0.9348706745089835 -0.09759170691567189 -0.008200621207428035 0.9752620504606376 -0.22089971195798655 -0.02071790507841653 0.9590455241373251 -0.054877531214153404 -0.2778851187091491 0.022514482316553536
-0.2792089784636421 -0.21759442436290333 -0.9352513099864999 -0.09625683663797781 -0.004652870769010588 0.9742815452668818 -0.2252860877772534 -0.019023210370423142 0.9602190880933833 -0.05855029494844382 -0.2730405937265671 0.023529274635599125
-0.22122821529449777 -0.21291910959947094 -0.9516950822217047 -0.09503308506893707 0.004357812392860379 0.9756496800341085 -0.2192913845103975 -0.019601013754539938 0.9752123287924288 -0.0526607502482261 -0.21491337593210877 0.01738332921943094
-0.2082044343587591 -0.21118434428946847 -0.9550141811723918 -0.09398979748218414 0.009949070552260965 0.9759041318712778 -0.21797279966021024 -0.018731861531786537 0.9780347281709825 -0.054884406925744325 -0.20108647982377104 0.02259168669912897
-0.17949142324744674 -0.21048872601820154 -0.9609772761100224 -0.09294772626273443 0.01604208001964187 0.9760854872315369 -0.2167943110061074 -0.018618731624672747 0.9836287311019549 -0.054328793794851435 -0.17182229632835447 0.021754681910924195
-0.159587520409784 -0.20745361859570918 -0.9651397927041452 -0.08923896601364101 0.019826937535456304 0.976799048744728 -0.21323815540225322 -0.01821861069695984 0.9869846583799643 -0.05316591486033123 -0.15177176819041022 0.02348119023832139
-0.1331770339735549 -0.20608150387991211 -0.9694298795583915 -0.08758351796269383 0.02511789353834693 0.9771269200104776 -0.21116835372524462 -0.018442606824267755 0.990773924286563 -0.0524728115258478 -0.12495453174803732 0.020596562581574107
-0.09024389295419617 -0.20147246078040323 -0.9753280921472313 -0.08569450810834127 0.03125233412709766 0.9782688449654293 -0.20497160432998762 -0.01886673920871126 0.9954292196816772 -0.04897871493913641 -0.08198630426377225 0.01693559221359203
-0.07565261366203276 -0.19706080898030093 -0.97746801462254 -0.08355528540140142 0.0346160162231518 0.9791673507300374 -0.20008255967263805 -0.018866877103227077 0.9965331973732409 -0.04897281723921176 -0.06725510913465083 0.020550889462112934
-0.051754134217562635 -0.19565286084678102 -0.9793066259521878 -0.08326564231816566 0.03920706749100118 0.9794667094400881 -0.19775684806690816 -0.01888817414846343 0.9978899315305974 -0.04863047543539046 -0.043020476621974404 0.020151530853142325
-0.01875970905577418 -0.19408579824840552 -0.9808051673163333 -0.08086004713054071 0.044656410726063946 0.979836184365231 -0.19474818815497671 -0.018924872207190253 0.9988262503044266 -0.04745265774285174 -0.009714266618339608 0.017244421898410373
0.020978977780339688 -0.19280472597366138 -0.9810128542142108 -0.07987812482052319 0.052622632558460954 0.9800816285937052 -0.19149637029386196 -0.019132114293013838 0.9983940810290804 -0.047606080865031396 0.0307070029596288 0.014629253326228497
0.07534602106346175 -0.18998120082633377 -0.9788922925646557 -0.07981606450955457 0.06265470879803588 0.9806449861880796 -0.18549878309468884 -0.019182160360885388 0.995187100285836 -0.04735561631698194 0.0857909145999758 0.014247518779109555
0.12441244231045855 -0.18653938169318002 -0.97453814870218 -0.07806827173261102 0.06852551935848945 0.9814392903246948 -0.17911217882546165 -0.019659746916419304 0.9898615041484287 -0.04449694915925544 0.13488596710007034 0.00860844944929849
0.13154407165816703 -0.1869377382297028 -0.9735247501923892 -0.07116494041848664 0.07522291234486823 0.9811093764750994 -0.17822992131231347 -0.018592933254741147 0.9884521590193129 -0.04978627740854629 0.14312112322033596 0.01390871439727755
0.1320975974462169 -0.18516527369117106 -0.9737885017640177 -0.06570432668709839 0.07370631157397603 0.9815127450585087 -0.17663553131198204 -0.017877485335580808 0.9884925919717816 -0.04844122940822616 0.14330332484042713 0.018326386031395504
0.17626755129501284 -0.18267491819389844 -0.9672433120075379 -0.06539853962539875 0.06831118882514761 0.982530106453193 -0.1731131751033638 -0.0168111106119254 0.9819691094131981 -0.03555930505403506 0.18566691676848904 0.014297320744917578
0.18205701109419745 -0.18908921730659126 -0.9649354966057716 -0.058225366316493846 0.07394061221761018 0.9811897851551322 -0.17832383848522934 -0.013361394637680936 0.9805039676494565 -0.038882816328070655 0.19261385209289383 0.018736659062972973
0.18918541048121848 -0.18831782527609056 -0.9637143130328281 -0.05240964536108825 0.07801007469237536 0.9812180917848785 -0.1764241610452698 -0.012800813883613838 0.9788377335940504 -0.04180254821564972 0.200322835081608 0.022007680991242253
0.19794994722209347 -0.18815833180300226 -0.9619835032722134 -0.04731117718251633 0.08189870656497114 0.9811466232806827 -0.17505400734600216 -0.011979992480827832 0.9767847358849081 -0.044133273139677826 0.20962784629962924 0.024686242555042457
0.19844301336114464 -0.19426007703494758 -0.960668201263331 -0.041822209674717864 0.08938718121544226 0.9796635108897435 -0.17963668129180863 -0.008914615164212106 0.9760278183958185 -0.0502237782484968 0.2117717398897618 0.029393001505476538
0.22165449265515025 -0.19221482720920882 -0.9559930680118557 -0.037014170850435915 0.09613343025562841 0.9799113119701226 -0.17473461093977571 -0.008462926223606289 0.9703750045590981 -0.05317218139143069 0.23568001538738823 0.03182500139137905
0.2338907878837706 -0.19246439706556673 -0.9530228513552524 -0.036306514696762694 0.09784398803524161 0.9798943317329325 -0.1738782696113131 -0.008203364418922051 0.9673270663785153 -0.05257903099005819 0.24801974145554362 0.03157281400306518
0.25180697827878634 -0.1907057541289155 -0.9488016447246638 -0.03632795715609257 0.10064706945067316 0.9802365525593958 -0.1703128545866621 -0.008215135215287793 0.9625296946593879 -0.05260813975601428 0.26602437957884606 0.03157955514819668
0.27512885207652354 -0.18864605633321033 -0.9427177627397186 -0.03227626403834247 0.1072336585568578 0.9804630505974057 -0.16490345322562394 -0.00784124906199816 0.9554083196348889 -0.05572137689569515 0.289982880407238 0.03283657063303081
0.31199151915440687 -0.18366351865759223 -0.9321636143349707 -0.02908808085774635 0.10897678338902385 0.9815795207165469 -0.1569257951773741 -0.008954177203296028 0.9438142574987433 -0.05262467505060946 0.3262595453284188 0.02662916451787485
0.34046990499113783 -0.1820490884682382 -0.9224632096637824 -0.02579251697255816 0.10963407652184796 0.9820716248342752 -0.15334827341891918 -0.008821725780298618 0.9338418565584456 -0.048922930035374054 0.354324616497672 0.023277200937238725
0.36300873557467145 -0.17993812077875687 -0.9142466464729775 -0.024607398972601856 0.1104306643433172 0.9825698451136322 -0.14953784753720972 -0.008984350158753762 0.925218745091759 -0.04667731958862012 0.3765521233067814 0.020339362972229956
0.3905658327627068 -0.1786740136385769 -0.9030691707331463 -0.020967513301657564 0.10970441721614699 0.9830268626408774 -0.14704804714682354 -0.00888714940147329 0.914014918434944 -0.0416387340911198 0.40353803377333003 0.013605525337679558
0.4113186171366959 -0.17748898167025262 -0.8940439902948906 -0.02115424633275227 0.10769861544004496 0.9834507837166054 -0.14568995929537185 -0.008974161748566302 0.9051066254475503 -0.03636230730917867 0.4236269339620592 0.01370331895204644
0.412480720667838 -0.17653454071949004 -0.8936974941277929 -0.015132596020057803 0.10833221855866099 0.9835874807080881 -0.1442906726592877 -0.008363042832254367 0.9045019543923046 -0.0372991116150293 0.4248352513307075 0.017384754815193304
0.4465862525979959 -0.17591710704601932 -0.8772764048115252 -0.013053264202243096 0.11003459240049515 0.983836810216717 -0.14127108457801055 -0.00811296026478045 0.8879488202963817 -0.03344102736385936 0.4587249614127279 0.007734016118232307
0.4725674421879858 -0.17482911044273078 -0.863779366925203 -0.010995164244799807 0.10931241494544872 0.9841848317094043 -0.13939516839518049 -0.007723376365977012 0.874488884161885 -0.028548190396770104 0.48420470082638173 0.0010785119639857505
0.48896395776076296 -0.16686862949119902 -0.8561945506149031 -0.011344494497843615 0.10808082581012926 0.9855584828452364 -0.13035724753151037 -0.011200458063703934 0.8655823375642153 -0.028798218408783778 0.49993787565390907 -0.00260045565367058
0.5056339462525268 -0.1563146409710586 -0.8484692365756004 -0.010944529757925672 0.10775205214917682 0.9871909936063736 -0.1176581378405123 -0.0155803411600724 0.8559928782733754 -0.031932352881443575 0.5160005011477331 -0.003788445246953292
