1.0 0.0 0.0 0.0 0.0 1.0 0.0 0.0 0.0 0.0 1.0 0.0
0.9998346412367376 0.013211190529105875 -0.012496184530001347 0.004975787656068954 -0.013320892668991998 0.9998731035791668 -0.00873673608771025 0.0010900195025901446 0.012379176123853192 0.00890175172473186 0.9998837506504074 -0.005931233976646249
0.9989183358383543 0.046476830923526745 -0.0014361452706227252 0.005671619458733884 -0.04648862235436141 0.9988715792724641 -0.00971473691499616 0.0011442527181046438 0.000983014509468195 0.00977099324736772 0.9999517795241101 -0.005871736733267272
0.9966037998269063 0.08233955545542662 -0.0010313961283164423 0.005931602009212016 -0.08234585570075681 0.9965483261646267 -0.010516352380535833 0.0011566417294325208 0.0001619243052617503 0.010565567939514468 0.9999441697188075 -0.005850811969163965
0.996001296014368 0.08911854422996258 -0.006269243337960647 0.005406605541231139 -0.08921202518806935 0.9958730797794112 -0.016674037678815187 0.0027860048130540823 0.004757404706491129 0.01716665503246968 0.9998413239386814 -0.010491456179201268
0.994243525518351 0.10548631822283071 -0.01877361533192621 0.0018910237118041793 -0.10596789720654091 0.9940075133470573 -0.026830359133348282 0.006199877870239666 0.01583087889105017 0.028665311395353485 0.9994636977880412 -0.017188867893809863
0.9914445072493101 0.11909320060925811 -0.053428443864810764 -0.0052271316443966934 -0.1202708274904366 0.9925518504093933 -0.01938433139562977 0.005359303932884468 0.050721958754937735 0.025644372044045776 0.9983835180342922 -0.018770030018447646
0.9876653649611429 0.12526219671323083 -0.0939495020250165 -0.012530056498923648 -0.12636881963626379 0.9919657819221391 -0.005899908417701936 0.002349263254568436 0.09245565574863418 0.01769942287692376 0.9955594819747909 -0.023393732561760985
0.9788408706931262 0.12506098144085234 -0.16195771294314396 -0.012157143378599522 -0.12635383910760933 0.9919824897655278 0.0023339540169747576 0.0022664653646054344 0.16095110190207257 0.018179409221321892 0.986794939122041 -0.02420569085307192
0.9743522050355478 0.1266462460317646 -0.1860067442552243 -0.014750647027997596 -0.12756428575972883 0.9918050760464617 0.007074187379728518 0.0017737047161582437 0.1853783524065767 0.016835067405137866 0.9825230007305111 -0.028186556398121357
0.9586003514642761 0.14266261140354003 -0.24644014583685392 -0.0253245873047345 -0.1424794974521735 0.9896216511935156 0.018670305160780224 -0.00023792729186013846 0.24654605853337738 0.017215307041806856 0.9689781598287512 -0.03469475701939219
0.9440164613994555 0.14888074920127456 -0.29439334762205255 -0.030339113931400853 -0.14683419287723318 0.9887307563336809 0.029175525392358143 -0.001313130049324866 0.29541943133271237 0.015684833346147592 0.9552388945148541 -0.03719477951534024
0.9259330814213861 0.15576115768235996 -0.34407323419142727 -0.03705610546303315 -0.15074860215734615 0.9877026747069024 0.04145220530247526 -0.0020836512229424654 0.34629869719232853 0.01348659090668274 0.938027357910531 -0.038611764841756574
0.917320719887495 0.15191381687776165 -0.36802838084408446 -0.03726821207667044 -0.14534754255534857 0.9883257582590383 0.045675895555747026 -0.005145907410861631 0.37067072819176045 0.011592575353608426 0.9286919960129195 -0.04141434470835921
0.9004754582530798 0.15192835712278702 -0.4075067157555527 -0.04393816422279962 -0.14217813364158646 0.988350200458833 0.054307085791649126 -0.006251058503503378 0.4110101305297735 0.009036346327913185 0.9115859899356396 -0.044153884140452695
0.8929042937080742 0.14422224819191162 -0.42652299516456993 -0.04395965402914275 -0.13416809441909533 0.9895019271971035 0.053710878908916224 -0.00850265138442906 0.429791629417831 0.009267103090550413 0.902880543639453 -0.047898170442516985
0.8745225864464308 0.13952438415514912 -0.46448163798063213 -0.04691270689768567 -0.127567767712113 0.9901760438160578 0.05725265839880025 -0.009029333188359238 0.46790673262520305 0.009184142796603123 0.8837301291033919 -0.04944118810383919
0.8719107278757353 0.13234332424396725 -0.4714413294814755 -0.045929270519727866 -0.12148136923977783 0.9911475669424429 0.053560969667333744 -0.009913382626570804 0.4743563634471809 0.010570954173256505 0.8802694447639496 -0.05351807307621825
0.861584142566904 0.12550118216577766 -0.49185589205807506 -0.04681979436396797 -0.1149336365998137 0.9920220222413526 0.05179349926506169 -0.009838045158382554 0.4944320220770443 0.01190632870245297 0.8691347507041896 -0.053695894116164974
0.8481851470610172 0.11556013156315699 -0.5169408208858978 -0.051055994352283245 -0.1057358867726733 0.9932088888983729 0.04853890461945577 -0.010017410582853279 0.5190393805420517 0.013489218152531858 0.8546438804789724 -0.05437365518080646
0.8467728411781699 0.10312702718954142 -0.5218625984932211 -0.049662017189404405 -0.0953138990169629 0.9945657545290237 0.041883416435370885 -0.011802938264519692 0.5233459812564094 0.014275019480286835 0.8520007087565143 -0.057774638119690566
0.8344686126149468 0.09304420463058259 -0.5431435450644215 -0.05454102517205025 -0.08694948483968692 0.9955270853349367 0.03695415336115352 -0.011975580374411657 0.5441524801437538 0.01638897035171288 0.8388262513799932 -0.05819735935801212
0.8304755771000082 0.08942087932614697 -0.549831085135195 -0.05621251708754306 -0.08288488711322654 0.9958804561815461 0.036772441907824166 -0.013045098813032535 0.5508542559776003 0.015034072507998375 0.8344660360585014 -0.06146474990177529
0.8172670669334916 0.0790298097401865 -0.570814182092874 -0.05635973033717056 -0.07470752132992357 0.9967224596844784 0.03103424910100135 -0.013036743483832013 0.571395946400276 0.01728084294687124 0.8204925623699328 -0.061460719455823556
0.8151826762927517 0.06033178597034646 -0.5760531918788524 -0.056871675473085144 -0.06253770361603192 0.9979140800883551 0.01601637873695499 -0.014128342476118615 0.5758178877897251 0.02296876929748319 0.8172552818662832 -0.06768152847264604
0.7920225022238201 0.04852434395930918 -0.6085603864978694 -0.05789122503127225 -0.054289297677173894 0.9984850509001554 0.008959647684650653 -0.014191160337718854 0.6080732095141491 0.025942073398881462 0.7934569810008154 -0.06773245831275788
0.7703147997075587 0.040057749456661365 -0.6364043416413572 -0.058882103824021606 -0.0488573627068482 0.9987987994382357 0.0037304624472230116 -0.014140199127180201 0.6357893263187377 0.02821940731494001 0.7713466131318392 -0.06750250192889791
0.7408584200132561 0.030104263695458527 -0.6709862403975319 -0.05902475587323354 -0.04298871410907615 0.9990720666795727 -0.002641219387920724 -0.014143632964750649 0.6702840979425883 0.030801605282220552 0.7414650963850752 -0.06748016010940877
0.6997581797431593 0.021986813646674336 -0.7140413642837544 -0.06104988947987744 -0.039052940033705866 0.999208965783204 -0.007504037125665513 -0.01426937936396558 0.7133115432665195 0.033136425940743466 0.7000632967943756 -0.06729940738873952
0.6863955937370516 0.0043253206932470575 -0.7272154979779099 -0.05822869139199434 -0.02794349544244736 0.9994006930163608 -0.02043075771662436 -0.01565765408207926 0.7266913030722315 0.034344525026826674 0.6861050966432649 -0.06917693684658595
0.6224490430783186 -0.009413582471607888 -0.782603714044301 -0.060664996594532915 -0.023744387626455525 0.9992402644124427 -0.030904660379875017 -0.016030549331455465 0.782300065721031 0.03781902222428892 0.6217526266376917 -0.06922252533516429
0.6005944328958785 -0.012614652213207586 -0.7994543124682086 -0.06098958820717194 -0.02360542798543544 0.9991599297736633 -0.033499529911800816 -0.015997156962420725 0.7992052996221319 0.038991092370274275 0.5997921171303192 -0.06924725867423141
0.5653704348194258 -0.022878704480907782 -0.8245197610205389 -0.06286224548565665 -0.020282627278931636 0.9989273752403266 -0.041625881685968986 -0.01607448167059391 0.8245877069558798 0.04025746982543528 0.5642999642570405 -0.06881803164267772
0.5309307114588409 -0.030500043501648744 -0.8468661800876246 -0.06402827841118856 -0.019135093103774477 0.9986657801406962 -0.0479636089955992 -0.016111557235016786 0.8471991665728419 0.04167021625058529 0.5296387119876251 -0.06856305632408018
0.45433846878816225 -0.043503618144875585 -0.8897662563772191 -0.07142246018296122 -0.021041457929074133 0.9980041275349567 -0.0595400577040979 -0.016948377831604154 0.8905806043404748 0.04577331789911432 0.45251628759754037 -0.06753140445611572
0.44828337769453586 -0.04832270432637318 -0.8925844103105106 -0.068868446252271 -0.01905703739716795 0.9977941646279094 -0.06358957744893338 -0.01654164746867338 0.8936883363949757 0.04551616505239723 0.44637365077981717 -0.06795729153218501
0.39689326070445957 -0.055191496310986556 -0.9162039283600208 -0.07179058273730281 -0.021134250128153714 0.9973763848590514 -0.06923648169143844 -0.01706677090221983 0.9176214268852382 0.04684277596858222 0.39468553464835116 -0.06742246425034969
0.34447388500991083 -0.06363713623192435 -0.9366365663577181 -0.07418611595627839 -0.02448045174333594 0.9967517266600462 -0.07672485179299796 -0.017408138389123546 0.9384766646159183 0.04935899403771246 0.34179707383031277 -0.06695790368909925
0.3168217728156005 -0.07000120765980117 -0.945898406382074 -0.0740182466076949 -0.025372146559182934 0.9962904682573356 -0.08222868744274567 -0.01739870542114188 0.9481456736435377 0.05005131152874038 0.31387043149250915 -0.06698780280915041
0.2784524040776175 -0.07776759895390926 -0.9572964322592751 -0.07493422682467993 -0.027775077424898223 0.9956476675115694 -0.08896216753660383 -0.01749712326651954 0.9600483340631524 0.05136071194710969 0.27508048555077513 -0.06664439698230486
0.23901753615171134 -0.08560326760112504 -0.9672345620313478 -0.0747186759787184 -0.030817699311064452 0.9949358977375857 -0.09567041759224795 -0.01745962253873343 0.9705260876561412 0.052674851391462094 0.23516903114515222 -0.06668237216752816
0.20758730604538728 -0.08975821984764433 -0.9740898173878001 -0.07491250931451068 -0.03292951924002458 0.9945758697655749 -0.09866349903925513 -0.01852626999946401 0.9776620873959655 0.052557599353761086 0.2035056304349615 -0.0694848693353535
0.19622729869529346 -0.0908035678850885 -0.9763450001439467 -0.07549746437963774 -0.03226935758184975 0.9945656918336798 -0.09898370163136234 -0.018782464714858407 0.9800273138071204 0.050929330318886204 0.19223076628174837 -0.07488596746205409
0.15507826342696965 -0.09759051741146949 -0.9830701008187739 -0.08156271442112965 -0.03893002519531214 0.9937320990174487 -0.10479011652186207 -0.019518453796066013 0.9871348364589129 0.05452161308815982 0.1503070469256127 -0.07349677631896781
0.13019675166322717 -0.10286129292374445 -0.98613810405764 -0.08380587683156723 -0.04102206313864727 0.993193488075281 -0.10901323580511513 -0.01949264263440848 0.9906391856736697 0.05464658875820788 0.12509098346763214 -0.0727369209480896
0.10796413126184613 -0.11426031447318251 -0.9875668721141679 -0.08412515123818355 -0.04766254332398454 0.9916361517307896 -0.11994175479971865 -0.020518804719810983 0.9930115952619903 0.06001935618645251 0.10161519846066577 -0.07508615501739781
0.07651959468987236 -0.11946382475846512 -0.9898854207445291 -0.0850007243955516 -0.05090399231864846 0.9910334566099641 -0.12353732814710297 -0.020490880170301987 0.9957678118891572 0.059842146132813696 0.06975229280603716 -0.07472143854421519
0.05209687411399546 -0.12377212706752862 -0.9909421659555755 -0.08473185192093309 -0.05294985272473816 0.9905515003474872 -0.1265070680071528 -0.020484193635361417 0.9972372981412088 0.05906086454258553 0.04505092091737968 -0.0748858984864432
0.03696089811880832 -0.12784021085767938 -0.9911058331470521 -0.083994492075525 -0.059113120465508456 0.9897670936469589 -0.1298720113129775 -0.022529768281277878 0.9975668052812706 0.063387544687519 0.02902564692486871 -0.07569076624862643
0.003547756291679896 -0.1359253460374547 -0.9907127301745398 -0.08600635856498298 -0.06872225377202132 0.9883435684116063 -0.13584639345931251 -0.023144631732967536 0.9976295230504097 0.06856596155532965 -0.00583469401126183 -0.07596976383058288
-0.03274828334645046 -0.1394035843638639 -0.9896939883642645 -0.08832438521829307 -0.07381528685232897 0.9878581526010625 -0.13670250095196013 -0.0234232412420571 0.9967340936101103 0.06857777341179613 -0.04264077425554214 -0.07486938649148353
-0.05088499315417962 -0.14924965565288703 -0.9874893709601087 -0.08880290453095108 -0.08129728015397586 0.9861078825116575 -0.1448516354341135 -0.024011354776863496 0.9953901093095431 0.07290942556258641 -0.062311683919385547 -0.07980565473169776
-0.07129053747751624 -0.15095681280916992 -0.9859663787029765 -0.08935968290272162 -0.08376338576377715 0.9858959025681938 -0.14488949066316556 -0.024030812987348323 0.9939322685533227 0.07225863246519673 -0.08292970253597244 -0.07938717878714144
-0.12728502255870802 -0.1566457709820859 -0.979418513948789 -0.09068635131561395 -0.09813256888573565 0.9845943507521367 -0.14472029363866334 -0.02450674114232354 0.9869997578298154 0.0776921289475502 -0.14069616605822136 -0.07820694408693576
-0.1466712282193755 -0.15912593275598447 -0.9763024574060822 -0.09045489371942654 -0.10017932585304355 0.9842912960705373 -0.14537794589073016 -0.024494569641652995 0.9840994123990973 0.07648256013181397 -0.16030834198953825 -0.07844155276684617
-0.17141297610448059 -0.16819137095771117 -0.9707364494848061 -0.08988703041826734 -0.11120379638494193 0.9823260650714446 -0.1505630019321637 -0.025892022288146355 0.9789031143543163 0.08214112621953919 -0.187086953288586 -0.07849380559870227
-0.21926905705022987 -0.1718734057640521 -0.9604064832201863 -0.09011411809409095 -0.12072761621239635 0.9815760820129734 -0.14809874376148174 -0.025966588131751005 0.9681662684187948 0.08347411341920638 -0.23597912849424435 -0.07836868269860518
-0.22958036916025587 -0.17375539435045237 -0.9576543828701233 -0.08979265791817366 -0.12215631833022293 0.9812991841136102 -0.1487606975984047 -0.02591814580202975 0.9655934382483364 0.0828309977730432 -0.24651234820932855 -0.07823603802326551
-0.24587320875023327 -0.17840418678027234 -0.9527425210192573 -0.08891434092177743 -0.12522997804568578 0.9805249706386342 -0.1512885803779622 -0.0253547064836348 0.9611783486000607 0.08211411628564094 -0.26342637318440276 -0.07996771128110179
-0.28395910353322973 -0.18382860768061432 -0.9410495579504871 -0.0900486819838567 -0.14093121435522496 0.978792063726551 -0.14867578419593874 -0.02981749392255939 0.9484227012998815 0.0904054145730363 -0.3038441058748922 -0.07733239846527722
-0.30266349641200274 -0.1874777872305338 -0.9344767986605125 -0.09005492973542585 -0.1487460146033584 0.9777404090399352 -0.14798079493648375 -0.030900944451723724 0.9414188393479689 0.09421131474275764 -0.3238129044605287 -0.07640147199227448
-0.3431229002875399 -0.1917359208102959 -0.9195129210453165 -0.09181098558282003 -0.15897453601168932 0.9766755380927399 -0.14433291444130514 -0.031326690360572326 0.9257395811988018 0.09665521176988333 -0.36560087231786753 -0.07546446822849477
-0.34947617415804816 -0.195750101868953 -0.9162686840191273 -0.09089615822615418 -0.15933630823423592 0.9761038960578733 -0.14776036335540454 -0.030149227240616153 0.9232975384859076 0.09435614298460455 -0.37231515374334745 -0.07422033476075408
-0.37715565567619935 -0.1949542507178224 -0.9053985042612473 -0.09200231567260765 -0.16380409630717682 0.9762237289316105 -0.14196988801800925 -0.03061408731427326 0.9115491371420646 0.09476323758667926 -0.4001226054319437 -0.07349171180122262
-0.3991283586877528 -0.20180575126323058 -0.8944109749149427 -0.09383680520240317 -0.16937588285547403 0.9749175484416397 -0.1443869247801448 -0.031169806957149365 0.9011150667912212 0.09386273220837729 -0.4232982682509234 -0.07256634715672687
-0.4114419699249898 -0.20684272289749667 -0.8876551094702199 -0.09472595196069987 -0.17719417933991316 0.9734790426493064 -0.14470928211638573 -0.03169952143192277 0.8940457081113338 0.0977478465590644 -0.43718146152458104 -0.0723148035039182
-0.4305540811486811 -0.20993604762229168 -0.8778097966615214 -0.09516320334159664 -0.18325210322872157 0.9726486626739792 -0.14273487892160222 -0.03242561471059202 0.8837657211435973 0.09940540683104605 -0.45724907350840055 -0.07005447152461469
-0.4542136142090144 -0.20947470467915974 -0.8659158970516468 -0.09547277254067514 -0.18858686215899126 0.9725453829679461 -0.13634688661187275 -0.03306770361550924 0.8707037315230752 0.10136974976443777 -0.4812475306372886 -0.06822099901368792
-0.47216070169064556 -0.21585449445252025 -0.8546760257569173 -0.09594244022174504 -0.1946767347889694 0.9711505331017065 -0.1377229501142456 -0.033351039138407236 0.8597471958145018 0.10135817323192685 -0.5005609653260903 -0.06646676881449823
-0.47990684033766473 -0.21060759527214612 -0.8516653482505894 -0.09595870214364699 -0.19979330276252721 0.971486769572098 -0.1276561503320736 -0.03894445779467505 0.854266972771602 0.10889397301985286 -0.5083011330614899 -0.06813094830277733
-0.502923027851191 -0.21031121768786387 -0.8383541135890208 -0.09859225892859977 -0.2098588820672299 0.9706332959536756 -0.11760210203729968 -0.04242307291711274 0.8384674577313536 0.11679125181599691 -0.5322895131643804 -0.06437238925876422
-0.5169200726920676 -0.21849498849521826 -0.8276796351551104 -0.09882947087804163 -0.21808594360005454 0.9685870918197464 -0.11948877254468271 -0.04241395410970536 0.8277875087557783 0.11873914924167284 -0.5483327956499283 -0.06286751916810054
-0.5293111076490334 -0.22693197149668823 -0.817515523786536 -0.09923072871950062 -0.22540527315196196 0.966550737698316 -0.12236067297185635 -0.042377168047292836 0.8179377813468695 0.11950544660166396 -0.5627577045922141 -0.06095365698264152
-0.5401231927413779 -0.24378386284158265 -0.8055037956961416 -0.09860404921720797 -0.2354874004645957 0.9626721626789924 -0.1334465864133433 -0.0406223442337637 0.8079682053678126 0.11760839859884098 -0.5773695902052102 -0.05893214781768609
-0.5455147865710755 -0.2520934182338571 -0.7992887626605781 -0.09691398225897417 -0.24257326440132934 0.9603624977148447 -0.13733930384483145 -0.0412782705777413 0.802229287068225 0.11896546333314742 -0.5850430663668588 -0.058010922056224754
-0.5549304274049363 -0.2621632670788727 -0.7895078480513672 -0.09609798051021914 -0.24979053496884387 0.9577628253021587 -0.14246072830503415 -0.0405099427219747 0.7935092371107908 0.11815579488012555 -0.5969776367303018 -0.05615190063265399
-0.5682551414301613 -0.28212103329230087 -0.7729772421050092 -0.09622285442140738 -0.26316540732797244 0.9523598285926093 -0.15412568010864983 -0.038545853884566994 0.7796345699262476 0.1158381606256618 -0.6154278657314584 -0.05312862521118034
-0.5761795889218247 -0.29067299800007135 -0.7638889248729306 -0.09623919778709461 -0.26925893414339497 0.9499554376469279 -0.158380216154015 -0.038473103948373936 0.7716972901946949 0.11442846987826401 -0.6256112351832276 -0.05134066133019058
-0.5838890678305099 -0.297289658343539 -0.7554418677237807 -0.09559534289912727 -0.2735653422082064 0.9481656382641462 -0.16169083448868393 -0.039082764541473775 0.764353033624202 0.11225320243593262 -0.6349516977946879 -0.04899395025002465
-0.5967182590157971 -0.3106400784329382 -0.7398851674606866 -0.09722067952676926 -0.28692879151303535 0.9436714210765328 -0.1647911333909129 -0.03914461490892542 0.7493992180126826 0.1139604787396539 -0.6522375497680336 -0.04736734912717847
-0.605004817531699 -0.3197538373562238 -0.729195895668235 -0.0972258796081075 -0.2925109687124984 0.9410381758078112 -0.1699543610949071 -0.03936597472700534 0.7405447346017028 0.11047459060015737 -0.6628641345595797 -0.04482030869964127
-0.6161176926471849 -0.32194783094529855 -0.7188522678247046 -0.09758915427827873 -0.2968745335885068 0.9402602857124273 -0.1666616525136681 -0.042238168097053726 0.7295645962584195 0.11072573893001628 -0.6748891098726447 -0.04117036872639412
-0.6219898379668188 -0.3252224499042419 -0.7122913726448522 -0.09754938107179457 -0.29829360297539814 0.9394868407771159 -0.1684796795776428 -0.04260029487929956 0.7239817455502322 0.10767931131333017 -0.6813630442173432 -0.038530570273749995
-0.6268325081328139 -0.33556858373035753 -0.7031889734353931 -0.09794279194509063 -0.30394434056086395 0.9363144463285654 -0.17587806980248874 -0.04168648475619202 0.7174251491193645 0.1034842172006441 -0.6889065046879923 -0.036420417311378614
-0.6316638398728684 -0.34385670296584936 -0.6948117451673602 -0.09862691033651284 -0.3078905535180279 0.9338078472332048 -0.18222599018813337 -0.04074116069214525 0.7114802881678594 0.0988204041235383 -0.6957228810937868 -0.033944032726074214
-0.6323599922168316 -0.340537042640829 -0.6958127354633292 -0.0979459052944576 -0.30978008137552865 0.934417981150543 -0.17578207441462876 -0.04325512819881028 0.7100402393009105 0.10439137460527095 -0.6963801400682869 -0.03422817850264828
-0.6352513346731105 -0.3515089017996662 -0.6876752385767707 -0.09811052426504703 -0.3150148411470773 0.9309132073758334 -0.184841148531154 -0.04299993687767449 0.7051392711040196 0.09920731973411849 -0.7020943783125337 -0.03189917182218603
-0.6345399018140722 -0.3616812413326045 -0.6830415746306283 -0.09775340310827785 -0.3190410412993089 0.927516079974411 -0.19474787638264632 -0.041161207507571455 0.7039686974379152 0.09434299686253658 -0.7039371221711207 -0.03027131087990951
-0.6341773133453088 -0.36222553685747 -0.6830898884381453 -0.09740482302252067 -0.32076909530290526 0.9271133669249646 -0.19382464334446 -0.0428065730345122 0.7035100018739437 0.09619493394856878 -0.7041450219563816 -0.02978983444767449
-0.6402427937627958 -0.3683905385778587 -0.6740753489938045 -0.09941238796809096 -0.3220149349831059 0.9253928691809947 -0.1998860158109812 -0.043253299261541145 0.6974206382683485 0.08908674848302206 -0.7111033712211544 -0.026118631552540426
-0.6404564349653075 -0.37938291363145293 -0.6677455801096945 -0.10000289736766996 -0.32355832871435025 0.92182853277658 -0.21340610131519158 -0.039873118955196254 0.696509556884254 0.07937733305851882 -0.7131435172287663 -0.023588337025315126
-0.6405496002419163 -0.3830886619469969 -0.6655368409919731 -0.10032436138337503 -0.32399762232469675 0.9205836694835722 -0.21806248693459349 -0.03890772750253579 0.6962196135975047 0.07595251521718167 -0.7137993170873196 -0.0218797999999176
-0.6446997570629022 -0.38036144468149025 -0.6630892810495722 -0.10152372487688385 -0.3220576788446345 0.9218307206616008 -0.2156547563623754 -0.04247984391805553 0.6932828244953393 0.07452042568530451 -0.7168023656597712 -0.018526336065114397
-0.6426662065433763 -0.3834844074725085 -0.6632645446521317 -0.101495785198257 -0.3198527136747381 0.9209574094966028 -0.22255716445041313 -0.0411582084949596 0.6961855991918007 0.06911699587483106 -0.7145267331312318 -0.017398542037786163
-0.6360180094149236 -0.3868633955964964 -0.6676958924895532 -0.09917462486409843 -0.31794615225785694 0.9197741387837586 -0.23005603206396136 -0.03984130557500238 0.7031296722257537 0.0659715603282172 -0.7079946449398916 -0.015976257578913942
-0.629068171400512 -0.39170976119635914 -0.6714437420322729 -0.0997405194635685 -0.31632871134279017 0.9180019534758133 -0.23918310934260467 -0.037927883302406686 0.7100770254775323 0.06193445243221322 -0.7013948541947687 -0.015683680812524477
-0.6175519780500932 -0.3940982799135002 -0.6806732697672441 -0.09753780184137005 -0.3173234818095656 0.9166940794460117 -0.24285339734267566 -0.03773574536345574 0.7196772625966903 0.06601901603209356 -0.691162880386011 -0.016314198818867857
-0.6213076655462917 -0.39474433615626986 -0.6768705148002514 -0.10034594060481225 -0.318623359860384 0.916467130907343 -0.24200651337875118 -0.03976701294080569 0.7158602791639523 0.06530625574173966 -0.6951828203259203 -0.011058357222068878
-0.6082602377016324 -0.40099773492012214 -0.684996569203145 -0.0988726605345906 -0.31743835004390347 0.9138763076393238 -0.25310667367123346 -0.03817609278658182 0.7274973382443073 0.06348945522245204 -0.6831666794589751 -0.011901202725626467
-0.6109696374897815 -0.4006962591181094 -0.6827580903909903 -0.0995366604069863 -0.3144166911090735 0.914326971935018 -0.25524171434966975 -0.03823652009594214 0.7265385374621366 0.0587256019202019 -0.6846116105219713 -0.008301209246660798
-0.6003976436158089 -0.40779450542123663 -0.6879144648056377 -0.09789655728394187 -0.3141266162833343 0.9113337490983495 -0.2660737993428241 -0.037262039196569514 0.735423101678864 0.05634216096842377 -0.6752617436331226 -0.007187178131235768
-0.5859900844038618 -0.41295726056908705 -0.6971957558129739 -0.09552133310355448 -0.31256521198596654 0.9090049318325931 -0.2757045922000332 -0.03602939473725408 0.7476085936079899 0.056358981957573676 -0.6617439504190323 -0.008459604937816476
-0.5810950813378707 -0.41542749782536453 -0.6998203344398362 -0.09596031018428391 -0.3094850558942694 0.9081004279440349 -0.2820861799982016 -0.03532413380276956 0.7526935011165224 0.052665043609719825 -0.6562612944235974 -0.006867387252935963
-0.5744216161836683 -0.41379021643364644 -0.7062701067189046 -0.09624935618957524 -0.30555156734841593 0.9088464335980921 -0.2839654905564243 -0.035664822276120806 0.759393209445451 0.05268602205348976 -0.6484952864349239 -0.005042685472229436
-0.5705384736836646 -0.41595990668353977 -0.7081406682845784 -0.09531671983712688 -0.3057726946239127 0.907846698590021 -0.2869101446126061 -0.03548788707950219 0.7622262848191076 0.052836804322523 -0.6451506512744457 -0.004046163236158253
-0.5587124001091973 -0.41644185761335356 -0.7172284386384531 -0.09562900913138983 -0.30132814994418966 0.907626034810056 -0.2922607174872849 -0.03572763867026112 0.7726847999122446 0.05283143157733229 -0.6325875748242779 -0.0032607520285155493
-0.5536909491945091 -0.4160104560851992 -0.72136095902666 -0.09612317989627808 -0.29860816200168216 0.9078476058698968 -0.2943567395224174 -0.036052412590353355 0.7773413010808407 0.05242160760675722 -0.6268911202831526 -0.002296401566729475
-0.5441996869818214 -0.41559949898839665 -0.7287823798154531 -0.09593412366092108 -0.2940960186779158 0.908057885197187 -0.2982254330686862 -0.0360779369054367 0.7857189271531393 0.052037809060348036 -0.6163909749027122 -0.0015821275809403674
-0.5469901623802547 -0.4232121111916552 -0.7222833731991335 -0.09791357828999567 -0.29074230332999335 0.9051321822181805 -0.31016873757250085 -0.032996415822775016 0.7850290920173509 0.04033908345081607 -0.6181440633321323 0.0030846967079815476
-0.5379243721987709 -0.42209908705695826 -0.7297052353520802 -0.09792857089173802 -0.28738748809728815 0.9055814793527726 -0.31197855044597134 -0.03311894469577137 0.7924934078461996 0.04188728875114685 -0.6084403451131364 0.003445858437506981
-0.5320648710335508 -0.42973281376284755 -0.7295455309900205 -0.09826626102558461 -0.28392797859300584 0.9022957451178715 -0.32441838929732275 -0.02990845953634 0.7976790557512052 0.03452675944316896 -0.6020930384070361 0.00535910073586137
-0.5288139998443758 -0.42875425972963066 -0.7324790361042989 -0.09820588315682721 -0.2802031033951203 0.9028270765796881 -0.32617401895661813 -0.03033414703643112 0.8011504068627374 0.03275751147853009 -0.5975658717040335 0.0109731272672252
-0.504617371188101 -0.42393096547420256 -0.752092976437963 -0.09333744993734663 -0.26725208260913547 0.905054135094673 -0.33083732692836815 -0.02962306209959155 0.8209370457204885 0.03405215206326132 -0.5700024718398806 0.00882306850646439
-0.5000557820522576 -0.42435415460180137 -0.7548958645457591 -0.09280509419216786 -0.2627435741858706 0.9049657944123918 -0.33466808208668103 -0.02936818104704437 0.8251727268033845 0.0309913280731051 -0.5640297053561358 0.013931174438823156
-0.5014939016417285 -0.42488160184271273 -0.7536441408461424 -0.09380795754739082 -0.26004184778919864 0.9048482228806636 -0.33708742330155156 -0.02952275481833325 0.825155805902455 0.026931727855285966 -0.5642628625208259 0.022476772759961433
-0.4980605899133054 -0.4232364352356758 -0.7568398566831698 -0.09427802948974986 -0.2559726357984684 0.9056637079084198 -0.3380107363678737 -0.030391256771477436 0.828500850028284 0.0253804662401162 -0.5594123465171669 0.028097052586832393
-0.4939109430106839 -0.421830958191254 -0.7603358620279189 -0.09361399536431925 -0.25313890769743674 0.9063203573085765 -0.33838454949627633 -0.03037201820394291 0.8318489488988006 0.025338757654989184 -0.5544233703375604 0.03274905259270519
-0.4895588742403897 -0.42286962210733425 -0.7625702533873688 -0.09423470790124953 -0.2490156212013299 0.9059180764799155 -0.3424962176501234 -0.030238948515901972 0.8356574232603885 0.022219842612529336 -0.5488013753117601 0.038041987651712315
-0.48454603852971895 -0.42072059778962667 -0.7669480524394651 -0.09488159499176875 -0.24383727036087402 0.9069567429751595 -0.3434717629658127 -0.03098581787051242 0.8400943531104753 0.020582637523528347 -0.5420496590760518 0.042876598280632304
-0.4854660610044655 -0.42333622566896384 -0.7649242731467983 -0.09375980215524547 -0.24418896300267903 0.9057804155652589 -0.34631429240806366 -0.030038262145845242 0.8394608114501111 0.018662229630407253 -0.5430996844270305 0.044417481482457576
-0.45433439620182653 -0.42196901496701084 -0.7845523607992557 -0.09376007522418332 -0.23046929988635573 0.9063903906230858 -0.35403440736179564 -0.03004096947767848 0.8605022709079909 0.019965224614203077 -0.5090552343000628 0.04442809229323806
-0.43052306241391436 -0.42374196849990764 -0.7969269959422643 -0.09060628950606706 -0.22090742962406287 0.9055592916760546 -0.36216332889463854 -0.028383806367420092 0.8751284478672996 0.020127428821898226 -0.48347190853490846 0.043914917715751664
-0.416854444104327 -0.42009815459304095 -0.8060706624967737 -0.08931976634109999 -0.21701749709235937 0.907144188960859 -0.3605451794023977 -0.029341932104133033 0.8826866818901454 0.024636577320352536 -0.4693157366546532 0.04239551598842195
-0.39270594444313905 -0.4183133734676848 -0.8190213445186281 -0.08917154319329644 -0.20568967913009933 0.9079563815054773 -0.365112263807765 -0.02943976933806733 0.8963669991127369 0.025082481168342344 -0.44260261187668404 0.043284748254082024
-0.38452499533823153 -0.41922801389926023 -0.8224283557381812 -0.08956682656573334 -0.19752334912868208 0.9076595432442444 -0.37032240022260665 -0.027251744919252516 0.901734470068166 0.02005058402456421 -0.43182510298864496 0.044221665404468036
-0.3734274714992221 -0.4187083188071002 -0.8277893858291622 -0.09077833028121929 -0.19111251654723613 0.9079240380610434 -0.3730280782057927 -0.02788612181590938 0.9077598413394783 0.018901980654303527 -0.4190641783529892 0.048895409299881454
-0.36238782769461014 -0.42086271389076524 -0.8315946358624938 -0.09040938413249267 -0.18397243712847977 0.9069884627435948 -0.3788483480589742 -0.026469293017836158 0.9136898843238793 0.015700461983815025 -0.40610871792871833 0.04895642548717736
-0.34006339692720194 -0.4163171355222191 -0.8432300568296289 -0.09098114197798979 -0.17065077603376957 0.9091011490282981 -0.3800176488987001 -0.02688754891254259 0.9247892725964113 0.014667770996199607 -0.38019686714201123 0.05022311569955657
-0.33181507622964646 -0.415520512103632 -0.8469010917502954 -0.09142835370863356 -0.16480348066252512 0.9094918772646103 -0.38165997687890624 -0.027430558717715086 0.9288372128356108 0.012931713375466409 -0.37026234326615715 0.05377315063252332
-0.32333460662977065 -0.4172560699529594 -0.849324498788876 -0.09064436214109167 -0.15726595460017934 0.9087484995630895 -0.3865793373494289 -0.025736229406641505 0.9331249389440092 0.008575350094280986 -0.3594500127855 0.05458975709324315
-0.3094442274551919 -0.41402169133442107 -0.856055085376658 -0.09040347561625771 -0.14844246562025395 0.9102364960961038 -0.38656740107679005 -0.02590951156913571 0.9392598705870668 0.0074538767945037596 -0.3431258300179327 0.05782629583081518
-0.2911492558550807 -0.41371976479715084 -0.8625938018738688 -0.09132281174507753 -0.13388357733124584 0.9104030234575905 -0.3914607548660056 -0.024474936569720614 0.9472630566722295 0.0015136365029320082 -0.32045344493158096 0.05826091325445844
-0.27152900776591943 -0.4142577706513488 -0.8687131272155512 -0.09110231060236855 -0.1259179365626468 0.9101568838086498 -0.39466329967141595 -0.02437311259486354 0.9541575714699615 0.0022240302824672055 -0.29929647925734754 0.05812323298969863
-0.24599520369126204 -0.4214619635110427 -0.8728437277510239 -0.09131152277161493 -0.1076308268499452 0.9068241477977337 -0.4075359739734738 -0.019253166322240757 0.9632766813706674 -0.00630700280048624 -0.2684366905681571 0.058257434061001444
-0.21853791821695664 -0.42112556060739326 -0.8802808872766125 -0.09216902325550826 -0.08487670780257997 0.9068700433259309 -0.4127743560235017 -0.01672918551120681 0.9721301984682861 -0.01549150480514397 -0.23392924251764508 0.05884047250948502
-0.1941363597113071 -0.42162329936580256 -0.8857453738349015 -0.09184894972543262 -0.07229009795953265 0.906617752792283 -0.4157143154365374 -0.016551383138050515 0.978307321640311 -0.016674644036995222 -0.20648665978991834 0.05837731712426166
-0.18707361359471308 -0.42001307071777977 -0.8880272988612624 -0.0909861046060728 -0.06712745228777112 0.9073390200674265 -0.41500579250467323 -0.016635482351236252 0.9800496764174584 -0.018025623132034964 -0.1979335966043509 0.058932136545399603
-0.14965097902100055 -0.4189699020941618 -0.8955829417855485 -0.09001049335469917 -0.05009422985605034 0.9078326088176483 -0.41632982418086373 -0.01625102223354058 0.9874690641296979 -0.017440628043339953 -0.15684601327502515 0.05823468257229051
-0.14877674048175255 -0.4174224501355439 -0.8964507680929594 -0.08725414319045251 -0.04760566801960714 0.9085120774173764 -0.41513793558185796 -0.015786448147946767 0.9877242438373316 -0.019086731244432966 -0.15503714015154962 0.06192048824654382
-0.1350787270087248 -0.4236054424267693 -0.8957187988739077 -0.08522013417548557 -0.03308234335016432 0.9054282468836778 -0.42320828005086164 -0.012346276094624197 0.9902824324747768 -0.027533958879274605 -0.13631795567815222 0.06420933917175359
-0.11034880069432698 -0.4226164497930596 -0.8995657166375488 -0.08229535886504454 -0.021976427002600614 0.90590941491997 -0.42290089691977967 -0.011676040118243318 0.9936499277117268 -0.026897366481921346 -0.10925361703309637 0.06072758970426793
-0.07152655265772433 -0.42186805753157264 -0.9038314523734124 -0.08215094371998599 -0.004151672419829794 0.9062704544815273 -0.42267792342392535 -0.01141219852015388 0.9974300556334851 -0.026480282634041216 -0.0665738593638764 0.056947603532314685
-0.04876573868774305 -0.4216914845300359 -0.9054270785684987 -0.08167340670458899 0.00528674755158388 0.9063839244912795 -0.4224218646378404 -0.011238207593008847 0.9987962520106699 -0.025386478657673458 -0.041971105189152556 0.05631430398185345
-0.02538677713644549 -0.4223887229525439 -0.9060592024085057 -0.08048848714629148 0.014495450918657941 0.9061004928945166 -0.4228141183534143 -0.010677684953727649 0.9995726053915676 -0.023867624490688084 -0.016880256274186135 0.05364784881689805
-0.0004134410291764963 -0.4227050414998235 -0.9062672216058251 -0.07981410570519593 0.024296145078314475 0.9059955274458205 -0.42258940069824225 -0.010251960273617978 0.9997047196051673 -0.022193515692596533 0.009895527290315715 0.05144737059853229
0.010488669691526155 -0.4211708725445517 -0.9069206602168444 -0.07910554065054716 0.029692739127734135 0.9067017818249059 -0.4207258253050671 -0.010123262279116174 0.9995040415381979 -0.02251610436104825 0.02201581234494297 0.05249164180965498
0.05326148647777496 -0.4204250904030093 -0.9057626385636537 -0.07962335386950892 0.04988676108267555 0.9070377704536061 -0.41808347735736834 -0.010194455521885288 0.9973337080069316 -0.022917816871785412 0.06928382598394074 0.05105990293162588
0.0774767217431327 -0.42033104624207945 -0.9040570607837587 -0.0787368913626745 0.05989314243673204 0.9071072536412851 -0.4166164205602274 -0.010081152044100478 0.9951935334782819 -0.02186874382308747 0.09545464350469843 0.046388776137364265
0.11095831264882736 -0.42168478390462666 -0.8999278837092587 -0.07907074906900624 0.07533393417810419 0.9064829003077562 -0.41546786856613277 -0.009977714895128869 0.9909657164682196 -0.021695494300488515 0.13234898681774213 0.04502455808270947
0.1216558944780113 -0.431135231310814 -0.8940482401198033 -0.07666171518723289 0.08227499828011038 0.9020190253682522 -0.4237835562309068 -0.004449568361702488 0.9891565437264018 -0.022002049819846513 0.14520758178194998 0.0435423895302209
0.13510715597634063 -0.4299776104352371 -0.8926731265857507 -0.07593546644933416 0.08957431144257781 0.9025450905626479 -0.42117550051118596 -0.004353352486975916 0.9867737831608476 -0.02305675661622986 0.16045524871678812 0.044305463652410323
0.16467566011821685 -0.42974979618490816 -0.8878046179445399 -0.07398563087771007 0.10314796846782671 0.9026608071937638 -0.417808525232864 -0.003972608144221595 0.9809395616273153 -0.02277234804158912 0.19297408271340957 0.03885307150443297
0.19574799378081534 -0.4302564578010649 -0.8812276116028464 -0.07493846498715655 0.11529308835461649 0.9024770667838063 -0.41502126175287674 -0.004080458522643019 0.9738532880821628 -0.020359873520541256 0.22626367106052656 0.034164446132497084
0.2269101618940542 -0.42849616885763564 -0.8745872236109645 -0.07351735702919349 0.12955431318982558 0.9033107800553113 -0.4089563724528253 -0.00445993990045547 0.9652603060123864 -0.020510190398634442 0.26048392220381683 0.02814185926044912
0.22664588771523062 -0.4363877225893448 -0.8707453113023651 -0.06851343133914375 0.13462254388289047 0.8994648031321674 -0.41574010944928924 -0.0005732548211178795 0.964628639560465 -0.022996162716657772 0.2626076241087332 0.029239548875566287
0.24911094289992386 -0.44279332052717096 -0.8613232920477801 -0.0681208697500027 0.1548051569754701 0.8961307376365348 -0.41591473217090585 0.0024393233911493835 0.9560225423604353 -0.02972837633501697 0.2917826625061392 0.0293879924346024
0.25576225949111653 -0.4444002096392473 -0.8585418570416844 -0.0666683590644627 0.16611923532629114 0.8950729956534982 -0.41382210200335756 0.0021393685693275252 0.9523602607598696 -0.03678024095163195 0.3027493147819357 0.030340000654492313
0.27499446143388945 -0.447167632056399 -0.8511281660371429 -0.06687447714855284 0.1834878045864639 0.8933966891932035 -0.41009094272692537 0.0028817484106068883 0.943774481403648 -0.04339890067374731 0.3277289484796608 0.03018012557846765
0.2843989362456421 -0.4502665964050471 -0.8463907119198282 -0.06523291075763268 0.1958349277261656 0.8915163273125901 -0.4084694838265817 0.003661580497848557 0.9384913031801813 -0.049584577207826545 0.34172422149781095 0.031046965168406368
0.28195743346761337 -0.4529888512466421 -0.8457547554454519 -0.06197791249698046 0.20356371138324847 0.8896959621027928 -0.4086598957884902 0.004993014685060432 0.9375829675928601 -0.0569402815608384 0.34306848181600286 0.03398421831094671
0.3068838380369902 -0.45204961559989926 -0.8375401214196618 -0.061959492325674416 0.21327685347314576 0.8902864723631263 -0.40237169495357306 0.004376507808525779 0.9275426101933439 -0.05514655168909606 0.36962624922009996 0.02926631611807843
0.31240756432550776 -0.453540279218241 -0.834687204214151 -0.059425320038856956 0.22200396670048286 0.8891921216604065 -0.4000645067314923 0.004425725956909142 0.9236426541262891 -0.060320692168602 0.3784780859902516 0.02953308346659625
0.33745881263580396 -0.4531522253154421 -0.8250906680275134 -0.059504516757816074 0.23217385100821764 0.8894949339182082 -0.3935658336820571 0.0042198136718573365 0.9122592025748212 -0.05875221889851907 0.40537800149003067 0.027276498179863343
0.33781628848655965 -0.4632047578948297 -0.8193421187127815 -0.055396204357724715 0.23144922401449447 0.8846699902454964 -0.4047101000248426 0.01023785058724728 0.9123110280689668 -0.052918433675044174 0.406064314414754 0.0251511283522344
0.35511352178387495 -0.4631197015218103 -0.812043427846439 -0.05556461929399849 0.23968183928273418 0.8847292008590552 -0.3997584984279129 0.010216662737860628 0.9035745694541764 -0.05267241412391623 0.42518068421091 0.0246458567420976
