1.0 0.0 0.0 0.0 0.0 1.0 0.0 0.0 0.0 0.0 1.0 0.0
0.9999876562903346 -0.004940433904850657 -0.0005285638991382105 0.00033748511142648425 0.004933462566651164 0.9999101440108593 -0.01246454376566948 0.0033609731201310103 0.0005900966591346034 0.012461782256749643 0.9999221748560826 -0.00279142779664308
0.9998875264116786 -0.00919103027354882 -0.011851560608023056 0.003759446490996456 0.008817346272787331 0.999474076061672 -0.031206180243227966 0.009111856680849696 0.01213214453593005 0.03109817105840433 0.9994427021224286 -0.005529157483949389
0.9999739615295915 -0.004414623366651276 -0.005708534255477384 0.0011976228730299298 0.004200112638499044 0.9993042776384944 -0.03705832898595493 0.011151101779650795 0.0058681612656148446 0.0370333875568785 0.9992967991990281 -0.007669876455459262
0.9999775452265411 -0.0018538331231898436 0.006439902596515332 -0.002017724878433727 0.002132166448587999 0.9990517768616386 -0.04348564149048145 0.01427331831901018 -0.006353181009286331 0.043498395974501544 0.9990332960611016 -0.009649519131502408
0.9999709894854021 -0.005087049682175494 0.0056694014778775875 -0.0013005083643472955 0.005372984656645936 0.9986525346806641 -0.05161633473780404 0.016479518496856593 -0.005399187296781796 0.05164529892852465 0.9986508958966179 -0.012045525435896699
0.9999512516974876 -0.008957277932267523 -0.0041546841844522925 0.0013226572767407354 0.008683521838821545 0.9980513017849364 -0.061791548401615014 0.01990654304993774 0.0047000720316962615 0.06175245887767173 0.9980804291966949 -0.014315245748842274
0.9999928018528179 -0.003140221495021241 0.0021296129961931713 -0.0017055718620697315 0.0032548022620762893 0.9984184664429431 -0.05612461249716716 0.01845452135549104 -0.0019500012272128777 0.05613113997314324 0.9984215004798974 -0.015841066143478532
0.9999383712865679 -0.0013260551228088068 0.011022486406320298 -0.0036261227707704217 0.001980892302103151 0.9982196390077308 -0.05961231722524924 0.02025727564353384 -0.01092381318284569 0.05963047775330629 0.9981607467880407 -0.01723091259301321
0.999924404470397 -0.0049337378461391515 0.011262485311338602 -0.0034260804751249084 0.005660717300236589 0.997839315375046 -0.06545729120203199 0.023348265480281766 -0.010915201517578518 0.06551609666888278 0.9977918116787212 -0.019178499094584855
0.9999591186656174 -0.0074318901391943306 0.0051505345781961386 -0.0020184712349955573 0.007794152310183175 0.9972050315708993 -0.07430596341780694 0.02546090893421282 -0.004583905239849079 0.07434306974185119 0.9972221897822526 -0.021200356176662962
0.9999706451170126 -0.006438765120540302 0.004153457353646779 -0.0019059269269422097 0.0067758461226106155 0.9961829943076482 -0.08702602921868653 0.029559621168402918 -0.003577263421772691 0.08705161776768712 0.9961973795540924 -0.023377051055191098
0.9999688103018924 -0.004276206417240818 0.006640217021717795 -0.0019110799648389973 0.004908215041469195 0.9951465595881009 -0.09828140396369088 0.03602106663887227 -0.006187717553755954 0.09831093020943629 0.9951365098079916 -0.025129215816620004
0.9999407667801337 -0.005614705720257504 0.009324055492854309 -0.0026791052085647082 0.0065615202887922015 0.994467992684223 -0.1048349082038669 0.03806473682339454 -0.008683857590880313 0.1048898784739898 0.9944459281484608 -0.027092597098862546
0.9999206662527563 -0.011707070681194502 -0.004648192843484492 0.0019154957769718338 0.0110763938418187 0.9929408892826488 -0.11809192982606861 0.04275332850777552 0.005997891304919077 0.11803107593616913 0.9929917876867084 -0.02911081920570409
0.999841434605987 -0.008639523968875542 -0.015571264259332602 0.005897209898225981 0.006818769943714178 0.9935251767163474 -0.11340735252710475 0.041602154740827346 0.0164502286153549 0.11328319317685018 0.9934265489316053 -0.031728037658835084
0.9999408227995983 -0.0059433349525555915 -0.009111951959088486 0.005140495857441433 0.004833482378522634 0.9930822710039581 -0.11732109983169803 0.04254762500381171 0.009746196538112447 0.11727011463823377 0.9930522301801532 -0.03370647444941752
0.9999303634773353 -0.011791353766667711 -0.0004818427480611979 0.002556604534079499 0.01162957959225284 0.9915053305919911 -0.12954509749957888 0.04750450340569068 0.002005261726564687 0.12953047280087124 0.991573414095694 -0.03561085203129641
0.9998068000883246 -0.01673996244473714 -0.010302240265784504 0.004899294751476263 0.01525398682593989 0.9913376833158982 -0.1304488923823543 0.04770516468194026 0.012396708557484657 0.13026653943057592 0.991401508129639 -0.03767759051785566
0.9995956245827513 -0.014185950428857086 -0.024644393387729748 0.010009186741365892 0.010589514498040282 0.9900418069373631 -0.14037479367357186 0.0508379748618279 0.0263903296249774 0.14005705739673413 0.9897916806963233 -0.04091116716110881
0.9997536923759295 -0.012826171104273105 -0.018111982649591366 0.009197962330821888 0.00997158729736715 0.9886774132207762 -0.14972488114487414 0.054249563888750275 0.019827305098428588 0.1495073975490163 0.98856179172101 -0.04266285419130841
0.9991081694524363 -0.020376572981176146 -0.0369819010726151 0.017156677820879256 0.014563586327601567 0.9884040670331559 -0.15114662492294204 0.056029900869636995 0.039632911660391276 0.1504732386368447 0.9878193340725107 -0.04583381676747766
0.9989324240880231 -0.01934575355502822 -0.04194942103312056 0.018091986465551543 0.012814620992464446 0.988494814442111 -0.15071093958262352 0.056116143808704624 0.044382401855300575 0.15001247828246086 0.987687429688719 -0.0472284283975279
0.9988094554933087 -0.01803159399239107 -0.045326959254437194 0.01953657826359643 0.010389155915239902 0.9864878832486844 -0.1635045003750658 0.05910879731303445 0.04766274285570094 0.1628389321434668 0.9855007585597517 -0.049506077946112816
0.9987213939856385 -0.020240186127066167 -0.04632399012309382 0.020296841156441713 0.01198186536565084 0.9850142736987665 -0.17205614058223068 0.06256055663905725 0.04911223979561697 0.1712811007532197 0.9839973437093327 -0.051625711653345015
0.9984703756470259 -0.021902355943580167 -0.05076608867548917 0.02191048185490147 0.012633862906172185 0.9842786054167191 -0.17617040735318726 0.06604932614477747 0.05382652193254684 0.17525956100321763 0.983049740254075 -0.054074900888652265
0.998494262582378 -0.02190729325814137 -0.05029192869809919 0.02193085155568926 0.012620711400869518 0.9839428806592969 -0.17803686484439551 0.06705029363787884 0.05338469100602578 0.17713406815739127 0.9827378066728703 -0.055948220595622725
0.998089748901134 -0.027739983039759625 -0.05520277601193874 0.024371909322799354 0.016901614371820108 0.9820429869443007 -0.1878986621164271 0.07021804766352784 0.05942380474268459 0.18660671245823593 0.9806358887453754 -0.058142831039545866
0.9978102420894603 -0.028783186814943247 -0.05955038990760282 0.02586130900727017 0.016944634489921378 0.9815409543790324 -0.19049995863175997 0.07254701585641757 0.06393434244108874 0.18907375024967188 0.9798793378896967 -0.0598491966297567
0.9981644905606814 -0.02656724047683091 -0.054422711409672905 0.024431734088219973 0.015605529935303944 0.9811274583774955 -0.1927313618826869 0.0742386899496725 0.05851595696194861 0.19152830639663435 0.9797411855330288 -0.06159171204981223
0.9979865657600725 -0.02901427739353151 -0.056400232887341875 0.026256018855327603 0.01682049554600769 0.9784656238903618 -0.20572334285256286 0.07835867885449731 0.06115460319552333 0.20436045256403576 0.9769835822242977 -0.06322453722289285
0.9968126020036745 -0.033282074351580364 -0.07250475855775591 0.0327992232369565 0.0173348281320379 0.9774687728043743 -0.2103670647367239 0.08048281347219247 0.0778725896596183 0.20843968364773555 0.9749301298352292 -0.06641411365428888
0.997357974612017 -0.03096867726933053 -0.0657115781731169 0.02991972899845282 0.01635202999221393 0.9770704175726941 -0.2122875649195142 0.08185930240488229 0.07077910421125236 0.21065217808632128 0.974995373463147 -0.06793997232832978
0.997118503892546 -0.032206475405461676 -0.06868356526161652 0.031756230471403496 0.016094921097585677 0.9746066655814234 -0.22334457888904377 0.08511676532783613 0.07413260220680115 0.22159555579076748 0.9723167009487337 -0.06979752450578479
0.9968143307409073 -0.035576942051481826 -0.07138256946777037 0.0334896720729242 0.01819381086623474 0.9728328599727453 -0.23079257311147353 0.08831158898563071 0.07765420320703331 0.22875862333804295 0.9703810163913783 -0.07170187134100021
0.9964122485270066 -0.03969370985654806 -0.07474650749819398 0.03539145925125918 0.021364806706743615 0.9725602826271407 -0.23166795568356405 0.08952375905516366 0.0818912450737981 0.2292398439496119 0.9699190264791288 -0.07357319836569894
0.9958164889090481 -0.04380562208222045 -0.08019094643938282 0.038243117995158296 0.023759940478459158 0.9715429436316934 -0.23566878008749156 0.09116018781885611 0.08823256567341987 0.23277752501789337 0.9685193019249694 -0.07553178311785813
0.9950318801031304 -0.04743352004923061 -0.08753067321897579 0.04208972612902269 0.02453373390635613 0.9689165469282592 -0.2461682777882491 0.09466868246310459 0.09648654558558922 0.24279783002399263 0.9652665747121882 -0.07689246658254664
0.993890891597046 -0.050649603642477004 -0.09805872348387533 0.04711584010566955 0.024671685448044697 0.9679553896357608 -0.2499073260475517 0.09711999810655551 0.1075741769086795 0.24596134112080398 0.9632916563203875 -0.07891396285220707
0.9942732742368062 -0.05040211607014877 -0.09423525260787542 0.046656774506099036 0.024870759759014496 0.9667157091103766 -0.25464128311849454 0.09952240128527913 0.1039331585560076 0.2508393199936468 0.9624331322734564 -0.0799088751642937
0.9943620290272993 -0.05519196980821464 -0.09054281692878563 0.046810718051229286 0.0291006980146471 0.9631194627192589 -0.26749588764395776 0.10238853273596968 0.10196717414820701 0.2633528944212644 0.9592955479914265 -0.08128761104305922
0.9935963068942492 -0.06427552981672713 -0.09292489006120007 0.0493422410812982 0.03544385865406126 0.9582238277275007 -0.2838147791412039 0.10792834357812289 0.1072851891447185 0.278703699727934 0.9543658292018543 -0.08204677653364083
0.993035170244255 -0.07439784388205517 -0.09135705492003822 0.04946456230875728 0.04444679315896662 0.9546723937423688 -0.2943214283807786 0.11327995961437505 0.10911293798558255 0.2882110016149957 0.951330008625942 -0.08308691764049661
0.9928762247444622 -0.07617708246935648 -0.09161798100612661 0.05032631818803535 0.0455630788062221 0.9532270794545146 -0.2988011727626192 0.11539324744255214 0.11009454203946772 0.29249818307311815 0.9499073663847671 -0.08440713855984598
0.9928523559456737 -0.08296079135651781 -0.08580038689087265 0.049608382726503836 0.05223854766048469 0.9484544084479929 -0.312578580894298 0.12104237923160488 0.10730952162527979 0.3058622928591724 0.9460089451878788 -0.08478677387423364
0.9918486185913288 -0.0959809225616093 -0.08380918984630023 0.04925523268893478 0.06319867307259437 0.9416829018232817 -0.33051360053037 0.1302438314346347 0.11064468139198637 0.3225228285221185 0.9400727522706727 -0.08467353421099903
0.9919026181383248 -0.09903965193032067 -0.07950058789629054 0.04744325235865035 0.0663146795614298 0.9377711203136683 -0.3408631531572674 0.13765282031045278 0.10831232342166691 0.3328309980322906 0.9367454122352716 -0.08462771900279077
0.9918384351105586 -0.10222979882636368 -0.07619440182426802 0.04755440174462288 0.06979542376954216 0.9354377888598123 -0.34653245445974823 0.14238014956651826 0.10670106587221541 0.33838618678218607 0.9349383247769576 -0.08513728195739781
0.98927131885782 -0.11540050723430294 -0.08958225614134308 0.05322790554255332 0.07629990579831081 0.9310582269479087 -0.3568037309331111 0.149417698294795 0.124581628101725 0.346140579768805 0.9298742479372349 -0.08689069447445578
0.987874859424985 -0.12173991679161338 -0.09634653483979334 0.054499700670957454 0.07962934812559777 0.9300478124882223 -0.35870633309570554 0.1520255742009212 0.133275763112266 0.3466849566183191 0.9284649222352973 -0.08832846290858117
0.9885455930953425 -0.12118685618328758 -0.0899519664053388 0.0518846871738288 0.08077128631722687 0.9282906189837696 -0.36297730784911725 0.15393209975010924 0.12748964537732704 0.35155408203453314 0.9274460187668173 -0.09012659558933626
0.9883065142963428 -0.1286777711014598 -0.08180626518654817 0.0494210309980841 0.08850669981778406 0.9209840843414993 -0.37941386437110763 0.16039602769047787 0.12416439862849661 0.3677367912162348 0.9216034149780536 -0.0914158867892419
0.9852859085222759 -0.14201805576294016 -0.09509232516216201 0.05388225916819589 0.09536442157942213 0.9185249739238809 -0.3836893266367448 0.1619726639664116 0.14183548767587822 0.3689752621998536 0.9185531831746566 -0.09487974592535012
0.9847211842705298 -0.14478942758055763 -0.09674818297900029 0.0525663146489022 0.09691365578268507 0.917257260313979 -0.38632481375667654 0.16319725797492926 0.14467872190366815 0.37104600801273946 0.9172747284026365 -0.0980186575226099
0.9828920673713668 -0.15441210397771782 -0.10039963169062673 0.053244268276536 0.10161291800932239 0.9092562388187291 -0.4036432918591009 0.16684637269505515 0.15361640144226077 0.38653589007282996 0.9093910088039879 -0.100117707940801
0.9792778739838528 -0.1697927775054758 -0.11038685715536888 0.05678725039312112 0.10520630830845354 0.8922527330239969 -0.4391089763410866 0.18138419607110698 0.1730505077073468 0.41839631107143627 0.891626630750811 -0.0986424497534733
0.9756178732823948 -0.17977910462092692 -0.12589376026488963 0.06250450240221196 0.10615716083793825 0.8885874811499651 -0.4462543507310499 0.18861545448261838 0.1920948269338971 0.42200919644631013 0.8860066679094325 -0.0991400795998129
0.9748358355618751 -0.18845570161991348 -0.11907788304855539 0.06093615084090811 0.1172639749133907 0.8877918696251199 -0.44505590257297845 0.19016796029554126 0.18958969880215287 0.41989289676592856 0.8875503936980852 -0.10056784711824035
0.9712099091066692 -0.20591863927592968 -0.11978658711125922 0.06178952867898202 0.13225219406357097 0.8842795652492766 -0.44783814894214224 0.19077280626026433 0.198143053419456 0.419102808963746 0.8860542680334608 -0.10301016186437484
0.9671716754913388 -0.22087886002130058 -0.12566415289558788 0.062482836029503566 0.1403101083991343 0.8764392695666466 -0.46061619624423633 0.19523359751281352 0.21187737870829507 0.4278629873653202 0.8786587736058435 -0.10457160902477944
0.963513181525719 -0.22591142399292807 -0.14354921642305493 0.06849374916530128 0.1372013770801516 0.8773469730026611 -0.45982395662947 0.19597848263230935 0.22982195533389713 0.42335129322178505 0.8763307317297198 -0.10796845875759299
0.9640083976769456 -0.22928928822320158 -0.13458912108496746 0.06542303517119262 0.1433641511069702 0.87460986060547 -0.46314610212012036 0.1981457474169059 0.22390741252960872 0.4271814767025607 0.8760031144787757 -0.10945021445952209
0.9621078801408329 -0.24053973841261317 -0.1284097395655906 0.0624503086604733 0.15375001657692416 0.8675083159432929 -0.47306474627880485 0.2039113015344488 0.22518738724339535 0.4353963206248139 0.8716195756250927 -0.10965165803049155
0.959413822002844 -0.24964816652986468 -0.13115224396925382 0.06141773363749851 0.1538763229369201 0.8531862737377205 -0.49839267605469373 0.2167729434384207 0.23632011211343523 0.45798359714494435 0.8569736456606295 -0.10721698838890904
0.9569364125619036 -0.25228214336619964 -0.14361901841925115 0.06519590160959268 0.14864772450337435 0.8507851128097637 -0.5040521260953565 0.22163561893153794 0.24935227352707673 0.46099719300646075 0.8516484202574683 -0.10828210010405583
0.9543496384575817 -0.26252571732587515 -0.1424675939237293 0.06385074586837673 0.15369356014057187 0.8405899855549352 -0.5194100169962769 0.22853901845164953 0.2561153200165867 0.4738024102168437 0.8425652609296864 -0.10803964368766057
0.951440886321248 -0.2684919545441342 -0.15057327180249283 0.06338033041439375 0.15534540294834287 0.8410689762259406 -0.5181416630739779 0.23051375889376768 0.2657593754113936 0.4695902975736623 0.8419364030647591 -0.10954048306734085
0.9499498461473999 -0.270955721133413 -0.15549368794135132 0.06311725010481031 0.15379366980685472 0.8388532418372106 -0.5221807596862842 0.23425898381586646 0.2719242485176168 0.47213158742481565 0.838539782731775 -0.11048133439984889
0.9494154927757564 -0.2753147541310862 -0.15103644671107103 0.06060315369436998 0.1587026073009602 0.835704729813567 -0.525748121254953 0.23566216524812092 0.27096808762886476 0.4751835337266796 0.8371241871800033 -0.11262530517425547
0.946391905099626 -0.28368888442233675 -0.1544764668715265 0.05961171357283969 0.16333882198450583 0.8328632505997782 -0.5288281715577258 0.23659917463400065 0.278680446380104 0.4752466966277441 0.8345524466142332 -0.11530386478240567
0.9426981804737208 -0.2904534027469377 -0.16418575262263407 0.06021143415665797 0.1596837482473337 0.8248429904008148 -0.5423422735988095 0.24256579413790907 0.2929526259947469 0.48504727812798665 0.8239586742691729 -0.11485513905581568
0.9390201586232991 -0.2957134502203479 -0.1754841789388763 0.06375043715920488 0.15813339618260724 0.824532524188943 -0.5432678396209064 0.2435056594209884 0.30534402026374885 0.4823895437438395 0.8210148338341889 -0.11728048845821955
0.9367598555133376 -0.30492280090008 -0.17176454404177977 0.062122402294889786 0.16848759227933602 0.8231052418647606 -0.542318810352977 0.2421279157302503 0.3067456672009287 0.4790822959638624 0.8224276559962282 -0.12110441593650886
0.9345887543721534 -0.3102933500219238 -0.17395946980052066 0.06023222427247837 0.1741682519394665 0.8255343453139328 -0.5368039350856596 0.24122878786376975 0.3101762083356126 0.4713927042703036 0.8255783658401376 -0.12334449843153648
0.9356888689579215 -0.3064773197432866 -0.17480844656714087 0.05790336905865749 0.17143605822276772 0.827954927711027 -0.5339478585218507 0.24285359160870135 0.3083764233032187 0.46964059679929854 0.8272494734895345 -0.12474233491662105
0.93764477289761 -0.30457334393227625 -0.16750330750077927 0.05495992857720679 0.17061587748839419 0.8231228416655824 -0.5416262640209062 0.2464615794274706 0.3028407208528189 0.4792743115318095 0.8237618782749384 -0.125898237110085
0.9373525852430297 -0.3095824681134874 -0.15977742761407226 0.050536514542160495 0.17837266940824725 0.8204302507891642 -0.5432102672061783 0.24819559939554933 0.29925461023413674 0.48067962202156284 0.8242534678282051 -0.12764100255738867
0.9354723658308546 -0.3102594004936781 -0.16920566530742118 0.05094661728463389 0.17340712527564683 0.8201776254561793 -0.5451959570692926 0.2494872988483742 0.30793087157746973 0.4806742837997147 0.8210546944163774 -0.1289544713034681
0.9383639913953349 -0.3025482210748701 -0.16714542643173733 0.048485681766725804 0.16804107628382314 0.8218883082059701 -0.5442993712247931 0.24848609733694485 0.30205167825057777 0.48266363314295996 0.8220709220664889 -0.13192363738091972
0.9394905858833661 -0.3033158495893479 -0.15923860846045265 0.04579865128208659 0.17247645112228951 0.8204177854511574 -0.5451298296036292 0.24948626200053597 0.2959887039141699 0.4846794329279022 0.8230896272289531 -0.13336850729522537
0.9335942637186972 -0.3158115743276022 -0.16930682287570234 0.049127691931256844 0.17560993252043786 0.8150971374952274 -0.5520668510672019 0.25477144247595646 0.31235060805401166 0.485674485605132 0.8164296611959166 -0.13312194265106678
0.9315420535968684 -0.3179948891025491 -0.17637645218448597 0.049298888751291674 0.17362751340945382 0.8151433747630505 -0.5526253388754061 0.2548720042149512 0.31950412981333937 0.4841699382288872 0.8145529951744428 -0.13475336837880536
0.9299889946779144 -0.31818967676090687 -0.18405379480127865 0.05226086971861074 0.16538230684022154 0.809354283176759 -0.5635550877133875 0.2581277971864214 0.32828213835383885 0.49366078830126475 0.8053135189052797 -0.13547438534940603
0.9255958715728209 -0.3252270330523879 -0.19364828813932392 0.05632761819367237 0.159336003696083 0.7988459538641463 -0.5800492909409046 0.26863153219490926 0.34334286136966946 0.5060360846489358 0.7912288926598057 -0.1335161835849838
0.9248395240741415 -0.330303449267063 -0.1886040458542599 0.052867248227503404 0.1650894476385851 0.7953074550365529 -0.583293687812298 0.2702401510453961 0.3426621207380566 0.5083165188792941 0.7900613822012394 -0.13462938405496408
0.9239376635518797 -0.3332984206627951 -0.18775344645033776 0.05169463263015052 0.16407066569826306 0.7886294521974053 -0.5925743867095097 0.27158917492671614 0.3455720048378091 0.516696961390822 0.7833289472257922 -0.13673290873373886
0.9245370981507532 -0.3336817952905909 -0.18408588657100353 0.049330722764203846 0.16743580318971435 0.7895966714601582 -0.5903408746048816 0.2706225132656823 0.3423396061708315 0.514969470853068 0.7858816947455326 -0.1387668557767112
0.925068896239332 -0.335114221815745 -0.17873442742619955 0.045919060356472495 0.17182926281883454 0.7889650555408579 -0.5899227454290512 0.27207509377587574 0.33870671922723966 0.5150073780755382 0.7874294627952898 -0.13947238935968065
0.9242486018186584 -0.34076916738617924 -0.1721653176315858 0.04222289205016135 0.17788488208423767 0.7833626135529138 -0.5955669436876323 0.273212637556952 0.33781872470621294 0.5198263077668156 0.7846394834517232 -0.1409370606277343
0.9243834999552759 -0.3426882954939796 -0.16757051393925204 0.03918381312973651 0.18181471923073467 0.7819731485725051 -0.5962058392725232 0.27630283705397124 0.335348405216849 0.5206560544572921 0.7851488521773946 -0.14823542184390145
0.9215442915947644 -0.34481917714443333 -0.17848208230110812 0.04123162241944674 0.1718622622074187 0.7744520162926355 -0.6088410607779521 0.285200242558327 0.3481658820993993 0.530399669620663 0.772953238565075 -0.1470279689645433
0.9226479967278609 -0.3475975376781929 -0.16702283057750608 0.03610070769842221 0.18018181905186056 0.7714771725866324 -0.610211016174651 0.28623363856624573 0.34096214777776784 0.5329154942181676 0.7744326244451334 -0.14839691971904578
0.9232743636205962 -0.3522511822539079 -0.15324344710853668 0.029215868315120127 0.19299752713926407 0.7702781240638716 -0.6078022425976839 0.2890408907948202 0.33213913349545615 0.5315926223993032 0.7791616519128226 -0.1583709700578427
0.9111620454157692 -0.3657471500620722 -0.18977025376813786 0.03901024118710954 0.17489081626106556 0.7602896354078248 -0.6255980120484537 0.29871944186217847 0.3730910470398483 0.5368320896825283 0.7567128769261157 -0.156064939673429
0.9072789998273862 -0.3658202818779539 -0.2074134466203951 0.044510400024376374 0.16092569274868657 0.7577019720105003 -0.6324481346519703 0.30620163991416616 0.3885199324173384 0.5404287584669552 0.7463169696156529 -0.15535748855713985
0.9096259141876795 -0.36730825227229436 -0.19407561426129735 0.04058729057076759 0.1738500633469703 0.760865602044198 -0.6251877246876948 0.3055186869431966 0.3773020695841495 0.5349468977745303 0.7559596317588146 -0.1578171501594946
0.9095578436889924 -0.37585377145859744 -0.17730897175320226 0.033557295903518386 0.18427359362890455 0.7471806503649899 -0.6385642633370914 0.310194579208426 0.37248861952403256 0.5481377730101256 0.7488639463377706 -0.15725486187552204
0.9097426949710417 -0.37797069694100405 -0.17177421576231056 0.02883474831775338 0.18849635614432161 0.744670494085524 -0.640261648827053 0.31217206721149865 0.36991533175463176 0.5500945441397815 0.7487046412574897 -0.16318952621493374
0.9069369820905372 -0.3806979554114631 -0.1803728839433439 0.03277956579170212 0.17980764727423085 0.7370331507172774 -0.6514993052379034 0.31582384439728367 0.38096524841278395 0.558436389832625 0.736895025096852 -0.1645914849765545
0.9055943081500657 -0.38817377026338684 -0.17093879935728426 0.030634470765036635 0.19147638878260928 0.7337655602787558 -0.6518626351368642 0.31585430186468927 0.37846498065867945 0.5575923480718792 0.7388200266551479 -0.16697740683436865
0.9030184533846375 -0.3977711293368535 -0.162283090656112 0.02693348403186809 0.2063623618767211 0.732948333673257 -0.6482293697189748 0.3164725571228066 0.3767920493421775 0.5518739610016774 0.7439508604207948 -0.16882616048397486
0.9001252836196992 -0.40702151704775386 -0.1552673772841525 0.024678303543706516 0.21690639477323737 0.7278465794664883 -0.6505313002964667 0.3165704448933995 0.3777910661927197 0.551881184150247 0.743438678631862 -0.17139837573536204
0.9008153981382325 -0.4113348058925585 -0.13905141472990107 0.018868001375778865 0.2264742962484164 0.7183416115284704 -0.6577953498508992 0.31981063666066467 0.37046053989033884 0.5610606086761145 0.740249945475274 -0.1720122900346604
0.9008936698247474 -0.4142083544667012 -0.12969978704564125 0.0147120375870279 0.23468579343093332 0.7162294510089791 -0.6572198656987417 0.32143186867720946 0.36512076636558405 0.5616465192604375 0.7424553948697814 -0.1730091987966724
0.8988432525045803 -0.4200542333523243 -0.12504098715931725 0.012454099947073353 0.2398753040508852 0.710288460597095 -0.6617780150844441 0.3224842508481495 0.3667978270566523 0.5648404587008627 0.7391986270828138 -0.17532383453646602
0.8970674903133351 -0.4256704115011446 -0.11863649773732536 0.009562107701218972 0.24674529758160108 0.7052374034024654 -0.664647999292496 0.32262467020843105 0.36658788297528366 0.5669611147288635 0.7376777199028746 -0.17893096018446175
0.8969342611683309 -0.42845288586388713 -0.10925683382436518 0.005204901811240795 0.2539461337336225 0.701437981268381 -0.6659550432243052 0.32313238358121 0.36196725308260147 0.5695725441320416 0.7379477113365074 -0.18003399019760633
0.8989070247766234 -0.4266856189958108 -0.09952659619116055 0.0005614566726170169 0.2579268127591626 0.6989661084786166 -0.6670233417641105 0.32512108935265766 0.3541749850951325 0.5739213898613831 0.7383592067499672 -0.1808156903220932
0.9000921754490111 -0.42676669299483255 -0.08777394514158914 -0.004792459884840727 0.26460089402056086 0.6954705134615519 -0.66806222149516 0.3265133026358136 0.3461508956784383 0.5780925139247014 0.7389104159268793 -0.18172617462404364
0.8987431270063332 -0.4307623928022266 -0.08188133246458601 -0.008405417221376804 0.26825022107200114 0.687877794514905 -0.6744375128269006 0.32848794290250527 0.34684666720857954 0.5841813937131272 0.7337775471392466 -0.18283878518719113
0.8938531541097448 -0.43541240373332724 -0.10696998440321824 -1.1257399626587658e-05 0.2514883147764941 0.6844064204206696 -0.6843547904543723 0.3318528273981411 0.3711875084360175 0.5848109868685206 0.721259969233652 -0.1849546760818345
0.8945768369474798 -0.4341901834006492 -0.10588280047085424 -0.001507749380829904 0.2531205798393135 0.6874969553860862 -0.6806452147754177 0.33126940603396765 0.36832357358557805 0.582088327467038 0.7249213227432173 -0.18676555007879447
0.8914283798039085 -0.4428051461967537 -0.09632780586023972 -0.00544415236357437 0.2651985740014509 0.6821245098979541 -0.6814512963844707 0.33386752258662494 0.3674576982834547 0.5819190283004573 0.725496440014751 -0.18674925909025034
0.8858731106577522 -0.45573496260163743 -0.08680135757025875 -0.011913257721313264 0.27100017097205625 0.6601991807592335 -0.7004969300846052 0.3433476429943142 0.376547127391344 0.5970282117181084 0.7083569546958685 -0.18125756005870575
0.8841190259244338 -0.4566339163564974 -0.09909094020825404 -0.009373661891695724 0.2616467003355122 0.6595110119612627 -0.7046887464018231 0.34663013523641995 0.3871363483347543 0.5971019105100571 0.702562990957588 -0.18262499653126638
0.8860722109173262 -0.45359611356880164 -0.09553325491868342 -0.010362002025813954 0.2628013365055185 0.6613322806109247 -0.7025489820310535 0.3468836491004855 0.381852713190562 0.5974028627126202 0.7051938209115088 -0.18448957639644445
0.8832069211215866 -0.4612010915162876 -0.0850828282740432 -0.014502457163091554 0.27593491540714815 0.6577222415602562 -0.7009004033500089 0.3483403838270326 0.37921689959992094 0.5955627642332406 0.7081663200948528 -0.18543597613077178
0.8813716891898682 -0.4643261916160788 -0.08709267060956759 -0.016358362565264663 0.2774247903117894 0.6579213412281496 -0.7001249848969926 0.35043732444842934 0.38238649455107326 0.5929086747011401 0.70868884021768 -0.19007068224508644
0.880538889889459 -0.46598818740828996 -0.08663874761431509 -0.017943966648680528 0.27778268922665433 0.6554732193553905 -0.7022760399400569 0.35236273904419124 0.38404171773161205 0.594314620301249 0.7066131127695947 -0.19311530338247024
0.8808940645346605 -0.4672160060314786 -0.07572879753171968 -0.02135380037083537 0.2858378093004933 0.6526521222288807 -0.7016708303217638 0.3526054079039181 0.37725640331464266 0.596451516100121 0.7084653803115349 -0.1943325720867702
0.8764364546932097 -0.47708847841317686 -0.06515922536524035 -0.02684131283153944 0.2992185010239921 0.6456364647726479 -0.7025822684930448 0.35587881724724274 0.3772630773475617 0.5962718667866853 0.7086130335726053 -0.1933532446485927
0.8729889571516055 -0.4832017484430656 -0.06638035095506875 -0.028263423673963242 0.3021261973358323 0.6425763219700773 -0.7041416273213774 0.3562044150977692 0.38289690724102493 0.5946526219104509 0.7069499400101011 -0.1952365609013772
0.8752545308372123 -0.48027488270172647 -0.05714493236303289 -0.03220206816568675 0.30542525025775363 0.6404505071391637 -0.7046549257687602 0.3571938363923219 0.37502656273112156 0.5992989111879252 0.7072452843922318 -0.19699159336750702
0.8753817280347757 -0.4814222732238486 -0.044038904014898655 -0.0381657140358092 0.3174579415712929 0.6411536106099512 -0.6986719565970435 0.35924828328636194 0.364591943899159 0.5976241648777324 0.7140854794756907 -0.19712091368729084
0.8765822315781506 -0.47960566677802174 -0.039774309244533956 -0.04156691233726555 0.32951576906333396 0.6583821453299442 -0.6767217364983483 0.35054402973044735 0.35074627470590286 0.5800959878374882 0.7351637203200261 -0.20346908984219686
0.8742729296123096 -0.48422370512265533 -0.03426730138774433 -0.044078724366520425 0.33417370288846726 0.6515506684830199 -0.6810357279153133 0.3504106370448921 0.3521005266183504 0.5839598700224353 0.7314479402927199 -0.20710717526831723
0.869710650301991 -0.491592736295782 -0.044045049353077195 -0.040609129117492315 0.3367774496874154 0.6563082545084737 -0.6751595548061814 0.34827961969758675 0.36081066244406923 0.5723600760756014 0.7363556268416812 -0.21216062927549525
0.8679042398337512 -0.49564210433661954 -0.03288061567804625 -0.04450469132409633 0.3437766118743484 0.6471197522202012 -0.6804804680625735 0.35126200607058955 0.3585524670209256 0.579288296701422 0.7320281399631948 -0.2126197786458986
0.8630093498432566 -0.5044979449512046 -0.026394802956869884 -0.04600044204200106 0.3565029570366149 0.6451986732701411 -0.675739826882062 0.3497609337183453 0.35793924583268116 0.5737599633561606 0.7366674967325963 -0.2163591424870104
0.8561895889375866 -0.5162777706430346 -0.019916107419518908 -0.047375212403843285 0.3688669615916355 0.6378073205414868 -0.6761205414050397 0.3485889098946148 0.3617686449114141 0.5715409743872694 0.7365218001901987 -0.22023412433976589
0.849934699563743 -0.5268351265407653 -0.007466988701420366 -0.049281441173074966 0.37683115095015757 0.6177185598117849 -0.6902333406447664 0.3496241102969344 0.36825166686801164 0.5838394730633006 0.7235483256439059 -0.22261166038704464
0.8476410614541339 -0.5302902477483414 0.017230324428547907 -0.057281597131410955 0.38993537846001647 0.6006113052260865 -0.6980089259170407 0.35211771399934655 0.3597985986106009 0.5983797399458154 0.7158817327325984 -0.22378654321059385
0.8405866174852187 -0.5407653556884274 0.03141605627586376 -0.0617905931223771 0.40475749989086734 0.5885110762468093 -0.6998757599866685 0.3526830704526904 0.35997986719655917 0.6010220821417404 0.7135733683309349 -0.22569874185682842
0.8305806594226542 -0.55534873266724 0.04151569965591606 -0.06529849626922993 0.4155020639785517 0.5683355804600092 -0.7101779374302949 0.35531424312907106 0.3708015682579992 0.607109918472822 0.7027970858429429 -0.22654738499134047
0.8194678799981917 -0.5701994439990713 0.05783586875305542 -0.07278646480782906 0.430223290261713 0.5453313553006041 -0.7193897646216495 0.35970445280099683 0.3786559311137946 0.6143991430569857 0.6921946105274065 -0.22483590220440045
0.8119887419234956 -0.580612692402828 0.059692415014299297 -0.07344236018230502 0.4389128785817529 0.5399863490902223 -0.7181714473656637 0.3588660555041007 0.38474636840986287 0.6093468997352445 0.693301224417258 -0.22893653999051047
0.8076166096637825 -0.5831797964921249 0.08750278143340821 -0.08117848471918485 0.4476779336467194 0.5097320108394575 -0.7346820705933735 0.36197952264028976 0.3838487716809588 0.6325145074138373 0.6727447646693736 -0.22950044338209968
0.8060198423273943 -0.5836339844726938 0.09850576603961433 -0.08408567122939077 0.4565803727611968 0.5071830305293298 -0.7309580950727144 0.35977682335380656 0.37665153256527273 0.6341425279159366 0.6752754084850252 -0.2347986747655109
0.8019947167890139 -0.5870641584610515 0.1102730615015675 -0.08725368977929332 0.46469758510659886 0.4971994335140994 -0.7326997186497032 0.3609422290466948 0.3753140400232914 0.6388649287319489 0.6715586156082862 -0.23621730891436094
0.7961263236000848 -0.5917874342380584 0.12637448139933366 -0.09072885222354364 0.4725879719015729 0.47760605784656146 -0.7406436810789824 0.3629055569897164 0.3779464058368214 0.6493689907796681 0.6599063783059115 -0.2382077455909251
0.7943754259397882 -0.5917927702406535 0.1369269869451419 -0.09565420020744511 0.4681564923178188 0.4528507054157182 -0.7587856991965272 0.3716156835450553 0.38703640831794656 0.6668639709081466 0.6367850994966535 -0.23363877486147394
0.7952994037340301 -0.5884746484674114 0.14558999461314187 -0.09724506937565278 0.4730167278002917 0.45218621459337244 -0.7561632115838626 0.37107520951494255 0.3791490915740151 0.6702426541506258 0.6379817794543385 -0.23720008612671542
0.7928442027638697 -0.5851390458076053 0.1703243001309287 -0.0989535764366373 0.4839169724693529 0.43459187776983166 -0.7595750545749822 0.37206281138227953 0.370435465229531 0.6846474982411453 0.6277223663788971 -0.2404779245278178
0.7865404271345717 -0.5861396585055315 0.19440796591185697 -0.10590887808520742 0.496685374501117 0.4133787212115141 -0.7631655597615882 0.375352912041561 0.366957484239864 0.6968201587042058 0.6162660717448235 -0.24119945139828158
0.7861273548594958 -0.5792665099628946 0.21553211449113846 -0.1136778664012452 0.500382967256131 0.39179955105449654 -0.7720816005277191 0.38065719947158855 0.3627956284488022 0.7148030653466064 0.5978594397929451 -0.23824588131421853
0.7834300581868535 -0.5781593543028306 0.22796733310164988 -0.1174757237934091 0.50794509257518 0.3843216649431613 -0.7709011874320264 0.38237345365353614 0.35809094774670625 0.719742050242622 0.5947623510734462 -0.23822658798237337
0.7776979248463107 -0.5812861184642144 0.2393582799289603 -0.12020789996094981 0.5167934283785595 0.3743854151755144 -0.7699091591146274 0.3835660622738887 0.357925257664887 0.7224555414588967 0.5915636065047083 -0.2400299804547423
0.7713667963345893 -0.5852176014135709 0.2500272475316647 -0.12400820271164735 0.5196606139611172 0.3524412115367694 -0.7782917439547005 0.3882062567629894 0.36735012155989 0.7302777221073115 0.5759759862908271 -0.2387598081102776
0.7683382525440254 -0.5860457565077714 0.25730662828001283 -0.1282792767729805 0.5192468680470866 0.33569224292851146 -0.7859347352426389 0.39339058046862063 0.37421787731331574 0.7374693819521336 0.5622276149232222 -0.23387817725545054
0.7638872611843419 -0.5858385696577507 0.2706832512396122 -0.13042553305336177 0.5297898911152381 0.3297654842532748 -0.781394520499925 0.39416586771999074 0.3685090548037971 0.7403025703700932 0.5622750046294483 -0.2356606312694401
0.7556734798954814 -0.584235934595789 0.2960168314634146 -0.1391354236494097 0.5385888235535975 0.29715558415050713 -0.7884292219034776 0.3995401594934694 0.3726656288495144 0.7552264107770322 0.5392155390370703 -0.2299350325604099
0.7544340481409425 -0.58390286072467 0.299811134288268 -0.14340327047790694 0.5362991895492607 0.28500777942849753 -0.7944518518790445 0.40235292131429656 0.3784342033887462 0.7601499950028193 0.528166203768037 -0.22804255334576462
0.7585522141516324 -0.5739034216489969 0.30859909433637495 -0.14648234560768322 0.5355125388084576 0.27923088607197444 -0.7970297566856462 0.4037574131917907 0.3712477059654035 0.7698473711606975 0.5191436852475328 -0.22905629365949953
0.7557114336330888 -0.5717648873888809 0.3193511274841584 -0.15008412394493204 0.5428212949430546 0.27404650264303976 -0.7938788044440183 0.4041078526664364 0.3663949656212067 0.7732938819997879 0.517466231969907 -0.22947621516247907
0.7513970039151046 -0.5723196611893089 0.3284094211857511 -0.15579235862733476 0.5481913481213542 0.2644178342685074 -0.7934541289612429 0.40458117949943057 0.36727209035304476 0.7762302585811183 0.5124234550748004 -0.22958298429475166
0.7493613767708492 -0.573880384294431 0.3303313965189727 -0.15901958911694278 0.5501217979162941 0.2619075228566997 -0.7929504757098081 0.4063603962061372 0.36854244594271723 0.7759289619502204 0.5119674907114844 -0.23310480926670646
0.7459762716568588 -0.5746298344078363 0.33663029503203684 -0.16095953829352422 0.5537334554901017 0.254353934551856 -0.7928955393045047 0.4079067366419928 0.3699981924225081 0.7778847147144722 0.5079337636126015 -0.23310675785122104
0.7357859775006149 -0.5777672092860489 0.35327616277818213 -0.1689207939775255 0.5650124965694432 0.23615115257174205 -0.7905653115710317 0.40919174283227616 0.3733361408085598 0.7812923172621448 0.5002023999875655 -0.2313957419893621
0.7357231631696417 -0.5837727340203974 0.34339601364897654 -0.1679215419664254 0.5552225632808256 0.22949952605267993 -0.7994109536186408 0.41238989698051715 0.38786509561898647 0.7788063703873694 0.4929719110096712 -0.23097340945801986
0.7347785486236481 -0.5804132152795589 0.3510284660983643 -0.17115044498905374 0.5557525384017171 0.21843341992551163 -0.8021383653209044 0.41491475853909693 0.38889535937392267 0.784479024951268 0.48306630897728364 -0.22879827200213293
0.7322003939567305 -0.574184134737032 0.36632657903282906 -0.17837843175098636 0.5615128219613688 0.20449715994307427 -0.8018006375329197 0.4177258080806238 0.3854684602695637 0.7927758138285409 0.4721446548949882 -0.2251080639958708
0.7333054402815101 -0.570892826825837 0.3692485768860138 -0.18187279336383752 0.5610896769606668 0.20142085102723395 -0.8028748440321438 0.4188208170266879 0.38398112669988693 0.7959340557171005 0.46802507762727213 -0.2243346871406437
0.7340917865725175 -0.5661739332769616 0.3749084237043298 -0.1854175402359392 0.5624770577792205 0.1976786390628044 -0.8028341766082887 0.41907638612919035 0.3804323965684318 0.8002313621297124 0.46357411349775113 -0.2237736794845387
0.7338436270682499 -0.5582173230750923 0.38712653129202446 -0.18994598369746946 0.5668430595462468 0.18911263022198213 -0.8018262648072674 0.4196063146006087 0.3743827945506649 0.8078550818738499 0.4552007137901161 -0.2240967605684815
0.7339794136317276 -0.5480576111650172 0.40113224154749966 -0.19491244234813423 0.5687839995597795 0.17325253949362118 -0.8040325362843174 0.42224473205927154 0.37115897161405925 0.8183009302225611 0.43889019741535173 -0.2220303408211484
0.7267328739763623 -0.552297334963057 0.4084445907032716 -0.199042376490232 0.5775788445089839 0.16943595927222585 -0.7985575333569696 0.4203376104824493 0.3718359964523655 0.8162469659963266 0.44212993819019913 -0.22467686249384286
0.7256732001644943 -0.5549693835467833 0.4067030733701515 -0.20004625232677448 0.5715420797825885 0.15712297788832097 -0.8053893597864945 0.42279630731200274 0.38306403851159787 0.8168973945026466 0.4312082898715814 -0.22287119460275884
0.722306392685057 -0.5543786435487555 0.41344624156393533 -0.20040618787618245 0.5656670807593753 0.12966679986078114 -0.8143753893377615 0.42839670928167634 0.39786207262249396 0.8221014782804548 0.4072529073900218 -0.2186705123477249
