1.0 0.0 0.0 0.0 0.0 1.0 0.0 0.0 0.0 0.0 1.0 0.0
0.9999950842404493 0.0019301878758364874 0.00247100580752476 -0.001053242257292076 -0.0019307652682265532 0.9999981093204579 0.00023130280683626185 -7.894412958065294e-05 -0.0024705546777712296 -0.0002360726019980198 0.9999969203099129 -0.0013825154532800792
0.9999900088653277 0.0019127961991496185 0.0040402203185244435 -0.0016022018336887718 -0.001903346016790482 0.999995447133289 -0.0023415778085248786 0.000264050868709706 -0.0040446808850720115 0.0023338644762554432 0.9999890967571318 -0.0034873914791804907
0.9999691625958647 0.0030237513112962816 0.0072478124515324175 -0.0027761754318367483 -0.003008432468482487 0.9999932199054233 -0.0021235529816381465 0.00011809965589967188 -0.007254184406791358 0.0021016829424719834 0.9999714794619902 -0.004743404896305789
0.9999595698379435 0.003410355670992132 0.0083203463697207 -0.003211932694842627 -0.003362082121640337 0.9999774758672583 -0.005808972538558017 0.0008557406777767675 -0.008339969623574129 0.005780763993081403 0.9999485125116863 -0.007098594925425304
0.9999519407085166 0.0037165381684704335 0.009072134110197128 -0.0035515937171783896 -0.0036412073089671297 0.999958875263933 -0.008305985204822895 0.0012697149081309243 -0.009102630532116766 0.008272552504028897 0.9999243506348185 -0.009277023481323494
0.9999373647978869 0.004178383016021012 0.010383043697720253 -0.004068729875161119 -0.004052699968696887 0.999918623731985 -0.01209634394750514 0.0018624318154113388 -0.010432741922479708 0.012053506929688429 0.9998729273596094 -0.011542539629539949
0.9999376495384579 0.003939213919482038 0.010448905646057258 -0.0041281530201571 -0.003794132383374737 0.9998966289544884 -0.013868524251236025 0.0020156100435583524 -0.010502456615529334 0.01382801501106552 0.9998492308372762 -0.013677454069392957
0.9999324556534936 0.003701818617018695 0.011017289580475433 -0.004339377353687804 -0.0034545603288885893 0.9997436174993183 -0.022377785464841156 0.004183311841596102 -0.011097303443063476 0.022338214080429093 0.9996888786257402 -0.016468525488188144
0.9999279602746239 0.0037291930780288594 0.011409091989114349 -0.004522084454981229 -0.003418025558170548 0.9996249124275275 -0.02717262511317666 0.005322443041188734 -0.01150614454597999 0.02713167103671146 0.9995656462006101 -0.018859820986322186
0.9998693806573257 0.005720617733279045 0.015116089331725533 -0.005937470979465642 -0.005265247732948439 0.9995361862812895 -0.029994824229616118 0.005737288255591979 -0.015280667205514804 0.029911316370306685 0.9994357479912103 -0.021198252951833182
0.9998497813022034 0.006192417123040454 0.0161885391592205 -0.006384018770532074 -0.005619913855007616 0.9993653972601061 -0.03517412866600073 0.0068599207569261834 -0.01639607874455459 0.03507786665868315 0.9992500747422931 -0.023777758937752552
0.9997953856889814 0.007300607732074719 0.01886499090278956 -0.0073967468606674774 -0.006609027150422253 0.9993130648347597 -0.0364653151732414 0.007208632600361727 -0.01911825083905285 0.03633317461083214 0.9991568409952233 -0.025075253489624603
0.9997943610325996 0.007289923382493363 0.01892333650528943 -0.007519747253944438 -0.006506327592617854 0.9991319900119974 -0.041145282061532854 0.008283627688680989 -0.019206856813976207 0.04101369956176756 0.9989739601709268 -0.027525815213648375
0.999778556216328 0.007516960804657484 0.019655376624596134 -0.007870767218934822 -0.006585408227127345 0.9988714453826336 -0.047036879123617356 0.00975657735502288 -0.019986768835296067 0.0468970244202012 0.998699753765893 -0.02947880493315901
0.9997487366830582 0.00828354753277443 0.020828978393102472 -0.008404162212525127 -0.0071555773586585835 0.9985337816588946 -0.05365710203366145 0.011608329063732348 -0.02124290971812283 0.053494576606033316 0.9983421603140122 -0.03196414959204704
0.9998015777384583 0.007260760960070962 0.018549568781218866 -0.0077531184200614195 -0.006144487069183584 0.9982069048183319 -0.059541753851074165 0.0129400074571397 -0.01894862608067132 0.059415961856103754 0.9980534519986236 -0.034968725198810835
0.9997985452378075 0.007484251773313491 0.01862404133791001 -0.007902891931839214 -0.006239181970690223 0.9977977789300021 -0.06603533123026738 0.014575498574842072 -0.019077252126528662 0.06590582931538122 0.9976434634244605 -0.03773070492783834
0.9998062106809585 0.0068460175496131 0.018457332621254225 -0.007846262474056223 -0.005629151586412299 0.997856811470277 -0.06519276382229026 0.014045936766738487 -0.018864085882926315 0.06507623103777685 0.9977019747488325 -0.03960705854550973
0.9997393188440604 0.007836076651636558 0.021445052108169965 -0.009004416962752235 -0.0063628799847734235 0.997670315818171 -0.067922416723568 0.014558115823865939 -0.0219273371733054 0.06776825833663079 0.997460101982284 -0.04130150441801935
0.99974108254012 0.007580672632369532 0.021454633158088283 -0.009075134575014736 -0.006056956732883631 0.9975134995841912 -0.07021489459107184 0.015019389349337072 -0.021933562333630988 0.07006676494416014 0.9973011417288247 -0.04342596472405723
0.9996961499816948 0.008302577890792046 0.0232093712138473 -0.00977396807188446 -0.006618168744386196 0.9974019995464514 -0.07173180008344208 0.015357240627850308 -0.02374463211434671 0.07155640083952933 0.9971538867921279 -0.04529838300423858
0.9996891740248045 0.008863072599317939 0.02330238789697816 -0.009973653381652195 -0.0070507318316128005 0.9970263680833059 -0.0767379210511355 0.016658268619384423 -0.023913228937989518 0.07654977002389252 0.9967789575382545 -0.04774134999981014
0.9996894423185501 0.008498266862456349 0.02342644610603224 -0.010034817135336363 -0.006544290389811633 0.9965895348443657 -0.08225856369998152 0.018143188733678223 -0.02404560625391214 0.08207970820504033 0.9963356514352272 -0.050159102713647506
0.9996536160419569 0.009365472189918397 0.024595443986595782 -0.010632422882117087 -0.007226534787291149 0.996298470017852 -0.08565708280728944 0.018869109178546103 -0.02530662224015641 0.08544967273633425 0.9960210481209967 -0.05245445666324882
0.9996397876465742 0.009307307780288637 0.0251727824404261 -0.010871131698000872 -0.006928111869439447 0.995641783872338 -0.093002362730376 0.020919733213814445 -0.025928675628241814 0.09279446227761044 0.9953476234717074 -0.05501248167542704
0.9996178482045979 0.00989517354049445 0.02581168517186076 -0.011233146346730978 -0.0073531475300841614 0.9952784090684147 -0.09678233136087308 0.02208498934796417 -0.02664749091769388 0.09655554869011158 0.9949708223083451 -0.057173344025713224
0.9996278078092009 0.009904385876560307 0.025419460949781224 -0.011228957465950708 -0.0072912550425394155 0.9948690484267536 -0.10090794855882294 0.023130826610092844 -0.02628846618716858 0.10068505163555112 0.9945709813395291 -0.059557031056364604
0.9996602041979299 0.009186189895023858 0.024394467777828183 -0.010945110677619257 -0.006508520670195169 0.994166533059606 -0.10765938743522713 0.02500518264075834 -0.02524114303347969 0.10746403332955287 0.993888507951928 -0.062218919176406554
0.9996399299010205 0.009291894181212861 0.025172827612444586 -0.011295853680858024 -0.006329416297190752 0.993309788293163 -0.1153065608295033 0.027092604744158297 -0.02607583242808498 0.11510571307939595 0.9930109394058393 -0.06476070275980343
0.9996363336960932 0.00913850176247335 0.02537100983737149 -0.011446348111682514 -0.0059902694612506725 0.9925735191006174 -0.12149866605027886 0.028803819111729575 -0.026292908291254875 0.12130250189403696 0.9922672956456018 -0.06716337219663376
0.9995131339860566 0.01170622688782476 0.028921605097571548 -0.012903963853779161 -0.008128575266324618 0.9926365114789825 -0.1208581083046363 0.028940350858019357 -0.0301234336274736 0.12056417515533491 0.9922483854436882 -0.0681614302328296
0.9994922260735748 0.011881073139070221 0.029565691596036135 -0.013215747585144827 -0.008062143375271629 0.9919865724742016 -0.12608585120893434 0.030345747684686973 -0.030826804289196527 0.12578346525656317 0.9915786544724364 -0.07056411918172294
0.9993918528678197 0.012985473013629453 0.032362044311757376 -0.014304511219895863 -0.008736724497622469 0.9917189778819547 -0.12812938208632427 0.030828111065648117 -0.03375787414036161 0.12776872230472894 0.9912293173298201 -0.07265670138313081
0.9991831906257627 0.014746084399138723 0.03762319186103285 -0.016229804661419475 -0.009815156746021219 0.9917218063870048 -0.12802937723251945 0.030688346982881136 -0.03919967179670835 0.1275555241116166 0.9910564938486814 -0.07448899561092066
0.9991633392265121 0.014863520733654791 0.038101145614324566 -0.016523430759700537 -0.009582920870540752 0.9907713673092259 -0.13520453153572676 0.03269468165510965 -0.039759139494117725 0.1347262909442941 0.9900848637137531 -0.07681015932925501
0.9990983866412245 0.015500699123920141 0.03952394385141204 -0.01715649148664047 -0.009811996084741282 0.990066295379532 -0.1402585308859386 0.03401862571424835 -0.04130542995458224 0.1397442631384862 0.9893257311806608 -0.07913296693946283
0.9991558941908357 0.015004932499215798 0.038240699580464686 -0.016887278269017043 -0.009315247154360572 0.9894116671398728 -0.1448370777734421 0.035243008091314865 -0.040009064899876864 0.14435859838676363 0.9887162736587516 -0.08174303726142051
0.9991843564738928 0.01500987680969763 0.037487669652945095 -0.016827891618178808 -0.009058220491907647 0.9880047948321999 -0.1541573028763216 0.03808938150642897 -0.03935187948968424 0.15369199389278437 0.9873348978912324 -0.08440962123353463
0.9992414337565143 0.014755704366038949 0.03603923213506855 -0.01649661828174409 -0.008709473931083513 0.9866710894403036 -0.1624940193561836 0.04069547359146698 -0.037956582144169436 0.16205687412555525 0.9860511484809433 -0.08702988764427347
0.9990361279273262 0.015351536639053464 0.04112353850038438 -0.018269813372242486 -0.008488235728207035 0.9867311938477604 -0.16214037418852464 0.04043085986264746 -0.04306698213475371 0.16163502532122237 0.9859104186685589 -0.08873233023383013
0.9989503458733687 0.015619055323950973 0.04306102170480961 -0.019027710792278524 -0.00818386167218789 0.985801411120543 -0.1677158377759111 0.04200360310189679 -0.045069178909818514 0.1671873887095931 0.9848944847895449 -0.09099193804498022
0.9989543640743991 0.016186326999773033 0.04275723698939248 -0.019159421760842867 -0.008527820047003844 0.9847855040348192 -0.17356493692025468 0.043848281463632996 -0.044916086004421436 0.17301882516403375 0.9838938110166676 -0.09333235509496357
0.9989568894134858 0.016112501692348305 0.04272610890947638 -0.01928054590531326 -0.008276964020239365 0.9840706821393196 -0.17758486540373083 0.04500621156303177 -0.04490684758406047 0.17704598228445514 0.9831775501896876 -0.09560491982850793
0.9988829688731542 0.016341336526904067 0.04433706367888554 -0.019940299224214753 -0.008002921805957632 0.9832481677112676 -0.18209611180638094 0.04629300066140954 -0.04657003046723095 0.1815378787276879 0.9822806273409518 -0.09783797118659739
0.9987202583121617 0.017626767336423082 0.047404036855043775 -0.021163152886824514 -0.00860579862513966 0.982858946947696 -0.18415816744008134 0.046952853284814924 -0.04983759491498657 0.18351454296085934 0.9817528337901339 -0.0996440262455753
0.9987265038870393 0.017188957208472418 0.04743321814567204 -0.021286167576186645 -0.008147949011386872 0.9827828598615456 -0.18458456406013182 0.046907420993711035 -0.049789369954614436 0.18396301289239192 0.9816713444565233 -0.1017131395408251
0.9987297100910747 0.016931225951231234 0.04745840040692358 -0.021400640700009344 -0.007636929669490824 0.9818382877253002 -0.1895659622977536 0.04861370660539408 -0.049806058734041536 0.18896272210263704 0.9807203710380165 -0.1039020307763235
0.998652908108838 0.017731561485549188 0.048764339973414755 -0.022047415806666113 -0.007900971644789097 0.9808047351129671 -0.1948323541587759 0.05020962809157418 -0.05128297741772451 0.19418461140694604 0.9796235975720002 -0.10609283419872587
0.998670383678036 0.017782057633163477 0.04838660135505526 -0.022104484568521775 -0.007912492088186231 0.980375844757414 -0.19697866758900928 0.05085130053560104 -0.05093974119797419 0.19633390293710837 0.9792130214229012 -0.10831112591687024
0.998474607145429 0.019679346443436194 0.05158664758770488 -0.023422442315478915 -0.009045118970701573 0.9800020635794847 -0.1987816420164543 0.05156668935564179 -0.0544669138889355 0.1980118145553723 0.978685177464084 -0.10969789206850974
0.998324294498745 0.020764178928408452 0.05401344172527121 -0.024449293519950496 -0.009329101990067853 0.9789464620691499 -0.20390387994923917 0.05306441959182832 -0.05711016432859532 0.2030583001891917 0.9774997472401916 -0.11183255594628921
0.9980778341853249 0.022226585860350777 0.05784994199582766 -0.025870798667810314 -0.009977410790008485 0.9789252804783524 -0.20397486735945491 0.05329937568469887 -0.06116443559664074 0.2030056012068935 0.9772653875466857 -0.11302362012797702
0.9977915772147897 0.02304223136841416 0.06229786523456264 -0.027523188058460005 -0.009816711723255614 0.9787575582745031 -0.20478592307938545 0.05346812416483876 -0.06569323108328419 0.20372210899678503 0.9768222467244192 -0.11487052049124623
0.9977649243195884 0.02370355406411797 0.06247637411256056 -0.027851067183718055 -0.009967691519773062 0.9773048806196662 -0.21160296652633995 0.05568679426719928 -0.0660742077008106 0.21050727265752636 0.975356799963481 -0.1171417553443771
0.997750333661824 0.024204281496714396 0.06251739305940082 -0.028113944445014652 -0.010131855548250763 0.9762794489141942 -0.21627709802692371 0.05714215019402065 -0.06626927780552021 0.21515712952404348 0.9743283801850947 -0.1193140608408812
0.9975527856649538 0.025642381028253416 0.06504543110234226 -0.02919475983515198 -0.010769603401058639 0.975569629012795 -0.21942633066799916 0.0582163288203392 -0.06908296066810989 0.21818883391007912 0.9734583593057743 -0.12065345011303721
0.9975132270081444 0.02574545720541895 0.06560894281330008 -0.02957032481681368 -0.010554303516007052 0.9749630645016457 -0.2221162522978725 0.05908079631412962 -0.06968478041213136 0.22087144290479044 0.9728102780542929 -0.12270809284412312
0.9974678923422232 0.02629486906567757 0.0660786168679284 -0.029941751660237135 -0.01025202416986317 0.9725967442726478 -0.2322724026454007 0.062282552333032815 -0.07037542004691813 0.23100682433873138 0.9704036002417532 -0.1252960773885849
0.997326777325276 0.026357080279030897 0.06815132830063163 -0.030812655805133503 -0.009514573668773176 0.9715809425943225 -0.23651626767609454 0.0634911463476456 -0.07244841004381854 0.23523557619266108 0.9692344667702606 -0.12756035951220163
0.997119770648939 0.027409944679243 0.07071674422429768 -0.031906114781669166 -0.009720462199085653 0.9709057625677016 -0.23926452479936725 0.06439296563583964 -0.07521752186585301 0.23788798865329824 0.9683757686243755 -0.12891011599832847
0.9969765147934024 0.02824756182193684 0.07238718257753235 -0.032680915430649306 -0.009660240707673311 0.969413237978701 -0.24524406981845856 0.06640871587301751 -0.07710064007430151 0.24380330039350792 0.9667551096411996 -0.13094904398726548
0.9969960686162951 0.028678531739963552 0.07194707069011355 -0.03280672519222363 -0.009980180239713577 0.9687471411979466 -0.2478494955072321 0.06745422276634494 -0.07680647867225235 0.24638692789603628 0.966123308173405 -0.13306566501343833
0.9967847848434529 0.02966137075632641 0.07443316323684997 -0.03398909557766895 -0.009742515469496714 0.9669314175181043 -0.2548503820062999 0.0695875050395044 -0.07953097570704425 0.25330581695114335 0.9641115013326006 -0.13523682704178827
0.9965327509213636 0.030267866213359303 0.0775005330045302 -0.035180488848647974 -0.009408042175410311 0.9664998797540355 -0.25649458313551515 0.07018560113830143 -0.08266779955654942 0.2548761242453405 0.963433545298353 -0.13692586794532768
0.9965703670256586 0.029510386703374674 0.07730873587737626 -0.03520724999118795 -0.008615734936137043 0.9661743781118598 -0.2577456889875605 0.07062114420128983 -0.08229989476208889 0.2561956442970477 0.9631150082754248 -0.13901100366583588
0.9964258624411293 0.03022455738603546 0.07887950804401844 -0.03596454997550519 -0.008616198759486207 0.9652915854766401 -0.26103240436185854 0.07172177395842061 -0.08403131426667794 0.25941979712198937 0.962101921359584 -0.140381179145023
0.9963781560709756 0.030176463635086092 0.0794981203996643 -0.03623393598167986 -0.007839893885129757 0.9635305145684456 -0.26748361362770867 0.07391923436608448 -0.08467057439553097 0.2658915728975776 0.960277337696556 -0.1426209026858574
0.9962151216118935 0.03158525197560792 0.08098026506152063 -0.037053819070367665 -0.008441329243550455 0.9623946112869376 -0.2715241354400512 0.07535399087946787 -0.08651112895112867 0.26981286852836117 0.9590186862330164 -0.14489586063168874
0.9960890936304811 0.03206598188958046 0.08233037322798942 -0.037778998988774806 -0.008041618829729908 0.9608536552528 -0.2769396785473901 0.07734867289855975 -0.08798778277124798 0.2751945239149784 0.9573537089760557 -0.14676686213811918
0.9958827309615735 0.03338566714627602 0.0842791991045986 -0.038762300884294526 -0.008509157816164997 0.9600345973479589 -0.27975197251887796 0.0783966530198704 -0.09025065321522142 0.2778830133781869 0.956365960535028 -0.1484040841454093
0.9957612618418559 0.03408489712203933 0.08542674758699008 -0.039426128705443424 -0.008339675221305274 0.9584317029835637 -0.2852001411872549 0.08036701126129588 -0.09159672064170486 0.2832788211360092 0.9546534189241037 -0.15032443078515026
0.9954086353091235 0.035891791327280424 0.08873233946732223 -0.04085345866889732 -0.008899780727764902 0.957722656728606 -0.2875553976048784 0.08129395127028301 -0.09530185021825607 0.2854454275409244 0.9536448318115912 -0.15202823024031314
0.9952946314805515 0.036928674329819826 0.08958163627793422 -0.04143933807952761 -0.009163491142018034 0.9562549826249493 -0.29239090039713844 0.08289092578301058 -0.09646049438023949 0.290194212928517 0.9520938461132497 -0.15414119403295673
0.9952367358340749 0.037022139908517764 0.0901842602837495 -0.041906740704741104 -0.008588544292329303 0.9547843436227252 -0.29717519088891275 0.08481859383675688 -0.09710858125455085 0.29498511543723244 0.9505544198609633 -0.1559322926594079
0.9952246845581276 0.03819448770495432 0.08982765918763008 -0.04225150869449155 -0.009042875927784908 0.952385201993153 -0.3047632743941057 0.08759511797752598 -0.09719081047675078 0.3024956332468595 0.9481826502449069 -0.15806859996924885
0.9951396286666175 0.038452247263854475 0.09065618642775368 -0.042822159841343466 -0.008616846282948959 0.951082062206083 -0.3088181680373767 0.08921866352252869 -0.09809622529639116 0.3065360266431745 0.9467907873191502 -0.15998317876727225
0.9951277527368724 0.03924182824233623 0.09044796652804737 -0.04310031689365882 -0.008962388034387085 0.9495849828249253 -0.31338161400137765 0.0910018001950623 -0.09818569821303373 0.31104411151729994 0.9453100704831374 -0.16200084348658142
0.9948174112839108 0.040148123103061435 0.09341545063680533 -0.04436658182558332 -0.008756620100760528 0.949158429197987 -0.31467697387451454 0.09157941845169909 -0.10129975227406535 0.31222812892773205 0.9445908932948183 -0.1636647091635967
0.9946041295394399 0.040830817368601786 0.09537017278008185 -0.04517538706957797 -0.008097486708011744 0.9470415198609154 -0.32100901913893587 0.09393707079000851 -0.10342657401318298 0.3185046373485637 0.9422620334998952 -0.16580353269923712
0.994591687350115 0.041148311766432716 0.09536347252916845 -0.045356241657448206 -0.007766676219394593 0.9450671742493728 -0.32678389632417537 0.09619033728665231 -0.10357149315594599 0.3242758896296159 0.9402755411103552 -0.16773426412374615
0.9946094830400729 0.04194270043817717 0.09483030173267519 -0.04553009313788698 -0.007915337474899361 0.9425828752056019 -0.3338785270151406 0.09884687358049417 -0.10338918550513593 0.3313281353116499 0.9378338568592475 -0.1698082605458024
0.9944796825696101 0.042370633771759335 0.09599422039906871 -0.04616329438020431 -0.007239644605644304 0.9403731199078973 -0.34006761518949763 0.10101374163024004 -0.10467926491062864 0.33749536996597135 0.9354887101132244 -0.1717364041252516
0.9942728714548275 0.04354531638313408 0.09759745135024187 -0.047086011434788445 -0.0073186807914551585 0.9388242762907992 -0.34431876968665376 0.10261672496076552 -0.1066203263943744 0.34163252723965126 0.9337662032497256 -0.17355965959196798
0.9942289754932669 0.044330849220700796 0.09769094173452375 -0.04753873337515305 -0.007351524153070099 0.9366400428175213 -0.3502161979169722 0.10488285984271106 -0.10702662931361298 0.3474769143384417 0.931560569485207 -0.17545850206153554
0.994105268431574 0.045189555793527215 0.0985526221049941 -0.048139885043849154 -0.007233859440225146 0.9346165186410047 -0.3555835124987783 0.10686790560831029 -0.10817756955203432 0.35277452732666753 0.9294341000389768 -0.17751979874419646
0.9941257191843833 0.04515270974349934 0.09836303807299782 -0.04831295424850894 -0.006908719925062645 0.9334412259049572 -0.3586638361614518 0.10816356521630016 -0.1080107589322834 0.3558773813884092 0.9282698774445944 -0.1795825925236217
0.9940759142073154 0.04529120699969317 0.09880173764362192 -0.048704896616225915 -0.006487453746396777 0.9321448487134241 -0.36202747680378805 0.10972264859903168 -0.10849419217993464 0.3592418232688674 0.9269165672689667 -0.18140619055204146
0.9939345616262231 0.046277505967315974 0.099762115285968 -0.049348722129084914 -0.00664727781395412 0.9307725645652215 -0.36553829724167847 0.1112437931485471 -0.10977204062305633 0.362658000730891 0.9254346403735514 -0.18323881464703512
0.993704886709812 0.046742616535638465 0.10181220913249808 -0.05028032201969894 -0.005858975259889396 0.9292383198301128 -0.3694344561193689 0.1127707789290835 -0.11187613926991472 0.36651230915033745 0.9236625231670641 -0.18492378763839165
0.9933431983701203 0.04820614376634786 0.1046205427007318 -0.05152843726237584 -0.0058044277009744166 0.9280171571239175 -0.37249223441933355 0.11401839205214856 -0.11504607281816139 0.3694053651299913 0.922119340076054 -0.1862705629318053
0.9932417444060745 0.049145504923840434 0.10514540653284207 -0.0521070469099839 -0.005788838503942387 0.9257757107136186 -0.3780288650374081 0.11632577949423324 -0.1159194829092643 0.3748653795677548 0.9198035772291674 -0.18814994426393702
0.9930134390138022 0.04969191468608489 0.10702814374177519 -0.05294506943662611 -0.00528559677899802 0.924828722298315 -0.38034707423451747 0.11742651592475023 -0.11788287579063028 0.37712404859263354 0.9186300014523979 -0.1898889463840068
0.993154126898317 0.04974833904258277 0.1056881402397818 -0.05283351029887962 -0.004839700670761728 0.9215242008669742 -0.38829077315061694 0.1206049542607475 -0.11671100000538541 0.38512108482786445 0.9154563301975428 -0.1918969793956439
0.9926599191753507 0.050891019312106815 0.1097104781511719 -0.054531647961423596 -0.004021670805075146 0.9205428279234334 -0.39062095197603713 0.12162407975218911 -0.12087229222083817 0.38731254318974123 0.9139906360905323 -0.19362072542619538
0.9921991708963608 0.05223264573640733 0.11319256155749349 -0.05584890945372193 -0.003764175615094768 0.9201288196679857 -0.39159773518029944 0.12232692362759129 -0.12460592383394464 0.388116871490762 0.9131476648438154 -0.19448829594198433
0.9922061508381568 0.05283545946604298 0.11285108976850279 -0.05611384469254932 -0.0037640373074086034 0.917949882514127 -0.3966785162010294 0.12457851815400475 -0.12455033625837823 0.3931620879679455 0.9109943942322647 -0.19631142534616952
0.9921425017798227 0.05331550304433755 0.11318442161888453 -0.056542491907588595 -0.003371656057270941 0.9157229288322718 -0.4017961542203698 0.12682341406363834 -0.1250675341465712 0.3982574227129702 0.9087073990875827 -0.19795065339295206
0.991833461818171 0.054195784595164394 0.11545215870608448 -0.057638456565908616 -0.0027630431144383405 0.9141431968948405 -0.4053820187966288 0.12839627280224736 -0.12750980201744586 0.4017524517697405 0.9068275568631968 -0.19981325905512543
0.9913991111692937 0.05529126905747552 0.1186198884620363 -0.05902702259985055 -0.002203371879429873 0.9132956302822629 -0.407291341498548 0.1293100532187004 -0.13085468094452385 0.4035269102220326 0.9055623033240545 -0.20134601291640639
0.9912711681760455 0.05611506699256188 0.1193003369622907 -0.059626495368906275 -0.001651597869536022 0.9101099864994451 -0.41436346930980666 0.1320239863389174 -0.13182846190172007 0.4105495240898503 0.9022584690110838 -0.20305356466126756
0.9913019076194546 0.056529492365928566 0.11884840950925003 -0.05985027054851452 -0.001536980062929725 0.9079631772456899 -0.41904714109298036 0.13405981521949897 -0.13159850167199558 0.4152195627120246 0.9001525143546075 -0.20495635196423698
0.9914568946809708 0.056779801292948996 0.1174277656889443 -0.05974924928672095 -0.0013102879857105584 0.9045698693813831 -0.426323391984001 0.13717389512240497 -0.13042817615438382 0.4225274021557459 0.8969164316103024 -0.2067761667140651
0.9914208254327036 0.056815841247907097 0.11771451516965607 -0.06017921554989256 -0.0006864816171571253 0.902838054092671 -0.4299802051550174 0.13892283066346056 -0.13070683089006474 0.42621052106377505 0.8951314518511918 -0.2086480539854824
0.9913744127661346 0.057337823504168384 0.11785222827085015 -0.06058706509027262 -0.0007508569257690063 0.9016922205373903 -0.43237781584654605 0.1401537308896563 -0.13105804029694962 0.4285598131161601 0.8939576481329337 -0.21054337540896045
0.9913598185809618 0.057962899270904894 0.1176690800985172 -0.060944271998397616 -0.0008789149528373447 0.8999846141029546 -0.43592077478191377 0.14160544808895084 -0.13116759360309277 0.43205091908948623 0.8922595282216409 -0.2125259072769758
0.9914207724223854 0.0585252552702689 0.1168744903943895 -0.0610282736925299 -0.0009903661502435475 0.897495487935178 -0.44102252585427837 0.1441072499507811 -0.1307052836892485 0.43712314469900754 0.889853631326054 -0.21416839734683524
0.9910299716414539 0.05929983671131743 0.119762785014158 -0.06233161374880513 3.561596810368283e-05 0.8960438543761488 -0.4439655502020853 0.1456473712521596 -0.13363979212734226 0.4399874320940872 0.8880042035708012 -0.21563114058334729
0.9906118653388402 0.06135560416373259 0.12216227767852163 -0.06351374318624646 -0.0001622260003510188 0.8941496382090924 -0.44776824158628786 0.1475242597922819 -0.13670444737690787 0.4435447151395846 0.885765194472621 -0.21703525632513826
0.9906292760633801 0.061596528683268766 0.1218995695657366 -0.06387585713423115 -2.499086423432082e-05 0.8926067696726476 -0.4508360612351457 0.1490604487603879 -0.13657831739188112 0.4466083545890459 0.8842439374005732 -0.2190337496069225
0.9907938864945407 0.06077650848042301 0.12096979169184902 -0.06382185534487786 0.0003531745872897041 0.8924004766726307 -0.45124412960411414 0.14974237068116572 -0.13537854243842065 0.4471326483845628 0.8841634718737574 -0.22108508973083216
0.9906029952343292 0.06146746125992148 0.12217797280620071 -0.06453000867418739 0.0010290448637847898 0.8899425675509334 -0.45607145002457977 0.15189167659567318 -0.13676493300346065 0.4519114710505972 0.8815165202271852 -0.22237269969194726
0.9907169050703788 0.0617644899237415 0.12109980095865887 -0.06467729588636212 0.0014116134205731962 0.8861025925371688 -0.4634870039671674 0.1544865120500367 -0.1359338859715182 0.45935535621495766 0.8777896304703722 -0.22443836863191452
0.9903853209081807 0.06293946226405474 0.12318904261137878 -0.06568483635001587 0.0013110186663244498 0.8861941213502793 -0.4633122710594499 0.15517700421123332 -0.1383300305777929 0.4590191753882627 0.8775911344505635 -0.2264293898470693
0.990647074949866 0.06236668725244477 0.12136214077885525 -0.06538508771817161 0.001845478134787337 0.8832258085637458 -0.4689443093773223 0.1577704091210698 -0.13643667800018094 0.46478227957622903 0.874849967416242 -0.2281873291645463
0.9903035238165097 0.06390191660043448 0.12335102663290423 -0.06650559746529407 0.0019964558803471574 0.8812865262444246 -0.4725781129336769 0.15946839602754148 -0.13890624492987447 0.46824203539924614 0.8726135750747024 -0.22972686903451142
0.9901980673269587 0.06389995075246775 0.12419574773632497 -0.06711230089725383 0.002918857766003621 0.8795451597479951 -0.4758064651023754 0.1612258658816551 -0.13963977847051542 0.47150515188883013 0.8707374024417449 -0.2313346921487766
0.9902185983284211 0.0647615424513354 0.1235842633340422 -0.06729879673897574 0.003012975318004435 0.875620382784658 -0.48299054569606675 0.16429618561442694 -0.1394921126954037 0.4786385775001588 0.866860463179858 -0.23293786560892746
0.9901859678694185 0.06481145270749712 0.12381932253264659 -0.06767285818008952 0.0035390600274452936 0.8740552429879322 -0.4858136548713211 0.16597164648038482 -0.13971121676022277 0.4814840680679406 0.8652478651277479 -0.23458217448745042
0.9896991479017564 0.06645207689072881 0.1268058284127454 -0.06908538392191281 0.003968458817573906 0.872670849070092 -0.4882927815541617 0.16713939316760457 -0.14310781941301215 0.48376617353861795 0.8634178833928893 -0.23575233300968285
0.9895679362707658 0.06782447143763755 0.12710287399984102 -0.0696845601230994 0.003992228835720839 0.8689998069377778 -0.49479631935881485 0.1699534667349923 -0.14401167179689892 0.49014199638095957 0.8596635747604701 -0.2373521756816949
0.9895729176333786 0.06764234781551418 0.1271611319097306 -0.07001281327109506 0.0044829508469698175 0.8679700850524903 -0.4965962490853898 0.1711763786081446 -0.14396299468357374 0.491988256197219 0.8586164521634544 -0.23901457733171877
0.9893956781741234 0.06898818712887111 0.1278155782642891 -0.07070920155070094 0.005044898110780183 0.8631444135058391 -0.5049319463419945 0.17489729229987117 -0.1451576419394264 0.500222302052133 0.8536433139879036 -0.2404884745974845
0.9894386500257368 0.068838955880317 0.12756314510293246 -0.07094233773815559 0.005530813244526266 0.861465467844764 -0.5077860354675561 0.17637765503932665 -0.14484670496803967 0.5031286573673899 0.8519864941391914 -0.24224277868362876
0.988899604955528 0.0706158102302189 0.13073246981651993 -0.07247581826337664 0.006253889595956243 0.8592874326359882 -0.5114547848820808 0.17803340419427469 -0.14845356238136995 0.5065950211553449 0.8493073791960701 -0.24399218055122357
0.9886526432961512 0.07100735383966039 0.1323778931854533 -0.07338196741069117 0.007402782778945605 0.8571283396498945 -0.5150497142763449 0.1797630965607492 -0.15003716109903534 0.5101852262362236 0.8468765466227272 -0.24544742835957842
0.9887463828594111 0.07129220395717445 0.1315219070624983 -0.07349477150763664 0.007456332206812596 0.8545715647317902 -0.5192801208036786 0.18212576093077862 -0.14941550619815058 0.5144170121669682 0.8444229651666043 -0.2469191389698142
0.9881370347062418 0.07351267094204735 0.13483726433341198 -0.07504423956181462 0.007506222222854279 0.8538232237744827 -0.5205089424508402 0.18315186999026437 -0.15339119032686785 0.515346281401465 0.8431425460595552 -0.24819940710795643
0.9877560923488923 0.07454326880063636 0.1370445296396744 -0.07619239113044836 0.008466849071896336 0.8515463959782017 -0.5242108811950882 0.18476747636455232 -0.1557761679283368 0.5189528269246194 0.8404889939389504 -0.2498248464071851
0.9871568943094946 0.075157548544467 0.1409702412355745 -0.07793535134017661 0.010125076544842397 0.851213539938584 -0.5247218236839283 0.18526596703099332 -0.15943258400399588 0.5194101003272976 0.8395203385480282 -0.2515250454196071
0.9873018030139206 0.07488074101057075 0.14010005136032724 -0.07804454582012459 0.010814445762797631 0.8482040511304602 -0.5295591897122748 0.18747885586529975 -0.15848721566202792 0.5243498472123227 0.8366235952924782 -0.2531252509814802
0.9873431372171579 0.074553132619748 0.1399834269003286 -0.07831659408110483 0.01185236288997072 0.8454739094564923 -0.5338851842131239 0.1893945264452999 -0.15815514814289783 0.528787007068952 0.8338892314156352 -0.25482296324943127
0.9873597947903605 0.07579936333782215 0.13919444007974932 -0.07874460386855162 0.01177954035832335 0.8407032395596976 -0.5413679944573543 0.19225837085825448 -0.15805656601508483 0.5361646384380576 0.8291836964316812 -0.25675441499290963
0.9873822072027034 0.07614786232070787 0.13884480531694685 -0.07905016799261573 0.012041081776452228 0.8381518871517025 -0.5453039761579721 0.19397411572114748 -0.15789676769702185 0.5400952852303276 0.8266593576696537 -0.25850967913232487
0.9873945056216369 0.07584426601361592 0.1389234954248417 -0.07955330274939923 0.013265739685358153 0.8349719106297515 -0.5501326463771298 0.1961229801334134 -0.15772162318084543 0.5450408753223566 0.8234405466146535 -0.26010094057323757
0.9876679806538021 0.07528078112170342 0.13727623241094544 -0.07951196464724176 0.013375870790520737 0.8330326994461907 -0.5530620288303919 0.19726557126227615 -0.1559905319941988 0.548077846338548 0.8217527780793117 -0.26234370859417816
0.9876479072197113 0.0760935692539128 0.1369721872597547 -0.0798059310035872 0.013614587445971644 0.8291819571667249 -0.5588129605850576 0.1996086094964928 -0.15609693902571392 0.5537752708701987 0.8179038421473769 -0.26337994197378295
0.9877705441226904 0.0764314318624548 0.13589550539666725 -0.0802723391038822 0.014338845899402713 0.8233769810653562 -0.5673136209804723 0.20206911621802573 -0.15525382334047036 0.5623242687944008 0.812211590081679 -0.265744331973479
0.9886770183148474 0.07270207473635948 0.1312713288768281 -0.07993530540446411 0.017837913296846745 0.811654042348232 -0.5838660157852915 0.20450353502003638 -0.14899517544294466 0.57959651816484 0.8011668451863951 -0.2691745200192676
0.9887962426253172 0.07297168232444952 0.13021952291723016 -0.08205756245842806 0.01868834078266814 0.8049858192127567 -0.5929996431577002 0.2017437774012982 -0.14809705091203668 0.5887894058533231 0.7946032337374731 -0.27519282406336665
0.9895910967227827 0.07595876007806712 0.12222818027934208 -0.08232534870995176 0.0187638423051223 0.7739934430314437 -0.6329155301983683 0.21286643337931804 -0.14267928899789664 0.6286210439618899 0.7645117419499318 -0.2790669112106617
0.9898245015736509 0.07234208267795275 0.1225319515811545 -0.08433793057225275 0.022789261881738507 0.7694100222611674 -0.6383485467884747 0.20925947304016068 -0.14045677494288336 0.6346454448886312 0.7599322691232137 -0.2853043684254701
0.9903926870562608 0.07074297877316515 0.11881816519276515 -0.08496080834583165 0.022991752930849964 0.763035649620846 -0.6459473482450891 0.21062429528343615 -0.13635873541010335 0.6424733678231306 0.7540784222581647 -0.288988987166076
0.9916328572963861 0.06263067755765053 0.1128790262133367 -0.08370506125456317 0.024983223909905216 0.7647770841841867 -0.6438104146639777 0.2097933300886974 -0.12664957502206303 0.6412436430370327 0.7568133689433124 -0.2928782865839761
0.9913787282123203 0.0617997404498434 0.11553791294830777 -0.08529203318015198 0.027448537008413515 0.7642643658653421 -0.6443186764983195 0.2107279008542056 -0.12812023674742642 0.6419351767497876 0.7559791225867307 -0.2949173786539654
0.9912046261446443 0.06410366935880084 0.115776114480449 -0.08593499879403896 0.025624435429193692 0.7653266251547054 -0.6431318256300538 0.21380859362628296 -0.12983365287315793 0.6404419383551089 0.7569526710287534 -0.2955982540695594
0.991021188353715 0.06333034046032839 0.11775513666573492 -0.0869443938362772 0.026948376575835212 0.7680261561645926 -0.6398512393103336 0.2173432525895635 -0.13096102181150726 0.637279445317533 0.7594235441055698 -0.2955171656123329
0.9908811725480354 0.06281679349037474 0.11919963232080187 -0.08802145577402148 0.028452105933945804 0.767173890767173 -0.6408078487293077 0.22085445770281206 -0.1317003400062063 0.6383559130929612 0.758390894368796 -0.2961307356543116
0.9909428795138671 0.06276338568463469 0.11871380272808937 -0.08849934852564763 0.028448002823631795 0.765863881074732 -0.6423731211690736 0.2264015497950894 -0.13123612565185183 0.6399322410088067 0.7571418666546836 -0.2959860712663812
0.9911020130976297 0.06115482895976575 0.11822388307243238 -0.08874375559584757 0.02910846091866317 0.7671219128346892 -0.640840595118471 0.23163018705432273 -0.12988262831021358 0.6385797191766681 0.7585159491530022 -0.29553407205183835
0.990979442281582 0.061331238426660134 0.11915630142100551 -0.08937256719785318 0.02916042790641508 0.7691470339822092 -0.6384062261293252 0.23690240740053303 -0.13080296028605845 0.6361220946559123 0.7604204536116711 -0.294299672338663
0.990888434778155 0.06360256196959839 0.11872162369929798 -0.08963370625488 0.026457291423569538 0.7723814069838683 -0.6346077322851892 0.2376444263778255 -0.1320610523713282 0.6319665151386791 0.7636610519006795 -0.2968518298557413
0.9903690388763461 0.06992413115490895 0.11949804482655682 -0.09016656513444825 0.0216793113304843 0.7741308655992264 -0.6326542581748978 0.23425389399721788 -0.13674492420333081 0.6291518249268822 0.7651593343191992 -0.30260886503348233
0.9896307705142894 0.07682251378895975 0.1213640779902998 -0.09152592398643758 0.017955191056339432 0.7721558825091333 -0.6351794267926772 0.2304763080224036 -0.14250806701875127 0.630772220759356 0.7627698580521457 -0.30902112835282974
0.990061424467161 0.08780552915916352 0.10985701994470674 -0.08882165797025661 0.00616183815283355 0.7533129512453164 -0.6576333547172406 0.23477873518940556 -0.14050056061322586 0.6517743371253228 0.7452850501198963 -0.3135158451411609
0.9884579894034493 0.09742957040195839 0.11600983577169932 -0.09203865001126985 0.004257774612599343 0.7475968648675428 -0.6641391412916207 0.23401254674288685 -0.15143538073988913 0.6569675840188113 0.7385532607799198 -0.3181187628860889
0.9881961898048308 0.10107564218674264 0.11511735321726559 -0.09292446107546687 0.001994995754129386 0.7428954113531797 -0.6694045322391632 0.23361900608301678 -0.15318064645101936 0.6617326668277229 0.7339247694456966 -0.32343857939862336
0.9877891479970451 0.10321551852603027 0.11670113896047048 -0.09494886725155668 0.00251389391232607 0.7384036622492265 -0.6743542925750007 0.23451989840495602 -0.15577637637545041 0.6664132263936059 0.7291276515473815 -0.32765750335384186
0.987245631755768 0.10145957590825753 0.12268666201208502 -0.09840459467615849 0.007811882153223335 0.7388230582031516 -0.6738541853877354 0.2354043205845397 -0.15901269470194915 0.6662180147097957 0.728607246601188 -0.32957432475277054
0.9869259169181193 0.09718012962727723 0.128581713011422 -0.10226670055966029 0.014263147212190724 0.7419888426119833 -0.6702604867295511 0.23627708896422403 -0.16054219740283096 0.6633314253410264 0.7309019243428725 -0.33093720512364444
0.9861189945225131 0.09423508324522306 0.1367080016958423 -0.10701479643927436 0.02118078156432904 0.7452232793052697 -0.6664785356437415 0.23699219417232642 -0.16468364561858836 0.6601227257618605 0.7328828581693695 -0.33260471289906907
0.9864651966423302 0.08966110861811592 0.13728547415795955 -0.10988085976504076 0.02465751042419579 0.7466198244580259 -0.6647938363928694 0.23870908205976507 -0.16210620898992772 0.6591811005540432 0.734303652230653 -0.3349936993978957
0.9863158229209941 0.08474345271368339 0.14142009997819283 -0.11448947398924328 0.030782686157938312 0.7480400272735798 -0.662939321378243 0.24094473454348891 -0.16196766247797834 0.658220832865922 0.7351950839693592 -0.3380468312462104
0.9854031153046379 0.08297428880131148 0.14864712491611515 -0.12004315456805151 0.037637848680982404 0.7453808062821848 -0.6655755749520781 0.24291934784497443 -0.16602437379667548 0.6614550030229109 0.7313775948724327 -0.339230804186171
0.9861211601478919 0.07346873565876413 0.14888721365273191 -0.12384496889525713 0.04373454775786244 0.7501442637756641 -0.6598263959988898 0.23924244860835003 -0.16016350033945637 0.6571802860746601 0.7365200097443669 -0.34572410264197795
0.989721426610561 0.0676815934026275 0.12597896499984976 -0.12218575305926747 0.03340494626752854 0.7471351680606977 -0.6638321702145646 0.24098588521135966 -0.13905253421932146 0.6612172430914043 0.7371947844130401 -0.3485501410156329
