1.0 0.0 0.0 0.0 0.0 1.0 0.0 0.0 0.0 0.0 1.0 0.0
0.9999282656531472 -0.0026926331223823116 0.011671044287355466 9.007411873076604e-05 0.002691620629350784 0.9999963723336625 0.00010245927233583363 0.0003858344748657521 -0.01167127783393139 -7.103789891692303e-05 0.9999318857938975 0.00489336596863509
0.999851762884314 -0.004505592518198571 0.01661781854486371 0.0016288079104907495 0.00454077890729961 0.9999875268331999 -0.0020802655924000994 0.002026020837843864 -0.016608238438952202 0.00215541505976266 0.9998597504659715 0.01398730288946147
0.9998374036880271 -0.007456670406629967 0.016418412007030952 0.0036222765282743026 0.007569178778049626 0.9999482247548611 -0.0068011280113965565 0.00484761321096721 -0.016366848169750297 0.006924296068797531 0.9998420777327488 0.022954459555624925
0.9998889162864785 -0.00867344032734523 0.012121325024107775 0.00556358762697358 0.00881961822977932 0.999888396055562 -0.01205859725324964 0.007880270659107465 -0.012015382712715796 0.012164163198638575 0.9998538211718472 0.03334257377477391
0.9999299673386094 -0.011128663274158575 0.004026570741792527 0.006481292161933765 0.01119203652326003 0.9998081589191877 -0.016074317313211944 0.009974534986998091 -0.003846912615368811 0.016118257112796068 0.999862692098758 0.044233345590189994
0.9992845929982521 -0.014958520393655464 -0.034735354668565976 0.033406646176816907 0.014142875618750673 0.9996212053067886 -0.023609849009155637 0.01529620815999969 0.03507536550844546 0.023101700557213545 0.9991176257907843 0.04071684362164261
0.9985252080826209 -0.014422262874920431 -0.052339346166396454 0.033123685805597464 0.013035598838602168 0.9995574493104477 -0.02673908545388709 0.017052963466701262 0.052701821472110874 0.026017376146681707 0.9982713128964309 0.052930608965916476
0.9973134115404736 -0.009033719919651843 -0.07269354211975029 0.031535442254612585 0.006913925030035411 0.9995449997891418 -0.02935968387437328 0.0190579231179846 0.07292569370380855 0.02877820878611736 0.9969220921901975 0.06723465726547095
0.9954620806139657 -0.005485107632367927 -0.09500084028037 0.03536310527318979 0.0025611707802929546 0.9995200451083533 -0.030872638870510217 0.0193082920294949 0.09512458390946728 0.030489227947852405 0.9949983520163208 0.06265249404635269
0.9937068614724127 -0.005237967127236995 -0.11188939700893082 0.03708688164471606 0.0017467389016492508 0.9995092048147747 -0.03127776196829518 0.019442666602646406 0.11199831412060507 0.03088548511695831 0.9932283042902232 0.06084857565521731
0.9911997497903547 -0.006216390211456927 -0.13222863724729994 0.034217376939710185 0.0021464687033104645 0.999520184786892 -0.030899722906224673 0.01921017989632078 0.13235727667055178 0.030343972981708656 0.990737500358213 0.06937281051816215
0.9884826506947699 -0.006153725215954201 -0.15120906368802364 0.031423886069761986 0.0014959612615765459 0.9995214252119404 -0.030897939125350764 0.019385596679125167 0.15132683626953383 0.03031587386595595 0.9880187935542504 0.07892082789752969
0.9856338861076436 -0.004109870248347817 -0.16884594020256347 0.029156047832166396 -0.0011070438871030486 0.9995252091434275 -0.03079173169240955 0.01944104339113983 0.1688923237159644 0.030536294033937098 0.9851613663438566 0.08869218995568295
0.9829933587060322 -0.0010186150761342884 -0.18363828349002176 0.02537317883057558 -0.004764544138071536 0.9995065342162761 -0.03104814290939576 0.01987264070299308 0.1835792903869919 0.03139507098721994 0.9825034318813932 0.10251989476104478
0.9805386296238084 0.0005981553091106873 -0.19632533719744588 0.0222289516614205 -0.006995416471831916 0.9994668023958984 -0.03189318198144335 0.019921173209808574 0.19620157992190265 0.032645874452096525 0.9800199931212664 0.11072168822259933
0.9779600688229837 0.0002213588287642472 -0.20879189349209545 0.01839067670220063 -0.007492848149385487 0.9993925127533687 -0.034036196601784696 0.0205568112243586 0.20865752086698525 0.034850487123913296 0.9773676291615501 0.12819963909153378
0.9759290687455197 -0.002263768007933517 -0.21807642727243498 0.013530204339598052 -0.006041973170794442 0.9992816597489603 -0.03741201744846142 0.021000898955881402 0.21800446632513587 0.037829087271131136 0.9752143419877117 0.14340483211638752
0.9741288288016781 -0.0010518365919495987 -0.22599097003476562 0.00893328623171989 -0.008272403274551409 0.9991530418352621 -0.040308390384688704 0.02133998349298902 0.22584196297750816 0.04113505355685266 0.9732950812201508 0.1605942364864012
0.9724190565575318 -0.0007722457901704838 -0.23323932361460642 0.003709492678562746 -0.009586285493496957 0.9990172166183767 -0.04327475049618148 0.021855074782497118 0.23304351862730965 0.04431709079473941 0.971455976300158 0.18004901470516624
0.9699012641896291 -0.0013811717565941524 -0.2434946202443443 0.0015221465948673423 -0.010178348251884954 0.9988799423106344 -0.046208896073866586 0.021643792181504064 0.24328571464478266 0.04729643976115936 0.9688008607736146 0.1831273011164291
0.9678461946165091 -0.003230028801127991 -0.25152198806522924 -0.004424545563392786 -0.00962497957936036 0.9987097435863059 -0.049861887588320754 0.022646002774476818 0.25135851553993344 0.050679532157641836 0.9665663358951849 0.20624850106782913
0.9660634181219397 -0.0075261525328779375 -0.2581953314732933 -0.010514810780359287 -0.006200659299137959 0.9986116975981016 -0.052308978622159344 0.022544262284135183 0.25823056362640057 0.05213477196928632 0.9646755628504857 0.22648984637867506
0.9637356407048039 -0.005439753385571287 -0.26680334315447196 -0.017628742103433317 -0.010159094426412689 0.99831959840756 -0.05705061117817634 0.02347434910567041 0.2666653476470733 0.05769218767279126 0.9620609148311725 0.2513510971255526
0.9613827220380877 -0.00019229930250324326 -0.27521487021527874 -0.025644405223493285 -0.017688321402220274 0.9978890690971877 -0.06248623098187346 0.023404577053474443 0.2746459266994627 0.06494127191029436 0.9593499080888401 0.2746636841538181
0.9585397533067763 0.0027499954073164747 -0.2849455717428186 -0.032162061854635264 -0.022489987813791912 0.9975643171007536 -0.06602752225733668 0.022712981873849698 0.28406995930354545 0.06969842733209705 0.9562669017845978 0.29645411948549044
0.9561146032122004 0.0019451708927994966 -0.2929864874607233 -0.04046235084679165 -0.023114012141430523 0.9973621709300713 -0.06880728479152023 0.02217480410776355 0.2920797972594147 0.07255974302499714 0.9536374970212972 0.32105982319371196
0.9534156560448533 -7.123361941465344e-05 -0.30165971181835305 -0.048936773976340074 -0.02249091661189091 0.9971999220731709 -0.07131952108097257 0.02086816643780417 0.300820121465499 0.07478175140389548 0.9507444158018743 0.34754792073562013
0.9507014535088415 0.0008432307977671248 -0.31010649019005787 -0.055693980658916134 -0.025160317366314 0.9969092464795547 -0.07442387193362797 0.02006198622684694 0.30908527096288724 0.07855726093359319 0.947784285599001 0.3678963257419732
0.9480382679649729 0.0034119605894001154 -0.3181380219321631 -0.0643794212409391 -0.029886943348933957 0.9964758645528288 -0.07837488105860256 0.01891791429410539 0.31674944844660863 0.08381055952938636 0.9447992257724066 0.3918406685165058
0.9454481253552307 0.002601268101518291 -0.32576229933272294 -0.0725294083587376 -0.031544162170985386 0.9960003180618365 -0.08359624545188166 0.017461641236269212 0.3242418975012469 0.08931181234856134 0.9417486883876212 0.4153756517243719
0.9439721855553757 0.0022390998568911835 -0.3300174227667937 -0.08409625944562493 -0.034406262507793474 0.9951955588894282 -0.09166247142098996 0.015452970766720817 0.32822663206700714 0.09788148956053835 0.9395139658373143 0.4437149601666035
0.9426950107091715 0.0025638570411668617 -0.33364583531209524 -0.09191675136839556 -0.0382369179539265 0.9942125355424728 -0.10039607699303918 0.01411963383317201 0.33145747070992093 0.10740046930660922 0.9373372308317324 0.46134305682174115
0.9410460162172413 0.0025135698896731344 -0.3382692379275236 -0.09898946907491238 -0.04193886861116535 0.9931245605775268 -0.10929198725116888 0.012523917049117123 0.3356687752253303 0.11703541833181902 0.9346813276163277 0.4807614344078453
0.9394883800750712 0.0032202917385472925 -0.34256563374780596 -0.10201150916431005 -0.04657377473188703 0.9918725707840446 -0.11840475849168164 0.011791505429340134 0.33940015794212713 0.12719446940558593 0.9320027359088001 0.48847284039312233
0.9381169983527624 0.004146207844072849 -0.34629367069312067 -0.10991925850189406 -0.05063368850155701 0.9908254192921949 -0.12530450140826072 0.009755033518829826 0.3425970329561088 0.1350844085931428 0.9297201060344502 0.5075660794643115
0.9365796927682171 0.004319774784253382 -0.350428050589567 -0.11617117118261822 -0.053641868884267405 0.9899082966193044 -0.13116445473858407 0.007666906543397484 0.34632503374257234 0.14164358026426832 0.9273597291090031 0.5183064487598309
0.9351626482529563 0.006035171154071443 -0.35416718936352204 -0.12471529154366424 -0.05817831051952887 0.9888934909460688 -0.13676603287947633 0.005198200701924805 0.3494082218517604 0.14850333421724127 0.9251273718946764 0.5381117786314955
0.9179076669942691 0.011163203115324654 -0.39663698487324917 -0.07619171637701073 -0.07002802524337119 0.9884713240470747 -0.1342405200270632 -0.005017578928089914 0.3905657314123319 0.15099610734329696 0.9081071440163431 0.5591601920242008
0.9159446445716195 0.010008249189632869 -0.4011798138350517 -0.08078393778941387 -0.07083932550530397 0.988022749788276 -0.13708696459826555 -0.006460374997561897 0.3950027823225077 0.1539833784827775 0.9056831240055788 0.5657120285943134
0.9139380744354968 0.009374117136202943 -0.40574539063931697 -0.08641331912514345 -0.07150376370062218 0.9878142507721943 -0.13823971118319467 -0.007856764071976937 0.3995052038131431 0.15535485798417698 0.9034713389072908 0.5734192525098338
0.9117150276099277 0.009954546950236806 -0.41070258755606026 -0.09441214534701117 -0.07262054136349154 0.9878685810465843 -0.13726588634136563 -0.009924922461453102 0.4043537626909157 0.1549728156033257 0.9013775352324207 0.5868423887923526
0.9093776441387195 0.00974674346593909 -0.41585730886028827 -0.09715919885264104 -0.07251250148168184 0.9881329693832878 -0.13540742943662393 -0.010628559907692361 0.4096025359657596 0.15329134290485422 0.8992927925435865 0.5903332044553316
0.9066703080321625 0.010007441050879041 -0.4217212392759898 -0.10007899947653885 -0.07303409051012007 0.9883453425367887 -0.13356461173977316 -0.011318096796628502 0.41546958270879886 0.1518990948276162 0.8968342605154671 0.5950669557677297
0.9032677358847354 0.011391861070244536 -0.42892612745205955 -0.10995444951229266 -0.07427522038421419 0.9887075801717364 -0.13015572422227162 -0.013769708651157855 0.42259979761772365 0.14942404897573602 0.8939137903853779 0.6141415769084352
0.899360893394112 0.014230989020347837 -0.4369753567248931 -0.11942265990753277 -0.07585221766331522 0.9893921338390914 -0.12389369060966918 -0.01612067172144765 0.43057685087438485 0.1445706901444047 0.8909000454833672 0.632950403935187
0.8950310403014317 0.018470413117885474 -0.44562123012283855 -0.12900544150457094 -0.07911885493872355 0.9898707761862342 -0.11788152207044662 -0.018542874914379066 0.43893011253515374 0.1407646627947294 0.8874264285100826 0.6516855724861775
0.890449944270764 0.023419875383629853 -0.45447816909639177 -0.138481709610256 -0.08395822861235899 0.9899862497610407 -0.11348233841590863 -0.02058710189397474 0.4472693959980587 0.13920752393848 0.8834994921800728 0.6695308556230178
0.8861255387814173 0.024210533078497895 -0.46281246699651224 -0.1479641820337697 -0.08516392575824076 0.9901350882487434 -0.11126370822552792 -0.02251801399262714 0.45555310916378106 0.13800853997744042 0.8794458525824684 0.6868299510620619
0.8814265400499631 0.02489410385196747 -0.4716646457907962 -0.1596550470871041 -0.08733119019806383 0.9899814630592302 -0.11095028624430878 -0.024348460782524672 0.4641772481651154 0.13898556181313013 0.8747699674162042 0.7080483677724404
0.8607158588040708 0.023343917711882257 -0.5085501665608135 -0.12873100562491852 -0.09134248986624177 0.9898184136727423 -0.10916069576276088 -0.026665796761986854 0.5008240808389763 0.14040858043664914 0.8540846975514528 0.7457209054627447
0.856018093726428 0.024158849227561202 -0.5163810349121781 -0.14003393141837897 -0.09276288420790489 0.9898719441387257 -0.1074643267342643 -0.028443557400653522 0.5085548844779713 0.13989240226337316 0.8495893391883969 0.7637896452212651
0.8518259577156108 0.023130033510748587 -0.5233139968619926 -0.15105289946271494 -0.09132787180392325 0.9902814683857271 -0.10488962390805286 -0.030525394716791346 0.5158020527233753 0.13714085795851583 0.8456598769509829 0.7778269996232211
0.8471224891054611 0.024215248815743416 -0.5308456557009384 -0.16054710108443776 -0.09160679877183386 0.9906604248742846 -0.10099562865132711 -0.03192835623449886 0.5234421485422661 0.1341847394925788 0.8414290064032509 0.7928591979367128
0.8438570158158931 0.025014190123540232 -0.5359847266021283 -0.16507360479678151 -0.08972362666041711 0.9914263552703761 -0.09499185698889372 -0.0329510629179561 0.5290132396048293 0.12825003847079047 0.8388664494155438 0.8021181282079706
0.8392915668150452 0.025671355008321517 -0.5430751765687529 -0.17479049099298036 -0.08929368128594178 0.9918290419374322 -0.09111415944779633 -0.0343530367141162 0.5362987081427193 0.12496452737281098 0.8347260404126237 0.8169178191869708
0.83449874519929 0.025466060976273967 -0.5504210424749056 -0.1889776003614667 -0.08919502916506764 0.9919999227921935 -0.08933308431103949 -0.03631050981647919 0.5437426698660418 0.12364316769895814 0.830094136859376 0.8387972150522467
0.8304267810846995 0.026077101056825754 -0.5565171570201365 -0.20390695740757414 -0.09039241052518895 0.9919750743108827 -0.0884005886030336 -0.038269238615899585 0.5497459171078471 0.12371514356128344 0.8261198399002774 0.8609518735840113
0.8268890266419956 0.027172295386564346 -0.5617082908258313 -0.21359610701417758 -0.09125970155989252 0.9920761013099937 -0.08635204734550879 -0.03956583087068997 0.5549109878982843 0.12266489136255225 0.8228165773346818 0.8749387078889916
0.8235508276583542 0.026328930260999122 -0.5666311160663081 -0.2246961265695471 -0.09021208212177806 0.9922879456631558 -0.08500831212796742 -0.04115571352409549 0.5600230481886359 0.12112563858615412 0.8195747465451839 0.8908775121880347
0.8207997004893779 0.02504240120110371 -0.5706669167024038 -0.23603591594909246 -0.08946293004987693 0.992345402852477 -0.08512922873164915 -0.04252143427064651 0.5641668510497891 0.12092757989655398 0.8167571760302599 0.9067787959062159
0.8186131189477913 0.02451375626492178 -0.5738219560459067 -0.25604838332458385 -0.0894891690015661 0.9923307326938706 -0.0852725370952172 -0.04505718169689008 0.5673308118884202 0.12115606755350697 0.8145286717955318 0.9345323251135808
0.8171219422303003 0.024201863227234808 -0.575956596751968 -0.27766221143786357 -0.08986911182380654 0.9922505316133561 -0.08580457594448028 -0.047649186621998026 0.5694166087020797 0.12187350954716117 0.8129646815236672 0.9645435598198238
0.8165162547425675 0.02521680057666533 -0.5767714614211109 -0.2885528332231774 -0.09086446851758427 0.9922073471037133 -0.08525390732645767 -0.049056556432230995 0.5701270508423385 0.12201923341050748 0.8124447381672962 0.9797502628076481
0.8164637520065011 0.026730359401057554 -0.5767776257326167 -0.30463014660195903 -0.09193059826275511 0.9922033464790586 -0.08415036743120938 -0.051036916214633486 0.5700313208609811 0.12172923692378089 0.8125554049512173 1.0015895187765544
0.8155617032330837 0.024580150421340142 -0.5781478395919278 -0.3258598107871011 -0.08972890809471824 0.9923850290724823 -0.08438410469357904 -0.054142906154825685 0.5716710866150897 0.12069701851359732 0.8115567746314787 1.0327105048477143
0.8146599193835655 0.021898579842523552 -0.5795253816277945 -0.3449874823797492 -0.08783406899917105 0.9924183459568116 -0.08597094236655849 -0.05629920239424079 0.5732489791294945 0.12093915333433544 0.8104068910848207 1.0598417897176842
0.8135608939182254 0.02010102351832258 -0.5811321886976244 -0.35914004820469475 -0.08645637106338787 0.9924753570184607 -0.08670617978914816 -0.05801022311286523 0.5750164934934683 0.1207833372804129 0.8091770001958037 1.0778006063100496
0.8117871390257424 0.021509914714074325 -0.5835571647074442 -0.37334606111565344 -0.08775729949183539 0.9924660797937838 -0.0854969990388948 -0.059467142554045234 0.577321658435137 0.12061676511890768 0.8075588515234983 1.0958371692764837
0.8096595989130577 0.02309426129323035 -0.5864452139656907 -0.38344080360604965 -0.08782996202190914 0.992740991281997 -0.08216582014235245 -0.060689829066220606 0.5802906441251429 0.11803380585135646 0.8058106409182432 1.1075918326949605
0.8073655391048515 0.023594953578596388 -0.5895796506253881 -0.40710263114542933 -0.08637848590895571 0.9931617557645681 -0.07853969734289809 -0.06352858665169876 0.5836948204652886 0.11433724263013267 0.8038826727263944 1.138109227225488
0.802700099386527 0.023585590423517138 -0.595916328329097 -0.4254752973989937 -0.08605371854799786 0.9933414832446459 -0.07659931585455602 -0.06579169889349776 0.5901417693816619 0.11276709444558022 0.7993849350853327 1.1626720109040518
0.7968545347145833 0.021770680810562576 -0.6037788402733635 -0.44069529280104697 -0.08680379837068 0.9931077850296779 -0.07875295487705304 -0.06733848249731707 0.5979029612681509 0.11516494592752435 0.7932522197487284 1.18083162906443
0.7903171032200129 0.017065221907641048 -0.6124603289676557 -0.45319290945778623 -0.08460308408214268 0.9930759717523102 -0.0815011195750804 -0.06908168803700908 0.6068288016580248 0.11622776144039279 0.7862886956766192 1.1940152653921583
0.7831068729368826 0.017400878235449505 -0.6216436559602706 -0.47368710115223 -0.08624366100965486 0.9929881691508577 -0.08084879010891427 -0.07111040823740652 0.6158779558440671 0.11692606793636182 0.7791165754508584 1.2192964338883672
0.7765040394797728 0.021371881831155036 -0.629749727541497 -0.4993811474503311 -0.08842649966590575 0.993230484493617 -0.0753256850576644 -0.07394396357315577 0.6238767753558621 0.11417726279590942 0.7731373240453494 1.2496322067596874
0.7706959999397595 0.02608302056213618 -0.6366689498595088 -0.5254652033409091 -0.09238363804631437 0.9931786965980153 -0.07114309555529234 -0.07645287489182696 0.6304704109616733 0.11364749298694375 0.7678484930242429 1.2802499626165937
0.7667206073724195 0.027314248674488534 -0.6413995962345289 -0.5419796075574165 -0.09655809441578288 0.992635504743085 -0.0731525059463309 -0.07759490803565987 0.6346779062116944 0.11801985656144395 0.7637115088984552 1.2965855207356556
0.7638327184402512 0.02647541906872072 -0.6448710184411391 -0.564878747369386 -0.10027551755445313 0.9918935622549644 -0.0780511482064012 -0.079028144267347 0.6375769748190113 0.12428279584193117 0.7602955924101825 1.31871118461831
0.7606778170874143 0.02356397025124472 -0.6487017788607686 -0.5780823157344114 -0.1030814461961602 0.9910450972172873 -0.08487538354363534 -0.08059148387741293 0.6408927164832143 0.1314319389934197 0.7562950293180535 1.3337284856202412
0.7582615118221321 0.022744089997412904 -0.6515536708970378 -0.598023866084176 -0.10388504257997382 0.9908371637745378 -0.08631113955556557 -0.08261667540845637 0.6436205229926806 0.13313309601077136 0.7536764565310596 1.3520787244072445
0.755476599477347 0.025521004120301415 -0.6546783836288139 -0.6166531224622283 -0.10518633563538911 0.9910036985706463 -0.08274964782337141 -0.08448553799788404 0.6466768454473556 0.1313786427391633 0.7513645651707771 1.369975491863407
0.7521428338122951 0.02897351575733215 -0.6583628884813231 -0.6292703415525596 -0.10643119772056292 0.9912584907666532 -0.07796797185239232 -0.08574144141937158 0.650348796951741 0.1287134020514927 0.748651656269959 1.3838324667522552
0.7488159712930819 0.030701954264140307 -0.6620664854384052 -0.6485316978050505 -0.10753368694800733 0.9913188609298901 -0.07565330221494296 -0.08753701304205659 0.6539962899801236 0.12784485116351305 0.7456168900469008 1.4051454078848518
0.7454277988988615 0.030524823985691164 -0.6658871013538576 -0.6646639364479556 -0.10858004722251555 0.9911695299362846 -0.07611396896123897 -0.08915081007941804 0.6576836397341471 0.1290395212580994 0.7421597078658504 1.4226302410766163
0.7422722488018982 0.030806423991051487 -0.6693899259022784 -0.6846973312642464 -0.11201925977631032 0.9905904567127729 -0.07862717411136345 -0.09029938775642336 0.6606690503555777 0.13334733334587376 0.7387387187577236 1.441009104884026
0.7389621828568538 0.02900754158526819 -0.673122169326352 -0.7026390854301179 -0.11359312045323684 0.9901347611451438 -0.08203510076629777 -0.09128586615982158 0.664102021750522 0.13708288479317884 0.7349672015836141 1.4561887769170991
0.7342620119388312 0.027777239296419592 -0.6782976653362517 -0.7172882629658776 -0.11341195804271652 0.9901400569710993 -0.0822216233978507 -0.09286745771650677 0.6693257992909405 0.13729928098257133 0.7301725014304576 1.471731477476368
0.729328576344267 0.027535083936151276 -0.6836092793988935 -0.736027259785967 -0.11335095448920966 0.990243982358867 -0.08104576804762538 -0.09500103810270898 0.6747083731835773 0.13659675894644874 0.7253343619333743 1.4913699000800762
0.7239639089112161 0.028047331660542647 -0.6892674414047977 -0.7521106405874795 -0.11480479419888874 0.9901377618508224 -0.08029365968734821 -0.09669468747220132 0.6802176988457022 0.13726091848651317 0.7200439725692419 1.5080195712633881
0.7180325414611824 0.027300453031423897 -0.695473906532139 -0.7632759740787678 -0.11617797863814561 0.9899128416353364 -0.08108787360019225 -0.09785594840672757 0.6862448154138209 0.1390224846193089 0.7139613449535791 1.5192840169379032
0.712090762688856 0.026036245492167542 -0.7016044894482043 -0.7787037515612634 -0.11672557366209681 0.9897948408366837 -0.0817393020910449 -0.09937974139492213 0.6923163194280901 0.14010098848241243 0.7078628588079702 1.5345071147205411
0.7065245285844499 0.024520990640011276 -0.7072636082300242 -0.7898343352702232 -0.1168259315600973 0.9897290720993703 -0.08238971754064546 -0.10044596970667068 0.6979790772105107 0.14083708623563995 0.7021325536656297 1.5451072910179229
0.700905489402991 0.023592502778235967 -0.7128638640984774 -0.8097049413020546 -0.11797085956352282 0.9895218201261601 -0.0832432807381321 -0.10232027848329849 0.7034304309728124 0.142442835224744 0.6963445034424692 1.5625813010444929
0.6942734271483978 0.02151814921753873 -0.7193895868094491 -0.8320055228527303 -0.1179459913952607 0.9894410875571266 -0.0842322822174012 -0.10443482864151607 0.7099810923323289 0.14332935326727472 0.6894806342621793 1.5837440152676923
0.6876740802889044 0.020392474562000034 -0.7257330819799024 -0.8497670026729344 -0.11807122349828648 0.9894393652723981 -0.08407692091747415 -0.106165089715145 0.7163543435203193 0.14350571218799738 0.6828195699370279 1.6000998012158587
0.6808191036520257 0.02104093115552741 -0.7321493203702103 -0.868923918419751 -0.11873584278312208 0.9895363257617369 -0.08197353009682155 -0.1082912411878343 0.7227635489847524 0.1427415118809585 0.6761935470299191 1.6177045045131924
0.6738611963498756 0.020873998898576947 -0.7385630401149904 -0.8883743961134356 -0.11906754908457363 0.989603798451401 -0.0806674708016927 -0.11038413450101989 0.7292009371969481 0.1422975694118931 0.6693410154252913 1.6350425342400983
0.6667656265975317 0.018917536256365868 -0.745027332391229 -0.9127375658472413 -0.11889180792121681 0.9895751574728543 -0.08127573882648212 -0.11271036987124261 0.7357230030366224 0.1427695154245342 0.6620638400246744 1.656703630562532
0.6595465209428465 0.016954437775949443 -0.7514725103101839 -0.9340105811618234 -0.11950788590713834 0.9893940835598463 -0.08256641340622994 -0.11465574919077857 0.7421025885402869 0.1442632817333109 0.6545776146686816 1.675331067214168
0.6527980628917536 0.01718888069092507 -0.7573369339107714 -0.9555530846862441 -0.12145591726500023 0.9891840471598063 -0.08223977751583282 -0.1167494475679588 0.7477320036256921 0.14566901944178245 0.6478251211004228 1.6938195411493642
0.6474494264541807 0.017857507566787008 -0.7618991728619052 -0.9744207981601476 -0.12272268479122589 0.9891214257232823 -0.08110454865643965 -0.11852136391150583 0.7521624710272284 0.1460134055442666 0.6425976210503577 1.7092507478782095
0.6428271635073822 0.017866311341311638 -0.7658028680908092 -0.9965925704056093 -0.12369686110544637 0.9890283530389793 -0.08075892172171482 -0.12056523386869265 0.7559578853413156 0.14664143958666956 0.637984297444879 1.7245883333123926
0.6382815458535541 0.016763844341855894 -0.7696204530453177 -1.0196853342767085 -0.12440739657246631 0.9888671052830983 -0.08163729397203569 -0.12270737049105232 0.7596837946809571 0.14785405510806654 0.6332611708349428 1.7414939071508853
0.6339910159149167 0.015059165022640101 -0.7731937747343761 -1.0548748687964298 -0.12622189974561854 0.9884182186420045 -0.08424640693325394 -0.12587391800320075 0.7629701329434718 0.15100545223725848 0.6285490670033982 1.7685960282300541
0.6285915995843175 0.011897561209847356 -0.7776445518161158 -1.078217428937368 -0.1260542373823186 0.9882209405422566 -0.08677385500097236 -0.12815290166875604 0.7674522331519997 0.15257070725085864 0.6226871197631936 1.7871477421981476
0.6228021300612071 0.0110807481449343 -0.7823009164073454 -1.108901864898936 -0.12737351248710269 0.9879957064319151 -0.08740979572558727 -0.13106757769741825 0.771941380616379 0.15408342251079765 0.61673722426933 1.8115312599630338
0.6181501016598788 0.011771550819765914 -0.7859719348737457 -1.131966376694838 -0.12848269228934447 0.9879538191192215 -0.086252240955331 -0.13315723278173106 0.775488652141321 0.15430062177137785 0.6122161942655577 1.8281463630490034
0.6128213862241292 0.011400587908184502 -0.7901392125326302 -1.15940025260792 -0.12840394361284505 0.9880439387215981 -0.08533230584116644 -0.1357788541818533 0.7797194212349757 0.15375045284762617 0.6069583366246352 1.8490981535598041
0.6075270891153272 0.010437967084403213 -0.7942303726465031 -1.1831531796804697 -0.1288065874062309 0.9879732855797583 -0.08554326403339779 -0.138063795946678 0.7837854929965332 0.15427195410661254 0.6015650132315781 1.8668401126073868
0.6027868129588532 0.008656870155751796 -0.7978553231770882 -1.2050040237773758 -0.12756633622705923 0.9881244093712857 -0.08565618171645714 -0.1400518138971531 0.7876388055349438 0.15341189720404885 0.5967326887407302 1.8830090954522911
0.5979683015325089 0.00853356617520052 -0.8014743218660599 -1.23578228278121 -0.12926583170854972 0.9878801692770693 -0.0859250598009456 -0.14239493399509082 0.7910273415723523 0.1549837068773169 0.5918241254693345 1.9054677138517386
0.5932751548501219 0.007852443524966599 -0.804961446137796 -1.2689690805865022 -0.12977163688852061 0.9878065833343196 -0.08600858201738658 -0.1453623235592448 0.7944708382922797 0.15548791931226064 0.5870601281394489 1.9293717185924426
0.5891404865942379 0.004979086533111636 -0.8080152818807336 -1.3011236173831537 -0.1277794699941745 0.9879725301848165 -0.08707862337112135 -0.14856774546690873 0.7978633304667615 0.1545493070107357 0.5826908422130801 1.952559389629938
0.5857341919773061 0.0005769442871973885 -0.8105030064620259 -1.335788940820672 -0.12545745410222903 0.9880117492411855 -0.08996227304570184 -0.1519758557253609 0.8007345899602937 0.15437762304379737 0.5787846455673021 1.976085691416657
0.5802560751053021 -0.003539608137094058 -0.8144263984410297 -1.3766960803441601 -0.12169580731330029 0.9883870870728725 -0.0910005307124921 -0.15626480045449778 0.8052906418093745 0.15191588883927815 0.5730868563598522 2.0053204648855307
0.5738290906133996 -0.006052565133158036 -0.8189527100029089 -1.4070021233301007 -0.1190633675537637 0.9887321977358886 -0.09073343191517937 -0.159207580988051 0.8102740828093635 0.14957275024435035 0.566642659099882 2.0254611242541514
0.5667417318819729 -0.009070654705963455 -0.8238455756794646 -1.4342085753397709 -0.1157672279642755 0.9891422382983999 -0.0905294501446272 -0.1615965608767663 0.8157216181228059 0.1466811359283363 0.5595381006597169 2.039273876617349
0.557463163092315 -0.009922264300411926 -0.8301423796351229 -1.467969922867534 -0.1139565586486242 0.9895492604400271 -0.08835249800400086 -0.16495241354472945 0.8223434346646616 0.1438534317760195 0.5505065536668827 2.0617250502337465
0.547950226242774 -0.007880055912254954 -0.8364738216341939 -1.5061326025821649 -0.11602966628709942 0.9895735921044304 -0.08533007881648579 -0.1682491707046793 0.8284248101679451 0.1438124143749217 0.5413227534196757 2.086448435315806
0.5383647240460558 -0.007395641584820728 -0.8426794932762774 -1.5333757279681495 -0.11792143624694518 0.9894620110980643 -0.08402061334708989 -0.1708488924172021 0.8344207324702991 0.14460371046177753 0.5318193378812162 2.1035540261843613
0.529097125291541 -0.00850006855817847 -0.84851869799241 -1.570826994966162 -0.11958576737014129 0.9892233083334011 -0.08447775146394831 -0.17428028428526715 0.8400925402898901 0.14616769507800778 0.5223787214893625 2.1220804020742223
0.5195328838828701 -0.010147875617379024 -0.8543901937550568 -1.602151413700243 -0.12159851260067157 0.9888739492698441 -0.0856861376697266 -0.17669269820356415 0.8457537373832001 0.148409342953556 0.512518568079676 2.1387386740298693
0.5098846140092076 -0.012013031357808094 -0.8601589198946197 -1.6339253726775418 -0.12171207914922996 0.9888363325169659 -0.0859585788828382 -0.17956968456849612 0.8515890148339463 0.14852068735358995 0.5027303007002508 2.156995451932807
0.5001590381633461 -0.012530329269760524 -0.8658428999488932 -1.6750749177043618 -0.11986816689896193 0.9892671588416252 -0.08355902705088175 -0.18318744140857574 0.8575969677580474 0.1455798038389931 0.4932889230526078 2.176278089697864
0.49019789397221325 -0.012906161955105527 -0.8715156084252286 -1.7129739302531033 -0.11907804174302253 0.9895235154166838 -0.08163107503912376 -0.18653565771113276 0.8634387324644708 0.14379375306662553 0.48352550280120815 2.1970160817410935
0.47966508755762205 -0.013944108634285943 -0.877340849164528 -1.7468070150693176 -0.11877391661012553 0.9896392257373415 -0.08066572763617805 -0.18943113364136163 0.869375730344152 0.142897742166835 0.4730391894676293 2.215153824227345
0.46931893817809434 -0.015346239936142344 -0.8828953659337042 -1.7869129995665296 -0.11919318894332918 0.9895974126745418 -0.08056019201417287 -0.19291340768601165 0.8749472658262919 0.14304353794444474 0.46260763966392826 2.2359734923954284
0.4590888973700132 -0.015764387981661035 -0.8882504536352065 -1.8298352700966631 -0.12150436404829262 0.9893327911907728 -0.08035743768863762 -0.1965509524979989 0.8800420863963286 0.14481751394851272 0.45227625830344814 2.2570455419177446
0.44853959872949967 -0.017121399755657726 -0.8935989514552863 -1.873871436122628 -0.12226059307848085 0.9892424746619735 -0.08032231137573877 -0.20045276640254464 0.8853612684953386 0.1452796750927352 0.44162115014259945 2.278771328941972
0.43852729250480604 -0.016940216290176984 -0.8985582022331369 -1.9109284372271338 -0.12409871185537258 0.989103139971672 -0.0792116671583458 -0.20352146298532478 0.8901086020504679 0.14624639335795617 0.4316464629596183 2.296214645157706
0.4293060071122238 -0.015288196846678507 -0.9030296912585638 -1.9526489888093859 -0.12495970936431118 0.9892348545713863 -0.07615427457932536 -0.20687346279928873 0.8944727068462976 0.14553581531119528 0.42277405687761904 2.315475618252439
0.42075606023742806 -0.01389216762324237 -0.9070674426150495 -2.00204469034047 -0.12486948200263252 0.9894783439202335 -0.07307680464589707 -0.21082618604322112 0.8985387861622158 0.14401255011834554 0.4145943019031255 2.3381822952935476
0.4129357936643275 -0.014108875721502172 -0.9106508496326611 -2.0427151777432955 -0.12494447330099379 0.9895487256618932 -0.0719874859433829 -0.2141626917116909 0.9021490502696023 0.14350700041038966 0.40685726235482655 2.3560125820323288
0.40654185874229304 -0.017716781599828025 -0.9134603618877535 -2.064850508414185 -0.12162507564624245 0.9898637476880356 -0.0733287255243933 -0.21645684424836648 0.9055004461977934 0.140910881988335 0.4002662429844203 2.368470044260008
0.3991561603608843 -0.022132993415238684 -0.9166157811473885 -2.0953591288802973 -0.11785418888236122 0.9901771080643439 -0.07523087682728662 -0.2190400767571871 0.9092770478841047 0.13805587733886218 0.3926268265457175 2.3794030958167394
0.3922029587995724 -0.025624373334192513 -0.9195217401454361 -2.1236033995030685 -0.11571727787119844 0.9902967607654113 -0.07695347438291955 -0.22175906406696091 0.9125712852763539 0.13658593305590852 0.3854321369324398 2.394734858937864
0.3866198522975746 -0.02987323635707202 -0.9217552167245685 -2.1526889517527885 -0.11187698147641256 0.9905745477986807 -0.07902914822490743 -0.2247011861071458 0.9154281134120382 0.13367742892120107 0.37963365784910347 2.410103179834318
0.3806281406971183 -0.030513543508175013 -0.924224616731252 -2.183829484546732 -0.10987933277387144 0.9908823176958852 -0.07796643320550656 -0.2284748766645411 0.9181768624500507 0.1312294027274181 0.37380488643299253 2.4264930221295327
0.3760810795843883 -0.02906885083273335 -0.926130673009973 -2.207158552481429 -0.10570773488409159 0.9916362255406412 -0.07405046239676286 -0.2304816698241843 0.9205372867865328 0.1257481534924639 0.3698628198791019 2.4373282435956276
0.3734712653449553 -0.02784714251605272 -0.927223678847412 -2.2247480305632825 -0.1014810692041482 0.9923236948854823 -0.07067727472106235 -0.23213527444934434 0.9220741871209805 0.12049158154204954 0.3677784281638544 2.4455712628197817
0.36970228996162213 -0.027163615657598224 -0.9287531183159164 -2.253333344293774 -0.10157604815271838 0.9924000113820803 -0.0694587924636787 -0.2341092274291548 0.9235813571303858 0.12001814609983925 0.36413338403385814 2.4558779358643426
0.3667463852285888 -0.027580489757550723 -0.9299120418117495 -2.2961787944881276 -0.10012977141731648 0.9925838912404225 -0.06892929512135178 -0.2370080986563531 0.9249168166909254 0.1183914500069345 0.3612649260135518 2.472323424549855
0.36252188662311524 -0.027501980453858405 -0.9315693869971965 -2.3270272286515077 -0.0970282021044384 0.9930188814173206 -0.06707480260919989 -0.24009448066963962 0.9269106805488827 0.1147045867426356 0.3573226106260346 2.4893485940093516
0.35983118872647407 -0.02710900331865237 -0.9326235132993171 -2.3701208988510034 -0.0956345488271243 0.9932413708515814 -0.06576938725192263 -0.24298807109000484 0.9281031993751128 0.11285690571662244 0.35480666586430615 2.505616519158365
0.3579759930561651 -0.02824368887261623 -0.9333035317806951 -2.4127594658101743 -0.09344174829075026 0.9934411483613259 -0.06590390291089065 -0.24594399299081862 0.9290435017112042 0.11080152878632661 0.3529889419610666 2.521329760714943
0.3564344252609862 -0.029002514319011866 -0.9338700951695827 -2.4606754917227844 -0.0917917923120382 0.9935957511200051 -0.06589195869305468 -0.24884966772043568 0.9298003911340377 0.10920777224831252 0.35148953772132036 2.538553279183597
0.3549484354687845 -0.02831120474823832 -0.9344571064762496 -2.5106195586352635 -0.08940394669122062 0.9939324021361726 -0.06407272664590705 -0.2520502998481192 0.9306011726160093 0.10628666741182287 0.3502636176598906 2.5565913282873565
0.3539169389661729 -0.027664011326510994 -0.9348676391822213 -2.5675749205655323 -0.08915722668361695 0.9940125453285078 -0.06316683195805803 -0.2556271912598609 0.9310176095235236 0.10570601783653781 0.34933143080782475 2.5764558125142862
0.3525105319824099 -0.02942360436544028 -0.9353451642830165 -2.6175629420674555 -0.08653483412508996 0.9941981922899837 -0.06388800302296634 -0.25923984437512515 0.931798286822001 0.10346113257385926 0.3479191669369678 2.5948796128581515
0.35158207647700895 -0.030837720293806235 -0.9356490145921142 -2.6650026577800947 -0.08540088849347878 0.9942333685024821 -0.06485905642793943 -0.26265013706768586 0.9322535769545934 0.10270853890149235 0.3469210634886305 2.6121912047467517
0.3501907788700683 -0.033097059172936656 -0.936093479877131 -2.7058319167818716 -0.08458055731015332 0.994175512328818 -0.0667920654780701 -0.26586901227290327 0.9328518358879258 0.10256527365451912 0.34535172928580476 2.630258230692362
0.3489789355960338 -0.03498079890282842 -0.9364774670104871 -2.7434088989301992 -0.08364288391322629 0.9941520669299606 -0.06830472743197502 -0.26907062118737435 0.9333903633962224 0.1021665871359029 0.3440122352359943 2.6476753822913692
0.3513507368257268 -0.03494855622442022 -0.9355913948673565 -2.7846971158936755 -0.08592974185268254 0.9938814263750977 -0.06939589160551825 -0.27240598054833887 0.9322921962545558 0.10477742468882495 0.3461978510598072 2.6626717686574533
0.35546558153885915 -0.035521944228006586 -0.9340141389826502 -2.831610861039215 -0.08826063797641133 0.9935368935365586 -0.07137577296053729 -0.27608669062129615 0.930512912390382 0.10780831442880477 0.35003298018155865 2.67982458819589
0.35873052285307794 -0.03699667204914263 -0.9327077024614109 -2.8755833923965155 -0.08833490554433084 0.9933844144836971 -0.07337812700900104 -0.2803733557633763 0.9292520413945964 0.10871362066532159 0.35308921287092027 2.7002097326336263
0.36500747193325905 -0.03725132212179555 -0.9302590415755535 -2.9191926997063113 -0.08875344050917053 0.9932562182573853 -0.07459833571075947 -0.2839280002675504 0.9267644642683865 0.10979264043281117 0.35923975820629334 2.7165398314237748
0.3704015224277956 -0.03800963504901999 -0.9280937343968063 -2.95414046969259 -0.08713885986414967 0.9933341943178714 -0.07545858135715394 -0.2869313014301535 0.9247753950472198 0.10882300327733327 0.3646203815929036 2.7339044210454064
0.3771398237874586 -0.03761875647739356 -0.9253920155667311 -2.9895573972991527 -0.08740447653615947 0.993269622147599 -0.07599944210452497 -0.2907311264030498 0.9220227821453213 0.10954582091460008 0.37131348255233343 2.7515211296565094
0.3861730845958445 -0.03822767515701645 -0.9216338717656909 -3.0294211135356433 -0.08670238004932085 0.993213197355249 -0.07752574987150494 -0.29404465516842526 0.9183425537496931 0.10984620817964383 0.3802377736641124 2.7678091303832404
0.3952243361562457 -0.038354945676832786 -0.9177835377974373 -3.0667913656105545 -0.08633244040686668 0.9931544937879002 -0.07868202591626336 -0.2980876570739921 0.914518689717845 0.11033154404348708 0.38920754944596153 2.786225504883098
0.4052550627240767 -0.03987512319866831 -0.9133336239766899 -3.108402141044607 -0.08673015501684324 0.9928653808103713 -0.0818304087673022 -0.30152092206010783 0.9100803340075277 0.11237575422732626 0.3989053465605353 2.8041460289159126
0.4160288825198126 -0.041187150944553136 -0.9084181787626138 -3.1388633044399574 -0.09011408077146031 0.9921892694958275 -0.08625488939210751 -0.30524729456237837 0.9048753623323073 0.1177457943809479 0.4090678507895348 2.8195105876722666
0.42683079072473434 -0.040644706684071316 -0.9034176685829546 -3.167367874511906 -0.0950540312720428 0.9914393232151477 -0.08951424200437315 -0.30969258695110474 0.8993220820308069 0.12408092601705438 0.41931338706332627 2.8353269725938195
0.43740038977076207 -0.041280533260586116 -0.8983188835831653 -3.2052253815539262 -0.09298472266318768 0.99151511897058 -0.09083837407175753 -0.3138747336010895 0.8944466112516886 0.12326267247821635 0.4298506405647112 2.8581646712887046
0.4503964324217319 -0.038973463286999105 -0.8919776470412196 -3.23767187069766 -0.09392686658958799 0.991434713913357 -0.09074663509020475 -0.31730986430362534 0.8878743139625292 0.12465262615344302 0.4428780028389444 2.8742403209935468
0.4630041964037842 -0.03750660362999941 -0.8855621766971675 -3.2645385294800735 -0.09307162483997469 0.9915236864818031 -0.09065567712600824 -0.3207816846027221 0.8814560605964014 0.12439466961920104 0.4555888271327521 2.8908647918034642
