1.0 0.0 0.0 0.0 0.0 1.0 0.0 0.0 0.0 0.0 1.0 0.0
0.9999985380479087 -0.00163721593018742 -0.0004933822484062809 0.0002450434744993311 0.0016338327413409615 0.9999756723316491 -0.006781248811210133 0.0016005398519322335 0.0005044726141468694 0.006780432793277807 0.9999768853521152 -0.0024837519791904524
0.9999952262693708 -0.0029391924537210423 -0.0009531978753488677 0.0004466944309168187 0.0029251096242792116 0.9998912619177078 -0.014453652628303814 0.003511190977728165 0.000995576293173684 0.014450795422180533 0.9998950861662992 -0.004990839078325222
0.9999920300289893 -0.0038745392748414133 -0.0009632361643604713 0.0004844776307792569 0.003854352892397609 0.9997896846517808 -0.02014275124389967 0.004943079593802006 0.0010410774618090034 0.020138878054660015 0.9997966501986382 -0.007214902825298431
0.9999904703830199 -0.004199993226484418 -0.001191301827513185 0.0005051063939757193 0.004163910804603493 0.9995757744305526 -0.028825908803932345 0.007262910418555809 0.001311865068540801 0.02882067362951121 0.9995837372534545 -0.009877022542771601
0.9999801916451192 -0.005856580747599391 -0.002305814246119093 0.0009151330718341052 0.005767773535914566 0.9993059608426657 -0.03680121482717004 0.009232979876121828 0.0025197432069878184 0.036787186441259195 0.9993199456670054 -0.012584117125307022
0.9999610045217712 -0.008159090985709886 -0.0033791522749486843 0.0014350461751246324 0.007994157004775668 0.9988983042802881 -0.04624144417887523 0.011582121201880706 0.0037527176277171964 0.046212627497816496 0.9989245768175665 -0.015552600344179346
0.9999555198650104 -0.008782765618562444 -0.0034382145928218526 0.0015402888595356357 0.008584820019008971 0.9985105878181588 -0.0538786310170938 0.013624095838118373 0.0039062970621956804 0.053846718034847 0.9985415723945282 -0.017940304473324443
0.9999531075475534 -0.009065547892772257 -0.0034056640167332087 0.0014736638895697287 0.008843218430486115 0.9981330054918057 -0.0604342687197064 0.01540197491780123 0.003947175418160393 0.06040131777783351 0.9981663692075178 -0.020195605186557677
0.9999287620784802 -0.011045596007442841 -0.004523889591749837 0.002034695014515236 0.010702219089602985 0.9974930492606803 -0.06995054812643407 0.01795498792599926 0.005285193918496976 0.06989714933722832 0.997540202317567 -0.023017452148816682
0.9998954871980683 -0.01304652562147472 -0.006229193378409374 0.0025943765150223774 0.012526795458837128 0.9969349685781252 -0.0772253055783225 0.01974128578181187 0.007217622632825397 0.07713920271393163 0.9969942072691239 -0.025717622002934478
0.9998850168589778 -0.013885565594223858 -0.006094598350198784 0.0024824607528182536 0.013317508851819083 0.9962912584222167 -0.0850080722605681 0.0218580842087492 0.007252380223310137 0.0849171328979303 0.9963616228666635 -0.02815601442752943
0.9998732330628772 -0.01465289375825139 -0.0062298080948378545 0.0024793300571638076 0.014008285738665641 0.9955421611186834 -0.09327150350351145 0.024125232345897092 0.007568734045598854 0.09317241082880194 0.9956212212108055 -0.030556908805419423
0.9998599366780817 -0.015538788247633262 -0.006217160597709306 0.0025204819082834625 0.014840462838774672 0.9948886518470094 -0.09988158533369178 0.026038242003274353 0.007737421329709483 0.09977533004623848 0.9949799072470412 -0.03273917205407836
0.9998488551911772 -0.0162270261035052 -0.006241025294672221 0.002688872023136346 0.015449374008065548 0.9939068775981466 -0.10913494172748825 0.02870456080922308 0.007973933511855165 0.10902202661361377 0.9940073511284557 -0.03522464451874833
0.9998063223582111 -0.018476043626381156 -0.006778907320886957 0.003495366564537078 0.01756533129019883 0.9930917469989105 -0.1160182795050767 0.03070726326571347 0.008875635707636767 0.11587673560542082 0.993223945158501 -0.037384564795122734
0.9997536565124783 -0.020356627942284954 -0.008844997950763336 0.0038395347904565755 0.019111692171748178 0.9921856492184732 -0.12329793472418737 0.032594916364702145 0.011285810217346556 0.12309851820284846 0.9923302803522633 -0.040023469292563514
0.9997393460049303 -0.02106784430359744 -0.00879693048930333 0.003784320782939272 0.0197549772544197 0.9914135390909855 -0.12926304723611134 0.03417659231238691 0.011444689742916509 0.12905557114470947 0.9915713179762724 -0.042142225507270516
0.9996927183099518 -0.022683063641666307 -0.009997378750831782 0.004068802427662792 0.021108227166013946 0.9904228588859604 -0.13644414000634025 0.036177524039196406 0.012996603555060757 0.1361911862786647 0.9905973193361889 -0.04451039979637586
0.9996691636895071 -0.023539305266393175 -0.010366497764295612 0.0039462977082325495 0.021819942092187274 0.9895179065198264 -0.1427522427274417 0.03795102101032576 0.013618123784691703 0.14247881872122745 0.9897041643442697 -0.04669682571818612
0.9996498242652858 -0.024458646547975034 -0.010099676005935282 0.003984819586127352 0.0226643299849929 0.9883797633448984 -0.15030559389661752 0.040367137564969874 0.013658586775907235 0.15002405813510306 0.9885879955714418 -0.048909177324106295
0.9996006450509686 -0.02614768594970136 -0.010716759452548009 0.004289519288007735 0.024148550593103807 0.987364637547747 -0.15661392027677362 0.042350520068188215 0.014676440915300046 0.1562925815247899 0.9876017573102922 -0.05113702943401094
0.9995097231408836 -0.02857572772980823 -0.012796137368229255 0.005129340842594868 0.026087743451663273 0.9860637003656041 -0.16431009848117484 0.044394508910918826 0.01731308720115869 0.16389571869333577 0.9863257324056595 -0.053885464491992295
0.9994908080512475 -0.029256565001259987 -0.01273491363897118 0.00517038715226308 0.026643102072050624 0.984833672970189 -0.1714432317008349 0.04668980789321209 0.01755761182630763 0.17101663658362287 0.9851116892406576 -0.055979026093656736
0.9994520875160345 -0.03063786296675572 -0.012523821807721273 0.0052938019761528754 0.02790151433846746 0.9834240015933103 -0.17916120837899627 0.04900533876530908 0.017805343508664813 0.17871361012254255 0.9837400140786723 -0.05815611090894494
0.9993978153205738 -0.031915144220340294 -0.013617279532261491 0.005675150032061305 0.028809100426870748 0.9819326499054414 -0.18702488278909143 0.051253581361355466 0.019340177482622675 0.18651995769641863 0.9822607917024212 -0.060397818924708746
0.9993716624849921 -0.032719148120217534 -0.013628557086895919 0.0056351816623528535 0.02944873613004161 0.9804717880203965 -0.1944423946479549 0.05359351926893609 0.019724405246463045 0.1939188754154044 0.9808192583729678 -0.06254711590437412
0.9993250832805352 -0.03388048326508987 -0.014194744804896083 0.00587022141053175 0.030322158346184205 0.9789441011509353 -0.2018638490047623 0.055890677751397104 0.020735106452128296 0.2012971924183557 0.9793107247880556 -0.06478534408366798
0.9992883251529774 -0.03487357172666718 -0.014376272395270806 0.006100568436389795 0.03108677828079115 0.9772558807634515 -0.20977262864676338 0.058373501994313896 0.021364817553140004 0.20917642675090556 0.9776444993261325 -0.06692447192787712
0.9991397037829017 -0.03801410636725702 -0.016576490633269672 0.007021332613044525 0.03347415037704101 0.9752052849170816 -0.21875587655267753 0.06101771342680335 0.024481290430679013 0.21801279775942947 0.9756388094125589 -0.0694656799509132
0.9990927860399519 -0.039232099064320444 -0.016566450613663193 0.007200917937467752 0.03445931756346317 0.9733269013126253 -0.22681996961075718 0.06362424972448942 0.0250231955590807 0.2260433267853129 0.973795796920402 -0.07149101641573152
0.9990474501533122 -0.040351295730901904 -0.016612202593373045 0.007336578412072363 0.03532275325944758 0.9713313957293785 -0.23509066925888578 0.06631691778466321 0.025622167050001074 0.23427994494462367 0.9718314730200944 -0.0736093140299926
0.9989854325292589 -0.041767768460443104 -0.016839213525732775 0.007532073989325259 0.03648089080480528 0.9697854308516188 -0.24121642297743584 0.0681799332712974 0.026405495648032906 0.24035738313140323 0.970325243500243 -0.07563630241454954
0.9989530065454555 -0.042550422169834144 -0.016803341541640777 0.007568307119310009 0.03706934181180582 0.9681134056586402 -0.2477545109209309 0.07037701830841855 0.02680959924048944 0.24687222475847506 0.9686771134033082 -0.07758017224365725
0.9988971679178185 -0.04372384592652847 -0.0171076948521977 0.007717854261669718 0.037876941838106595 0.9657529961510701 -0.25668363349116147 0.07333577143698909 0.02774500320337711 0.25575256738227553 0.9663440583325482 -0.07969807004447212
0.9987727174186859 -0.04594966415772679 -0.018484785740901087 0.008320730444613848 0.039446309288306565 0.9636757513551746 -0.26414585920201783 0.0757303859159787 0.029950753306489056 0.2630925210146291 0.9643055935555602 -0.0819596732727807
0.9986530872823125 -0.04793061205425472 -0.0198662449801502 0.008874105463172393 0.04074114313072503 0.9614999734466491 -0.2717682106474125 0.07824326105331612 0.032127410694119 0.27059278905802175 0.9621576648304025 -0.08416579022502244
0.9984951417570478 -0.05044750482967977 -0.02150583976583336 0.009523112171121497 0.042461493125772104 0.9593584313372804 -0.2789774575545562 0.0806484520693406 0.03470552533969591 0.2776444659605762 0.9600568092734737 -0.0865639851183051
0.9983329668976096 -0.05298815100137339 -0.022881063324793463 0.010165116255468573 0.04421976977440347 0.9569717305707881 -0.28679211783006026 0.08325155610047758 0.03709311481281013 0.28530223052371667 0.9577195508559261 -0.08882830293391993
0.9981871936801622 -0.05497270157942246 -0.024501601049388238 0.010810355301613143 0.04528567311023247 0.9541574090574321 -0.2958595047514322 0.08623747169621224 0.03964258043917918 0.29421359727563445 0.9549171822698841 -0.09108978946907158
0.9980926128964888 -0.05659830930526828 -0.024652940296162863 0.01099328504793578 0.046522226673111386 0.9520778720758138 -0.3022968870646323 0.0885118213850138 0.04058101165368647 0.30057338020419655 0.9528949703958919 -0.09304070670230326
0.9979060105754229 -0.05915273450701216 -0.02616386931988835 0.011662546370934591 0.04801764275613877 0.9485221760091076 -0.31304949704973606 0.09218399603331778 0.04333474404665499 0.31113764738342375 0.9493763554771731 -0.09525891052457217
0.9978468250689119 -0.05993249409940417 -0.02664225686608768 0.01187383115413267 0.04832896218604489 0.9464956122851649 -0.3190773688918599 0.09429849106938334 0.04433988175349093 0.31710274687545204 0.9473541169014521 -0.09716384076394023
0.9977733605020607 -0.061261083484798966 -0.026370451696830867 0.011924922194407524 0.049273198357520843 0.943536094196887 -0.3275847842487574 0.09729498852108202 0.04494967181244829 0.3255560145319895 0.9444537089799588 -0.09896998193921558
0.997748947758397 -0.061829904743654164 -0.02596343826237172 0.011857813014109524 0.049654403106983436 0.941383769205708 -0.3336630625768231 0.09955959616435195 0.04507191474857191 0.33162277056234596 0.9423347921760353 -0.10065469455637108
0.9976798168697993 -0.0630005371787615 -0.02580533522031354 0.011940632803176214 0.05047175632581149 0.938820786099784 -0.3406877359113083 0.1020867159330578 0.045690095469731455 0.3385948373826347 0.9398222977104741 -0.10241159282645108
0.9975545031849501 -0.06459447322483573 -0.0266939544510519 0.01235717011350939 0.05125328316124105 0.935733219018572 -0.3489648174104904 0.10506799971889151 0.047519618481449324 0.3467432722547752 0.9367555652385683 -0.10447079030850949
0.9975323218401644 -0.06510326919928111 -0.026283668384340035 0.012281337668683525 0.05158164717072201 0.9335533645351197 -0.3547075545295236 0.10730815621459511 0.047629828462080026 0.3524764955351287 0.9346077891479123 -0.1060867223964556
0.9974890642442068 -0.06590554716498684 -0.02592345590583039 0.012268353513258822 0.05211573022494377 0.9309428938408654 -0.36142672711120616 0.10986776634792608 0.04795328326964401 0.3591681879845165 0.9320400717584957 -0.10767350213605692
0.9972942394215499 -0.06817288263917638 -0.027507418803994668 0.012935178025239405 0.05324127862810014 0.9278276319137913 -0.36918999405088637 0.11268972233186401 0.050690889384960316 0.3667265241701416 0.9289467639232345 -0.10976389355645484
0.9972590519541278 -0.06886298705046232 -0.027060530483401162 0.0128497411388696 0.05357935919136226 0.9243612364897987 -0.3777374177172494 0.11587837298945969 0.05102583232244434 0.37525217319762516 0.925517245083128 -0.11146772220432377
0.9971483665893978 -0.07046696179459057 -0.027010040791100108 0.013006923550499441 0.05468312478006342 0.9213335201786595 -0.38490817146364953 0.11857455636595429 0.052008565375187873 0.3823335610309952 0.922559568394895 -0.11316279915384528
0.9970904239150203 -0.07144342118609585 -0.026580521179847494 0.013011276215916417 0.05541070965698617 0.918765158747461 -0.39089670800233717 0.12082476758612537 0.05234825491146185 0.3882865187474079 0.9200506722821006 -0.11474932834892794
0.996891042788959 -0.0737621307755515 -0.027701929004920058 0.013606764624617587 0.05674761884752819 0.9160490189991943 -0.397031362168975 0.12315475811230343 0.05466220414764533 0.3942249901440372 0.9173868870785417 -0.11667653656840857
0.996681521574834 -0.07620885955400714 -0.028603396245066713 0.014159090682232119 0.057978592838765226 0.9112783209322285 -0.40768898019369826 0.12672294335509168 0.05713516713646123 0.4046776884440485 0.9126727459236811 -0.11873289020349934
0.9965985171098644 -0.07745682455478327 -0.028139581096923397 0.01417702061522618 0.05885763197799278 0.907995414575722 -0.4148253925055803 0.12954054130154183 0.05768166825226162 0.4117581419223606 0.9094658089825496 -0.12029970255050974
0.9963139583792127 -0.08028856836136303 -0.030203346325008533 0.015058134319895021 0.06005294152133236 0.9042458386502978 -0.4227683851688272 0.1327333780428463 0.061254718621352816 0.41939624351453697 0.9057343155542449 -0.12213678368005865
0.9961437281644024 -0.08201337571304845 -0.031168558562702647 0.01547303352821119 0.06078531561650747 0.9013050826679477 -0.4288989314073052 0.13555486157814187 0.06326782945642943 0.42535038986825524 0.9028146141898666 -0.12376970736535758
0.9960759252602012 -0.08300813866924428 -0.03069853468331863 0.015422257852248418 0.06141319087948955 0.8980402574600903 -0.43560545906475584 0.13821088291903083 0.0637273183417817 0.43201081571609357 0.8996140750351134 -0.12523412315608518
0.9959777454127873 -0.0840737226276501 -0.030982895377796117 0.015640596733206655 0.06175013441760318 0.8946125552684109 -0.44255541670567644 0.14109632680096162 0.06492496855502083 0.43886214819651026 0.8962057594874492 -0.1267721388643297
0.995833845401348 -0.08575403427824504 -0.031003192709313617 0.015832053443989864 0.06265502823294664 0.890510701910053 -0.4506273817920922 0.14437531039998508 0.06625179084593803 0.4468074925386467 0.8921736180929333 -0.12815692084093133
0.9957386356109522 -0.08698093302411092 -0.030641260448870854 0.015857268741214854 0.06332203497478059 0.8864234194267074 -0.4585235450645026 0.14763971117033056 0.06704393662586548 0.4546293421922097 0.8881538559166354 -0.12952925144951632
0.9957012436334217 -0.0875821787382965 -0.030139598443103623 0.01579315102628027 0.06361214929295983 0.8831368878399861 -0.4647824564230417 0.15033181179087327 0.06732405134265641 0.4608672252436263 0.8849117881501263 -0.13086092720806322
0.9956365213143864 -0.08848494900854004 -0.029636653386386397 0.015733528496965347 0.06419315337527087 0.8799567075260706 -0.4706967515711357 0.15291086335655965 0.06772854999723296 0.46674040609190504 0.881797163091625 -0.132235633863735
0.9955682896946869 -0.08943893525166645 -0.02905954947080021 0.015713280220428862 0.06477799370817398 0.8762183542387251 -0.47754079116482506 0.1557566887077172 0.06817325051324336 0.47354204940663014 0.8781288831135379 -0.133540846118136
0.9954696173889421 -0.09071827703648258 -0.028468141264349895 0.015672025379368952 0.06570540966844363 0.8727790319122548 -0.48367298931676167 0.1581866044783435 0.0687243770129419 0.47961125473224875 0.8747856905198801 -0.13501157376960918
0.9953695157956539 -0.09193647835171272 -0.028057280214096952 0.015746843417095046 0.06656594749511524 0.8698591444912 -0.48878834210639494 0.16054176807146442 0.06934336059641799 0.4846573559674148 0.8719511142534724 -0.13635421044519414
0.9952091423462046 -0.09359671195217828 -0.028256300222688876 0.01597367945110058 0.06744045564002071 0.8664397865659439 -0.49470585320838006 0.1632996764110156 0.07078522397789071 0.49043017012343926 0.8686010017833832 -0.1377325193880315
0.9949567761389569 -0.09585821005478197 -0.029533323217488538 0.016578716974368045 0.0682236445903727 0.8625748555690517 -0.5013084408414041 0.16620666202980372 0.07352923183320942 0.49676535920404724 0.8647644939293557 -0.13936085440162646
0.9948072733400253 -0.09737264530642557 -0.029615145716592597 0.016787497668188416 0.06881535041105165 0.8579114375223645 -0.5091683541974281 0.16949365244546866 0.07498624178867845 0.5044864054802093 0.8601572706360566 -0.14055994850857403
0.9945605005581196 -0.0996161358782288 -0.030430842943873767 0.017239577742066855 0.06979943607711282 0.8542452546545714 -0.5151631621374604 0.172049385377912 0.07731396673888553 0.5102368767277019 0.8565517381771292 -0.14221744416858242
0.9943609227543514 -0.10143064651489886 -0.03095447054443539 0.01759452021228455 0.07045556381930555 0.850013078004428 -0.5220285248416465 0.17525210355651108 0.07926139555937964 0.5169038509906954 0.8523661419865123 -0.14345554834473845
0.9941057607638523 -0.103588013146917 -0.03198843460375668 0.01816963068272902 0.0710093796535427 0.845089384705654 -0.5298882899810505 0.17862441083793282 0.08192316166593978 0.5244935227341675 0.8474639462493742 -0.14477533379126498
0.9938565171301769 -0.1058348903702841 -0.03237590675466149 0.018540098205581668 0.07210129785761885 0.8410731952434382 -0.5360944721690795 0.1812720393986465 0.08396800703317615 0.5304666400663727 0.8435369094305076 -0.1464133546400485
0.9935525433122219 -0.10841893831323675 -0.03314630436184384 0.019094539232690867 0.07308652095579417 0.8360211148088577 -0.543807922016898 0.18454542796862997 0.08667008787578148 0.5378791959248737 0.8385548678880936 -0.14793251692737386
0.9934237322926589 -0.10975693134237563 -0.03259914324074421 0.019112526564458124 0.07385246678651339 0.8318319823433584 -0.5500921434635013 0.1874403577815968 0.08749343556674666 0.5440670631209238 0.8344674526664912 -0.1491146982158422
0.9932519560382009 -0.1112138322257331 -0.032894305707161314 0.01937515066782757 0.07426195662141483 0.8277382326984807 -0.5561785504026193 0.19049681496113985 0.08908262246391711 0.5499826375903755 0.8304115754998167 -0.1503727573573512
0.9928953582257214 -0.11401091309161487 -0.03406346003908833 0.02004768590902303 0.07529848107096523 0.8236787877143793 -0.5620350464319641 0.19328044308540973 0.09213547830354937 0.5554770619615095 0.8264116935719076 -0.15194361970550277
0.9926766247298199 -0.115803740534321 -0.034389131906370565 0.02034815405452375 0.07574583957671056 0.8184399208036591 -0.5695776187858188 0.19676716983108736 0.09410465717398536 0.5628015544693918 0.8212178296804116 -0.15322623784351283
0.9922646295500168 -0.11889517605518907 -0.03570493039868828 0.021033030178778014 0.07695814855097735 0.8148207859762548 -0.5745820481990785 0.1994863752022479 0.09740815322946669 0.5673896578647234 0.8176677979672303 -0.15473624717852244
0.9921313962336104 -0.1201521847300812 -0.03519581100269056 0.02112583630095711 0.07741206494480746 0.8096389591285902 -0.5818007632017667 0.20294568816691877 0.0984005325622253 0.5744982231180228 0.8125694596929591 -0.15562992692325792
0.9919687391421786 -0.12170980667675396 -0.03442010347725916 0.021103489220247535 0.07827886152472899 0.8045013544152686 -0.5887698961244494 0.20633773990457985 0.09935009010096736 0.5813469649896778 0.8075674992805387 -0.15649772946275653
0.99170407696809 -0.12369603814494046 -0.03496160568560752 0.021544583727668782 0.0786231540919591 0.7988873670899885 -0.5963198590896184 0.2099870800747167 0.10169278915194774 0.5886240437250889 0.8019852316490778 -0.1576569846403018
0.9916040374644213 -0.12483529652831754 -0.0337280539751038 0.021322801865040004 0.07945880156746503 0.7940025127112007 -0.6026991858811209 0.21302004295156945 0.10201829119193616 0.594958955348174 0.7972553604167799 -0.15862613675096202
0.991074686762746 -0.1285569839535352 -0.03527133588194707 0.022173257082334284 0.08079670645182863 0.7897250358134827 -0.6081169789077878 0.2157480460301853 0.10603234169188021 0.599839536614725 0.7930634733923705 -0.16021250182446675
0.9910073087434829 -0.12947838356546523 -0.03376184542164978 0.021835801343465563 0.08163643097369144 0.7849692373006638 -0.6141325505373383 0.21888987931843035 0.10601889998900567 0.605853649556469 0.7884804044262808 -0.1610028117193946
0.9908380255342346 -0.13073938106248037 -0.033870656840702576 0.022085171428515966 0.08153951174249977 0.7790221875679423 -0.6216717295338892 0.22233922775992812 0.10766297032970895 0.6132141922006221 0.7825452314745298 -0.16195152098802956
0.9904914970840158 -0.13307217563654006 -0.034905447649681655 0.022582345806777746 0.08189699822808667 0.7742066402528716 -0.6276121094032476 0.22561059994879687 0.11054173820551026 0.6187858064465627 0.7777433058887645 -0.16310276005676674
0.9903250032121753 -0.13461337643447813 -0.033699063751328924 0.022417846747376607 0.08295437149766112 0.7689660048276942 -0.6338847337401077 0.2287923410296311 0.11124279869831862 0.6249564163237693 0.7726930292383383 -0.16387090858704395
0.990019299984619 -0.13668997038776523 -0.03431672556288906 0.022854010096233748 0.08317273498797549 0.7632593646046217 -0.6407163479247067 0.23230190964863562 0.1137720607732265 0.6314673343402218 0.7670103805351467 -0.16488049244143793
0.9897426731732111 -0.13859475254729586 -0.03465451581398932 0.02318102057048756 0.08341910553287916 0.7575901728128303 -0.6473780834176617 0.23563048532842468 0.11597712590007801 0.637846866123668 0.7613807730985698 -0.1657654015067614
0.989677912428214 -0.13922563252369421 -0.03396841032653084 0.023187737662119727 0.08346134180341454 0.7526318911701896 -0.6531304929475901 0.23864680775247538 0.11649821490524175 0.6435537736987994 0.7564831169840668 -0.16653495492544437
0.9892329194197027 -0.14210430825874323 -0.03499423824971574 0.023676203856387704 0.0841191451762826 0.7477675853308756 -0.6586103610961852 0.2419904179681766 0.11975892681209721 0.648575364859582 0.7516700044208745 -0.1674025840332947
0.9892297561629987 -0.14239104491158644 -0.033901030230398914 0.023555688533326773 0.08400999397579745 0.7419951355193936 -0.6651206956468483 0.24537004073334215 0.11986163036552731 0.6551091582282661 0.7459659378092092 -0.16793515910567813
0.9890833309048164 -0.14356639577928543 -0.033209253667927846 0.02345234996102174 0.0846175432767659 0.7378587097421142 -0.6696300440000518 0.24776450548511378 0.12064010898552696 0.6595098289340744 0.7419519860768018 -0.16891954969961331
0.9889958694135174 -0.14431316808479963 -0.03257114981591923 0.02329171059229186 0.08474432746241863 0.733074890197995 -0.6748478379043265 0.25089324727876267 0.12126652153807752 0.6646615039841934 0.7372377607499006 -0.16943917703130756
0.9888784266393945 -0.14526320402646922 -0.03190703501050522 0.023329658131110636 0.08475531901099408 0.7267065085111954 -0.6816994839273508 0.25446300281031464 0.12221290122790565 0.6714136221759549 0.7309362179629799 -0.16994762164727054
0.9885276943517247 -0.14755708836813167 -0.03224752970359479 0.023819941473759612 0.08527325826221346 0.7214515986849147 -0.687194340911165 0.25739013898714275 0.12466542794620593 0.6765607854637333 0.7257575591391991 -0.1710375560897518
0.9884724727215265 -0.14810316287704975 -0.03142648274317263 0.02353660623800285 0.08519924925491916 0.7157235548214922 -0.6931672821188896 0.26083054736851197 0.12515294082917502 0.682499264629277 0.7200913103088438 -0.1714452921533819
0.9883492051665869 -0.14909838322874736 -0.030586283938252915 0.023427796572192273 0.08551198362656338 0.7101963115185143 -0.6987910272475967 0.26388624972722513 0.12591087841337684 0.6880340625463789 0.7146716585069676 -0.17201043974325533
0.9881951634761112 -0.15037692629687688 -0.02927625180802971 0.023517444757827133 0.0863152703795251 0.704383219554341 -0.7045523075752247 0.2668586640803964 0.12657011093355708 0.6937081951712608 0.709047915849487 -0.17261417650392938
0.9876211025152005 -0.15412092013708545 -0.02917704307772504 0.024381140059847976 0.08795358885326784 0.698130417500223 -0.7105477368683953 0.27000443663502655 0.12987965227275433 0.6991857136248323 0.7030438206743908 -0.17323178419147717
0.9873421295131586 -0.15614940392746754 -0.027800772318757064 0.02494289102561648 0.08912137266450659 0.6912003317662881 -0.7171467648261206 0.2731578011701079 0.1311979429061938 0.7055915709667125 0.6963674567050878 -0.17348794623750663
0.9871179542806472 -0.15781821292368803 -0.026297452469113657 0.02526391475827073 0.09024834678811981 0.6849537552430133 -0.7229755107059364 0.276108782833492 0.132111241909245 0.7112888055129726 0.6903729824617474 -0.17378526303726155
0.9861933308778529 -0.1635725093590032 -0.02582147002101635 0.026155022204471245 0.09271383386367472 0.6745882269045069 -0.7323488711892279 0.2799471207050863 0.13721100226420008 0.7198435651610952 0.6804398449193143 -0.17449916392499418
0.9855499053366723 -0.16774659774220685 -0.02350453226065524 0.02665456213588214 0.0954453699236059 0.6646025676673627 -0.7410759801869837 0.2827945566758931 0.13993414683708877 0.728123963344063 0.6710096337260086 -0.1759091871336244
0.9847874131015563 -0.1723390581239597 -0.022203604250050652 0.027685305111308886 0.09755795864900321 0.6541082555069594 -0.7500832185710368 0.2843083212461209 0.14379219624508752 0.7365063741221742 0.6609706235351347 -0.17884585553400117
0.9838595689668235 -0.1778210647441608 -0.020000437136995824 0.028544144451303217 0.10174472738460699 0.6478516905204111 -0.7549411881327454 0.28373901492849846 0.1472017629033358 0.740721172927507 0.6554874407454737 -0.1830804721362853
0.9837740646794331 -0.17851768440153418 -0.01788927108695468 0.0288219232522727 0.1021377955510051 0.6392398423154967 -0.7621943943092495 0.2856713465579834 0.14750071316468047 0.7479999066526521 0.6471009807313978 -0.18536248576897776
0.9824981149012358 -0.18515140839757543 -0.02040613103735816 0.03060266565313827 0.1036401669556903 0.6343892886251742 -0.7660345594495368 0.28578817703244663 0.15477780851567896 0.7505126157807362 0.6424754030661746 -0.1894001019200327
0.9804916820491411 -0.19459767447605594 -0.027709321914453775 0.034612400163272335 0.10182403049314943 0.6234319481657893 -0.775218983784803 0.28756620036473557 0.16813068799769415 0.7572742905280245 0.6310845590399926 -0.19443977098032564
0.9796642704672236 -0.19842211331218793 -0.029775528855914023 0.036298483884146436 0.10154699089255945 0.6183146647738389 -0.779342789769871 0.2865366815796176 0.1730494894837615 0.7604706702262382 0.625889953518243 -0.19934309092321215
0.9795431968244026 -0.19886510506228988 -0.030786288239987747 0.03733163529315949 0.10163188717249895 0.6209306411944704 -0.7772490581117381 0.28154388245624623 0.17368386529780927 0.7582201585386608 0.6284394212020943 -0.2065352454973814
0.9790758819759688 -0.20084135097145658 -0.032759259346641194 0.038840879142144284 0.09936151690599487 0.6123099904100838 -0.7843492618739093 0.2829993755529123 0.17758858716460332 0.7646824356449984 0.6194538451934218 -0.20958947048324314
0.9790393168793066 -0.20118602895151297 -0.031720620410437404 0.039357060592752215 0.10020553747190251 0.6113963349490106 -0.7849543756619796 0.28162570219106875 0.1773157248087973 0.7653226139123566 0.618741004273914 -0.21425809586531788
0.9793395315215011 -0.20018971421874052 -0.02860350188817928 0.039145439137666556 0.09977117056065199 0.6013530450240477 -0.792729606338294 0.2844504301664147 0.17589711630440474 0.7734976364290509 0.6089019715146842 -0.21640624691033922
0.9788762399738353 -0.202305681416131 -0.029558722594904423 0.040058277521420126 0.09857210126393763 0.5936437122981052 -0.7986680685374496 0.2875763103456917 0.1791224376428022 0.7788835305202462 0.6010454210932981 -0.21772078817603863
0.978629796570716 -0.20352135910859218 -0.029373076967721682 0.0403494377256674 0.09844911198016307 0.5891408672243308 -0.8020104805527698 0.2894718516788803 0.18053114305924464 0.7819796000873418 0.5965873041164776 -0.2185770570662269
0.9786135854740788 -0.20351933030285446 -0.029922107523477074 0.04037499201363307 0.09743562679957371 0.5867091219526797 -0.8039146129084194 0.29137469915068803 0.18116773707187214 0.7838062824516 0.5939915509783473 -0.2186347077952578
0.9785094646859724 -0.20373420175225043 -0.031805700060619106 0.04069465986696923 0.09620525383778622 0.58749697723732 -0.8034873059800154 0.29250810050562576 0.18238359754643443 0.7831600582086584 0.5944716532961298 -0.21874408725423017
0.9783459299667477 -0.20429387173983887 -0.033215286948137114 0.040567518625776997 0.09519704120195495 0.5866466394723708 -0.8042283529832625 0.2943713446283994 0.18378456046113892 0.783651538864899 0.5933915241817871 -0.21841552073411896
0.9781136712578795 -0.20534656596903042 -0.03356238881785256 0.040145548601075325 0.09613767080366628 0.5890639646147677 -0.802347302509818 0.2951633709992721 0.18452965710389183 0.7815602557941788 0.595913057594865 -0.21895322001134887
0.9776786500091393 -0.20711523909648155 -0.03532329331072375 0.040150875038272964 0.09543076239593445 0.5875232589942857 -0.8035604455977584 0.29768780871039074 0.1871828702227817 0.782252962841781 0.5941741118732955 -0.2181032085540729
0.9771579158231222 -0.20967221503119884 -0.03464058007776579 0.039521667061701286 0.09714350470787343 0.5856757264384562 -0.8047031023637612 0.2992936111462165 0.18901202881638154 0.7829568990083053 0.5926659660027872 -0.21831385333898914
0.9767689787484828 -0.21129270689769364 -0.03574568738313214 0.03944997280261596 0.09781553483569164 0.5880175380892655 -0.8029118856040499 0.2999694048630193 0.19066851680194813 0.7807629389970356 0.5950249992977268 -0.21928755962132712
0.976342583841707 -0.2128753474723992 -0.03793738809941847 0.040025602383439315 0.09705835244919363 0.5882320717768073 -0.8028466266685172 0.30110222325743613 0.19322224301862506 0.7801712095249828 0.5949773513598482 -0.22039355292372578
0.9757113702051985 -0.21507135186136528 -0.04161292660724722 0.041698045152192775 0.09439785015484309 0.5842187937023932 -0.8060877414841815 0.3036742553778815 0.19767743406478902 0.7825808039387686 0.590331192948598 -0.22120039150614496
0.9753030931225646 -0.21657534109969048 -0.043347412530759126 0.042477095205200585 0.09349205270145874 0.5826138416663478 -0.807353917176632 0.30555401430576024 0.20010775254154103 0.78336213409019 0.5884731550771368 -0.22200168874127285
0.9744772938168474 -0.21919141503007836 -0.04846779768574654 0.044474417233287704 0.09089567864618636 0.5826801639706486 -0.8076025025460184 0.3070536670948802 0.20526075961772036 0.7825847877976253 0.5877321417694505 -0.2238530146761925
0.9740054256244858 -0.2211575765734245 -0.04901792711075064 0.04521191927924614 0.09053744223667204 0.578423089435348 -0.8106970464737817 0.3093552404002001 0.20764489497049068 0.7851853640588581 0.5834102687307241 -0.22512441144811582
0.9733073911530365 -0.22367575559226485 -0.05139920901239506 0.046541014605294896 0.0896734450427341 0.5767890994176069 -0.8119562845666002 0.3109746625737244 0.21126143893535815 0.7856739089172172 0.5814508691761545 -0.226662255285502
0.9728859941693686 -0.22557336000031022 -0.051083281093232354 0.046923225091613306 0.09011363049006206 0.5731089245038203 -0.8145094807637164 0.3132707624143618 0.21300792461544743 0.7878215660365291 0.5778968801947058 -0.22775291880715345
0.9722588027254566 -0.22767870306344878 -0.053621159015898374 0.04831621775820836 0.08876211567588979 0.5712165994882745 -0.8159858352261982 0.31513381829535353 0.21641189279612644 0.7885898836787106 0.5755796104936299 -0.22932306675488554
0.971751630185329 -0.22917790944388744 -0.056358274060565615 0.049827455508150695 0.08758189139218561 0.5719325932842247 -0.8156117465064815 0.3161709939183701 0.21915332881871474 0.7876360800281532 0.5758482646544698 -0.23127136913026713
0.9710845174283333 -0.2307074765172862 -0.061391532722418395 0.051661567872054746 0.0845472080359 0.5728262322702469 -0.8153047756737424 0.3182995823780508 0.22326358777085883 0.7865393619534266 0.5757683583469866 -0.2320084372834298
0.9704141600052356 -0.23233499597068505 -0.06570241782945048 0.05259669841999389 0.08215611217543395 0.5736212168888871 -0.8149902286329167 0.3221822071429887 0.22703905235344696 0.7854802029218931 0.575737891339656 -0.2301770931855834
0.9707102361508838 -0.23129610751820168 -0.06499036912362248 0.05120797037684209 0.0815627112980973 0.5716993455826642 -0.8163990337978486 0.32749486774397935 0.225984870196213 0.7871861081772761 0.5738195443997335 -0.22645024323163104
0.971374675149159 -0.22764307262100503 -0.06789603792957644 0.05176386253648028 0.07740509384525067 0.5735290862097949 -0.8155199805756873 0.33108992446098845 0.22458782675308647 0.7869199570216971 0.5747323632050826 -0.2238089015170791
0.9720791227622779 -0.22475923913666862 -0.06742005274713614 0.05177120072230593 0.07513564852702558 0.5703247723814809 -0.8179757260019633 0.3345277352471904 0.22229892804542237 0.7900714767859437 0.5712882356211593 -0.22250365876438818
0.9731683031276934 -0.22009440962116675 -0.06709623417954576 0.05267383715260407 0.0717764738236665 0.5674322902285753 -0.8202857635064736 0.3367499029100638 0.2186128806658168 0.7934601734551447 0.5680047196525115 -0.22320381325549693
0.974373670113475 -0.21638979199931666 -0.06141179779236163 0.05239610545488319 0.0715785310310242 0.5571109942906164 -0.827347480769698 0.33997710733050296 0.21324273700418941 0.8017498350227568 0.5583231476089342 -0.22394474267073833
0.9742982658953654 -0.21594505537488928 -0.06411413364009666 0.05501479012202322 0.06704792532263176 0.5497209454647106 -0.8326532638663705 0.3418052867211163 0.21505223733598938 0.8069539114326946 0.5500708318391946 -0.2260142820755603
0.9733278555854387 -0.21847086341716354 -0.070024048577691 0.0592644580088421 0.06146389115122754 0.5423882460955766 -0.8378765903054689 0.34318604603222813 0.221031843013629 0.8112246743875138 0.5413496578357411 -0.22863085538973452
0.9733327879687507 -0.21856296420159643 -0.06966716977451537 0.06141088022614057 0.06076538507019319 0.5384972576602429 -0.8404333831242506 0.3429233241032116 0.22120319130213817 0.813788015500237 0.537418099793763 -0.23195310616792805
0.9720836091393145 -0.22461653612298174 -0.06782970251149582 0.06327242388514617 0.0647544790924299 0.5346802564742966 -0.8425698076563465 0.34324003286057386 0.2255223143729963 0.8146560225252729 0.5342988402412575 -0.23490133786723474
0.9679148924060113 -0.24090999632414534 -0.07143622841220051 0.06875366956571315 0.0667761950996317 0.5206752058574164 -0.8511393950307771 0.3471195836973277 0.24224306146239868 0.8190602564380972 0.520056338771951 -0.2354570508650005
0.9650527099067225 -0.25251265192032757 -0.07007587118156337 0.07266252066861786 0.07247922169740505 0.5141703593654753 -0.8546201518640436 0.34871910143856516 0.25183333680001485 0.8196744488942829 0.5145034191392975 -0.23784886997475208
0.9606736246775104 -0.26862428084991596 -0.07033621106399998 0.07835073866694718 0.08193871342132973 0.5162543213082569 -0.8525066116889727 0.3471119531826422 0.2653153483909874 0.8132173580712732 0.5179626380732024 -0.24140828998666372
0.9578500363974273 -0.2796747684922853 -0.06561502604003361 0.0832912572830822 0.09271117671622596 0.5171459717590166 -0.8508611412006778 0.3466464251342392 0.2718969390878466 0.8089141287937885 0.5212772647569136 -0.24470806123693434
0.9540150894282201 -0.29342723452344976 -0.06128349845746581 0.08929273258868939 0.1042487955576704 0.5164566989142534 -0.8499439197802239 0.3468864486076376 0.28104696719239053 0.8044705937363513 0.5232969195833712 -0.24726526968936005
0.9533976540391748 -0.2969363365734206 -0.0534950959897738 0.09254484910802725 0.11306830396127235 0.5160067921447717 -0.8490892468402764 0.34879941220006005 0.27972928325779534 0.8034710962336005 0.5255337530599343 -0.24820721987886343
0.9514267680739121 -0.30211371833157236 -0.0592824273145333 0.10153265685018519 0.11354366577109774 0.5232981014698219 -0.8445513205018066 0.3479762792564855 0.28617292142285805 0.7967975892244874 0.532182920479749 -0.24894483064155581
0.9488569168010167 -0.31036923765881397 -0.05780560313634711 0.10744516209920853 0.11728449698714552 0.5165352774327598 -0.848195528126586 0.35341241595913453 0.29311243270346443 0.7980364925757171 0.5265195706829027 -0.24928016333040115
0.9474439624014104 -0.3141752295848515 -0.060364420186257255 0.11520538986121245 0.11839580501667059 0.5196179656416635 -0.8461557794737784 0.3545739964253581 0.2972076234950446 0.7945382903911735 0.5295059335254919 -0.24979272968061075
0.9462175028245602 -0.31776907542094757 -0.06078858490351724 0.12039310456896636 0.12007386425472641 0.5193918528258936 -0.8460581365018757 0.3567481247801906 0.3004242075322729 0.7932558968732636 0.5296134227947815 -0.250212589923084
0.9435619485033778 -0.3264114401505949 -0.05609296814509102 0.12469845434878137 0.12858996397250863 0.5171324375755628 -0.8461906777864603 0.35826852788213853 0.30521381112600593 0.7912203319846979 0.5299197257622773 -0.2517301244534458
0.9429337873790906 -0.32748110436831285 -0.06026606757236082 0.13025770743255966 0.12761277220528344 0.5225766029029045 -0.8429879444384396 0.35862107069370014 0.3075562598761551 0.7871910952114326 0.5345459069442212 -0.2531088449229294
0.9403806349870315 -0.33491128148091426 -0.05931858796533833 0.13448931319807217 0.13239898111633794 0.5210958525588727 -0.8431664261848312 0.35969184066354876 0.3132966184636307 0.7850436586475673 0.5343703611508595 -0.25438939107033287
0.9395246994460288 -0.33778074498353444 -0.05654650695860626 0.1370319319845361 0.13761202473916637 0.523521984418337 -0.8408255838625968 0.35915996292960417 0.31361803165321783 0.7821949246505372 0.538344527299113 -0.2574282013091738
0.9377465838488808 -0.34315448124711573 -0.053631580992723894 0.13923908162775042 0.1419488027103634 0.5195879251704572 -0.8425431297127508 0.36086072338269176 0.31698877249652074 0.7824790029240958 0.5359521695954461 -0.25779321157842394
0.9361037040679264 -0.3479448656299805 -0.05142203527715566 0.14160433937434078 0.1470599996536342 0.5199978232975322 -0.841412871465433 0.36128122405706464 0.3195046349150257 0.7800875811391743 0.5379406603151058 -0.2589849193155799
0.9345642924312096 -0.35278392956896515 -0.046185304485671506 0.1431306920096227 0.15445909118917206 0.5192234746236163 -0.8405649127514172 0.36215111885591295 0.3205182872498391 0.7784282127708777 0.5397384043226595 -0.25925611189175807
0.9333666900893194 -0.3563657713870489 -0.042779186708306605 0.14555765243631108 0.1618307250082212 0.5242187265593048 -0.8360655136817078 0.36162090464495616 0.3203707824927621 0.7734327144026549 0.5469592288431747 -0.26088952826186224
0.9330753350614236 -0.35685136197621586 -0.04502804188207945 0.14984129904113483 0.1615040654762767 0.5275326108100465 -0.8340418343024373 0.36359813884752734 0.3213827250096832 0.7709516521725989 0.5498606133173154 -0.2621205328280707
0.9310224397004201 -0.363438996801538 -0.033306341410783445 0.1513171377994522 0.1725398362588154 0.5187318160961373 -0.83734539341504 0.36704253863136127 0.32160102872668456 0.7738406803557816 0.5456586659702592 -0.2609170340265186
0.9297610897798172 -0.36693235367573235 -0.03008261553516315 0.15546855713635596 0.17644522979965546 0.515820038210877 -0.8383297495980205 0.37102027310312224 0.3231275240712196 0.77413844757002 0.5443328643224534 -0.2611559656535465
0.9283766614983683 -0.37016993082375776 -0.03303023916173225 0.16245839618120733 0.1798205727157693 0.5252033317632396 -0.8317607961024427 0.3700270645353984 0.32524042801183267 0.7662477945278087 0.5541506847130596 -0.2623578430923175
