1.0 0.0 0.0 0.0 0.0 1.0 0.0 0.0 0.0 0.0 1.0 0.0
0.9999989585505252 -0.0009258245724057684 0.001107134466114811 -0.00031186117452254293 0.0009294571473063081 0.9999941722303151 -0.0032850593325378435 0.00032987247826655374 -0.0011040866253382803 0.00328608494535708 0.9999939913011757 -0.0014552976014431485
0.9999983758754357 -0.001796413718515857 0.00014541059962718548 -0.00028473723140476934 0.0017980289936336325 0.99992641201583 -0.011997401588955823 0.0023405411709989054 -0.0001238476023533679 0.0119976435561553 0.9999280180147326 -0.003369543689838559
0.9999975253594533 -0.001235719078213652 -0.0018499387365604005 0.00057016058393023 0.0011985449249323397 0.999800004791371 -0.019962813159416035 0.0038181363283194313 0.0018742371867527103 0.019960546523945025 0.9997990117105706 -0.004985993275023395
0.9999919627864139 -0.0033619205080862194 -0.0021844571574281893 0.0006385117641225007 0.00330334326805941 0.99964896921616 -0.0262873784984824 0.004890426451535879 0.0022720664225978154 0.026279951209361437 0.9996520404013614 -0.006565778955034766
0.9999967146244887 -0.001979667221624528 -0.0016283912062296823 0.0007181588297736989 0.0019325915351918696 0.9995942051706388 -0.028419888797060106 0.005480659235040385 0.0016839923357917718 0.02841664841199228 0.999594747016431 -0.008219857238270541
0.9999936836971576 -0.0026108890166541203 -0.002411602026035476 0.0008481139018847326 0.0025218943880955403 0.9993415133773338 -0.036196404371096176 0.00702030665313912 0.002504518812976998 0.036190093938028585 0.9993417856200514 -0.009835359522124078
0.9999794178684646 -0.005015600063859586 -0.004000949318125235 0.0013480536075915536 0.004860795051101604 0.9992732735695169 -0.03780604979540555 0.007238938564718308 0.004187661748276855 0.03778582387167055 0.9992770861995295 -0.01136922634806472
0.9999712886711153 -0.006593459674419551 -0.003734718590580365 0.0012232913993828376 0.0064296100649205165 0.9990840784391325 -0.04230442440032058 0.007806515695555617 0.0040102303976325 0.04227919699983868 0.9990977867822587 -0.01283055124599754
0.9999656580581194 -0.0066007306834242035 -0.005011293130212913 0.0016955280818575754 0.006340374861632372 0.9987138661946863 -0.05030321179682954 0.00944924597781953 0.005336885890291906 0.05026971080986654 0.998721419528032 -0.014439756544792622
0.9999582021238212 -0.007108151753644122 -0.005750494234614007 0.0021638919847514044 0.006766301941234752 0.9983267273514775 -0.05742789055614894 0.011186775910757812 0.0061490782508604866 0.05738658061198754 0.9983330953155514 -0.01645826122914936
0.9999484543122249 -0.00621466765906693 -0.008029111064104207 0.002718813039480958 0.005671509769803242 0.9978044574680619 -0.06598559413840291 0.013041340320187653 0.008421561347125527 0.06593665568372689 0.9977882714993813 -0.018295504147703777
0.9999243930468135 -0.010239688913355211 -0.006808594636179968 0.0022922880260982928 0.009724504080714933 0.997370217191514 -0.07181980144595833 0.014037705638984098 0.007526101935681275 0.07174816116326906 0.9973943849648164 -0.01972405854017907
0.9999063538169306 -0.011452176315926566 -0.007492079428335695 0.0024371370196397 0.010822082663138112 0.9967897100801726 -0.07932941702242809 0.01589584019026335 0.008376522152048796 0.07924090822242656 0.9968203009272646 -0.0216003993254662
0.9998988913334128 -0.011880211868033466 -0.007814580998539324 0.0025767542922463275 0.011165918775592034 0.9962461252353605 -0.08584276446753117 0.01707968015446835 0.008805076269344559 0.08574682804338474 0.9962780495988006 -0.02308704585559503
0.9998753985802882 -0.013388077402986523 -0.008363414216793359 0.0027945222070469146 0.012562525178188108 0.9956812633519387 -0.09198372014131402 0.018179123905990788 0.009558779998378852 0.09186719323751998 0.9957253881124071 -0.02459037974622487
0.9998541446829791 -0.013347337211726523 -0.010655418791622157 0.003495715332512907 0.01223759164226751 0.9950943189772348 -0.09817096154174765 0.01963414096288876 0.011913467633963537 0.09802624612108053 0.9951125184421834 -0.02627930887225057
0.9998236479124823 -0.014478705167869171 -0.011959940285748729 0.0038840986908356694 0.013129506512539784 0.9942720681674935 -0.10606917799565169 0.021583916687303223 0.0134271789186683 0.10589344436081956 0.9942868244665062 -0.028035402308408994
0.9998075616811326 -0.015350121812529264 -0.012215292283407907 0.003762135902368599 0.01385966505585823 0.9933920709185405 -0.11393025551061416 0.023164161508475452 0.01388341779851028 0.11373903110416814 0.9934136517653246 -0.02959845449672647
0.9997818444210244 -0.015616223209450934 -0.013870729568691086 0.004255371616007953 0.013823701150711503 0.9925490112071117 -0.12105934758737869 0.02479189183535686 0.015657868711640516 0.12084119299501545 0.9925483551056598 -0.031213320541396576
0.9997571430492787 -0.016234974347046963 -0.014902366587064887 0.004839448811733092 0.014187674330081586 0.9916114622435909 -0.1284734129858479 0.026592435295912188 0.016863120086392173 0.12823078240063665 0.9916009790363627 -0.032866396406080585
0.9997460525041849 -0.0179087748622717 -0.013678679952115304 0.004581686359264253 0.015922996793211085 0.990911491824211 -0.13356973288825927 0.027596976142808545 0.01594643143224603 0.1333180076120627 0.99094501369699 -0.03441840550071814
0.9997204302434731 -0.019150510627084536 -0.013867923295402295 0.004559883004239369 0.017022654521790023 0.990007728092276 -0.13998188293705377 0.02890967268913042 0.016410075771824448 0.13970667936893058 0.990056944399094 -0.035873187690658385
0.9997032049311525 -0.019836939126506005 -0.01414206125265249 0.004647102535371079 0.01758526292398313 0.9893307351472539 -0.1446217653774487 0.029957383622045006 0.01686002901174439 0.1443301504852217 0.989385944453749 -0.03726302921311
0.9996753348247281 -0.019051863031404315 -0.016918967406461465 0.005518945381328202 0.016212323729817624 0.9878634700041553 -0.1544762932965124 0.03244741046399973 0.019656691032518357 0.15415184444690613 0.9878516201086424 -0.0389199841408884
0.9996463895657884 -0.020335516008666656 -0.01713366909758625 0.005589841695828185 0.01729384667964616 0.9866357444916056 -0.1620210805991532 0.03412984845113345 0.020199472644235304 0.16166748120805766 0.9866385390935921 -0.04038058024481521
0.9996170475787477 -0.021790363245082215 -0.017056912369934608 0.00559973133338149 0.018668825450083637 0.9860215369657077 -0.16556872771178513 0.034809205710538305 0.02042628566975812 0.16518689024687253 0.9860507381186355 -0.04177335305487849
0.9995871066134466 -0.02184140459141741 -0.018670011720202922 0.00625291205281759 0.018281526723444293 0.9847171618633571 -0.1731990095596285 0.036651611225839154 0.022167590595698346 0.17278618051583378 0.9847098728813133 -0.04324126566178476
0.999584173368713 -0.022809692380512628 -0.01764081302813743 0.006000868174529823 0.019256201266172827 0.9834000724854999 -0.18042587438699456 0.038172216363003206 0.021463435502825753 0.1800111534572824 0.983430376573449 -0.04465585380150865
0.9995816003323623 -0.022629268178796656 -0.018015007596056128 0.006091496748551804 0.018896969190828197 0.9824493130120306 -0.18557007279621113 0.03944988423697877 0.02189814677991603 0.18515200129591447 0.982465881129581 -0.046017780365164095
0.9995892775397665 -0.021761924206781396 -0.01864657830130722 0.006431992606833837 0.017813217183940806 0.9815101962840154 -0.19057918009077637 0.040563932136409644 0.02244917640106724 0.1901687493920416 0.9814947178836888 -0.04728806428731864
0.9995583961200002 -0.02258245012547657 -0.019314390809552075 0.006736599632935017 0.018375881260172533 0.9805392747326056 -0.19546114113748841 0.041664230040171946 0.02335251022750628 0.19501990578704392 0.9805212372064604 -0.04862129129280706
0.9995493225935875 -0.022213443463364006 -0.020191944735494533 0.007209258508634019 0.017702712063540245 0.979404511303146 -0.20113034884035375 0.04304918322623018 0.02424387939865895 0.20068225175273205 0.9793563540117343 -0.04996984603456
0.9994718039616687 -0.02447944951373857 -0.021374509049638495 0.007528542142805161 0.019507849430068714 0.9779674754880164 -0.20784383728706265 0.04463074819737547 0.025991477376681 0.20731708429143397 0.977928458357091 -0.05144903947304162
0.9994030990485598 -0.02522364687340447 -0.023605364867784286 0.00812570649220202 0.01958196974133473 0.9765430665873728 -0.21442990827116543 0.04634155651224317 0.02846035968122823 0.21383967531432693 0.976454095791645 -0.053051651661956266
0.9992845365371675 -0.026914502876162944 -0.02657112290867996 0.008988303973694094 0.020416694992961993 0.9752750771357679 -0.22004927285357526 0.04798251034148591 0.03183667073146186 0.21934934112677856 0.9751268086479756 -0.05454757298955364
0.9991949745562905 -0.028395495647097355 -0.02833899519055601 0.009596522395222318 0.021238949572852266 0.9737108440772521 -0.2267952802582277 0.049642970126944484 0.03403395132065214 0.22601081379730903 0.9735300725730986 -0.05609923718539088
0.9991361596263209 -0.031422901732169384 -0.027194407033401917 0.009162393807054182 0.024229280876860756 0.9721478784052461 -0.23311251459406912 0.05089835432595055 0.0337620567406386 0.23225224166606082 0.9720694521307276 -0.05730081993644398
0.9991392134600685 -0.030851582578528193 -0.02773106523010906 0.009523961490479967 0.023299080751653697 0.9704458771841068 -0.24019149088279268 0.052834973054369246 0.03432178553811304 0.2393386289523089 0.9703293439491081 -0.05853828502050059
0.9990507552024419 -0.031486672937453754 -0.030102789850123223 0.010265462975228132 0.023085349940772524 0.9687164550184064 -0.24709410433008108 0.05469654745809517 0.03694123911758967 0.2461646180991548 0.9685237868264032 -0.06005261488186261
0.9990172192263249 -0.032481838291449384 -0.03015834661432197 0.010316490968618643 0.023837222866041907 0.9673639530313919 -0.252267257450337 0.05606145685905135 0.037368201660450566 0.25130044281037006 0.9671875231556585 -0.06133616430374733
0.9990812248635311 -0.03052355187436335 -0.030083532142355665 0.010540275165648016 0.021705505996207877 0.9656518836131918 -0.2589310925395876 0.057847066697565896 0.03695371611402133 0.25804021480240036 0.9654271958102782 -0.06247796866318821
0.9990078790725273 -0.03185646403189953 -0.031119499520326884 0.010883195497746521 0.022459669850774085 0.9638132112405323 -0.26563067795043654 0.05948036578338471 0.038455438902781525 0.2646682065107151 0.9635724776482556 -0.06380384913149365
0.9988952748369011 -0.03528799466741727 -0.031032037330233443 0.010858731604408556 0.02548625589032582 0.9616363672486857 -0.2731408939456797 0.06124060155874179 0.03948013005557989 0.27204825788286985 0.9614733822179854 -0.06501191674141464
0.9988174611433375 -0.03692421168306651 -0.03162723362488266 0.011084985490872834 0.026924180001950855 0.9617643946494697 -0.27255153222053835 0.061235713528146066 0.04048169767192777 0.2713776921121642 0.961621225003627 -0.06623612659431961
0.9987462166348887 -0.0381938732375399 -0.032360822063289496 0.011385942706538164 0.027725970122025174 0.9602774324384848 -0.2776662084772744 0.06235412118595968 0.041680515091463505 0.2764208400183808 0.9601324147560301 -0.06748723390188137
0.9986615914034254 -0.03912256620000165 -0.03382973055620959 0.011859043902401447 0.027908354078290572 0.9583062336828382 -0.2843770142913378 0.06409598309460797 0.04354480024319797 0.2830522695520059 0.9581154748114867 -0.06886464652118725
0.998639300316964 -0.03990126636312711 -0.03357732575808212 0.012016831307495366 0.028496296784036593 0.9567701198756252 -0.28944584775529175 0.06505761507527627 0.04367503785964802 0.28809516944197827 0.9566052814051145 -0.07016894246485977
0.998663941708801 -0.03833044434812951 -0.034657013239980446 0.012545918020593134 0.02635535876388337 0.9546895310324873 -0.29643430031188706 0.06694782853665952 0.04444914616804496 0.2951248487895351 0.9544242227814045 -0.07127041546700963
0.9984856411897759 -0.04385660642731147 -0.033211781200693034 0.012181917500374536 0.03178984714248813 0.9526839492059791 -0.30229571373732417 0.06852084998433204 0.04489799501648201 0.30078213211223315 0.9526354386886524 -0.07233238908068063
0.9984010053596473 -0.0457486134136936 -0.033203868262158036 0.012334632936377106 0.03331127909976591 0.9507145235794224 -0.30827301753460484 0.07026264766753755 0.045670462900914754 0.3066740273089289 0.9507182809815644 -0.07342589765049903
0.998643009816852 -0.04318454840696656 -0.029107279550415005 0.011225226275696923 0.03204566685346284 0.9501331663276286 -0.3101935548655922 0.07037128892567192 0.04105136026804129 0.3088398630732805 0.9502277225997056 -0.0755855860439699
0.9987159534127366 -0.04380483411341691 -0.025447611031000975 0.009482825614086003 0.03398637294390613 0.9518527387545956 -0.3046658664496152 0.06698133177370587 0.03756821599446559 0.30340978928451384 0.952119282922745 -0.07910816014315888
0.9989126501283881 -0.03835440809212451 -0.026503901474754295 0.010165677502252682 0.028810360037342057 0.9547952383978849 -0.2958648608524615 0.06340022935984303 0.036653520540316877 0.2947795652901172 0.9548620462241507 -0.08183425824586553
0.9992886698722725 -0.027360632152924506 -0.025952843256516898 0.011113847685043582 0.018599793329118246 0.9562510784728281 -0.291955343516211 0.06155773397843701 0.03280551711250814 0.29126494936354264 0.9560797703744368 -0.08389358122191988
0.9994441171762904 -0.01959498562143819 -0.0269720814955317 0.012183888812809289 0.011050375599456074 0.958011179174811 -0.2865178350036883 0.05860717919318953 0.03145386845551609 0.2860605130292985 0.9576951691663687 -0.08636586419605546
0.9993228092838091 -0.017506780284383138 -0.03236410803947301 0.01468291400698536 0.0082190470431925 0.9635429255833845 -0.2674275188231686 0.050386873716286626 0.035866002158285296 0.26698041726368016 0.9630343123102599 -0.08959483920529952
0.999615326592837 -0.006453581505334096 -0.026973137126597255 0.015627812455585154 -0.0008449667009669442 0.9650124622407945 -0.26220265778827506 0.04826924791421719 0.027721559695847865 0.26212458680122885 0.9646357945475156 -0.09372745650957574
0.9997388773072339 -0.00489692632165001 -0.022320334071709604 0.01564752208541535 -0.0010869656121076183 0.9654722533894451 -0.2605036399762334 0.04823013732296734 0.022825330364103853 0.26045987799987375 0.9652148238843321 -0.09384260316026652
0.9996669135173321 -0.00800336277843751 -0.02453585545621457 0.01609762375247139 0.001975540616731561 0.971641511540582 -0.23645056627212038 0.04194090428866511 0.025732455343460227 0.23632333620565557 0.971333681855328 -0.09656039330693128
0.9996156621829391 -0.010657896263893584 -0.02559174018688387 0.018182604103158244 0.004896736799420328 0.9765115318278592 -0.2154094941638518 0.03729386965926532 0.02728644145509058 0.21520138813315592 0.9761884104302216 -0.09788389363952847
0.9992166340121234 -0.013323653067555815 -0.037263904551431595 0.023287144357190613 0.005578886693385169 0.9796421931645745 -0.20067398783840032 0.03424709879366651 0.039179003774281476 0.20030889556043022 0.9789491059409664 -0.09872357003674369
0.998782496937701 -0.01535766956538794 -0.0468792683007275 0.02852500773865227 0.006059684185555556 0.9813034916888815 -0.19237135292652568 0.032004003271327915 0.04895716534341581 0.1918530666544864 0.9802018143100986 -0.10103402445375144
0.9982113624248246 -0.019505487369921727 -0.0565120508249034 0.03504467102543163 0.008477121513658146 0.9819069746422244 -0.18917407739909542 0.029532813842275477 0.059179509433733145 0.18835665401418125 0.9803160493186708 -0.102476287482206
0.9982366814729428 -0.016807781860079668 -0.05693001168829554 0.03906124086182301 0.005895076246160707 0.9824042222352403 -0.18667402660902552 0.025623670709468443 0.059065860172670494 0.18600925407978822 0.9807710138247079 -0.10904484442619718
0.9986567650648072 -0.01456010048054543 -0.049725939551607215 0.039632808677086746 0.004734727417767955 0.9813340003612545 -0.19225285977394302 0.024547641566521877 0.05159697613788146 0.19175918024693472 0.9800847763558277 -0.11206701816728715
0.9992438864807373 -0.006660936102799025 -0.038305185825221064 0.03988181347823041 -0.0009895701079518544 0.9805390885539839 -0.19632146232322045 0.02348952753125648 0.03886741671209558 0.19621092667830894 0.9797910982297042 -0.1141145619608477
0.9987666853113907 -0.00873768629529112 -0.04887495422301153 0.04699985921940601 0.0059429062782593665 0.9983543195970235 -0.05703800844117321 -0.02309789947302828 0.04929290189331691 0.05667720335525169 0.9971749618009697 -0.12149703134476648
0.9986741270187645 -0.012210679563417823 -0.05000887249185938 0.049943301689921754 0.018466944164495923 0.9917792905989677 0.12662073571195473 -0.08631846513793531 0.048051638853766454 -0.1273763637556471 0.990689811171922 -0.11905035836467452
0.9990876705782967 -0.00647263772011837 -0.04221293000226123 0.04996135598004993 0.011519235320447683 0.9926552011643164 0.12042823098869007 -0.08814248492639858 0.04112339621266401 -0.12080462144461734 0.9918241324557299 -0.12063849233916461
0.9993407414978296 -0.0018962272211959915 -0.036255850629830076 0.04991974563220467 0.006331945437997365 0.9924328116331342 0.12262553103218246 -0.09412395993874399 0.0357489699087564 -0.12277425917626314 0.991790548671535 -0.12462180545995463
0.9994725974065772 0.015696048232112552 -0.02842817446203056 0.049660525426604124 -0.012048927468124485 0.9921839789170868 0.12420054479400618 -0.10065716516599271 0.030155436992628033 -0.1237925120924336 0.9918498190601391 -0.12886209201916976
0.9993547070082197 0.03049913421579781 -0.018972938428206614 0.04956178267130367 -0.027856130869196898 0.991553302078858 0.12667314281059475 -0.10654884200181795 0.022676100932744456 -0.12606288886346356 0.9917630475561632 -0.13287941106486476
0.9987192503069812 0.04988763871121379 -0.008431047982251852 0.049169627716755614 -0.04841137520023984 0.9906808438369917 0.12730987552287376 -0.11292312864478941 0.014703666803942259 -0.12673866481168022 0.9918271588458712 -0.13603546089312019
0.9978299981935244 0.06579352240661755 0.0025509046315156433 0.04811307894028959 -0.06560977439248905 0.9902920725875793 0.12254374106565068 -0.12280534192002801 0.0055364437390771236 -0.12244518520353743 0.9924598351627117 -0.14279314167867477
0.9976177924716993 0.06880335039894359 0.004983885810445144 0.048653354619217964 -0.06889632081509035 0.9901179338336148 0.12214652708611891 -0.13559902256799164 0.003469455582020279 -0.12219892010544228 0.9924995651399696 -0.14830073073078345
0.9974540283095231 0.07101160002438406 0.006543246218778448 0.04790859138824502 -0.07128229606846101 0.9901601002979357 0.1204234613569622 -0.1466406768464399 0.002072601339173091 -0.12058328424769484 0.9927010506107719 -0.15411171327764178
0.9975346877115654 0.06985309729815674 0.006715028670203647 0.049011970027569136 -0.07015658834918925 0.9904963916992413 0.11830025841893609 -0.15841047536428476 0.0016124277937417091 -0.11847971484030012 0.9929551637651991 -0.16090469361384926
0.997799665017469 0.06571306513539539 0.008810309956836996 0.049296780332117374 -0.0662738203120838 0.9923524329698084 0.10413659068812077 -0.16272340967558596 -0.001899797954018512 -0.10449134820364209 0.9945239810674861 -0.1630783843007963
0.9982854579809812 0.05788485809982419 0.008688359250377009 0.049805754794231785 -0.05844672450874424 0.9938360019307284 0.094201813467395 -0.16458267467643026 -0.003181945615425988 -0.09454810663947787 0.9955152086999941 -0.1653620992443513
0.9986174234399017 0.0515721657909915 0.010176115067962597 0.05047056428690112 -0.05228278969898406 0.9945255462382251 0.09047346451227434 -0.16384587814105714 -0.005454493885035868 -0.09088041370498046 0.9958468752279499 -0.16726031502528882
0.9986019902059008 0.05131559224509801 0.012679714087730904 0.050772867621927335 -0.052266575521391495 0.9943927762218556 0.09193047199410681 -0.16123015926230494 -0.007891149477648853 -0.09246467752783967 0.9956846956590206 -0.1688178865780289
0.9984244539002327 0.05447926578084946 0.013439473724792572 0.05153042101867625 -0.055424562477869074 0.9948690016717718 0.08463915988920753 -0.15327851483782057 -0.00875943652050614 -0.08525068394208668 0.996321029166429 -0.17084543032586044
0.9980233210213197 0.0611154432070916 0.014640809375664901 0.05272451646480544 -0.0622298584305779 0.993574364502825 0.09453796550867717 -0.14950474309677034 -0.008769003209273356 -0.09526218979432631 0.995413592321457 -0.16635975530436845
0.9979325698394825 0.06310553791119766 0.012176910055614706 0.053885359842291744 -0.06406280165780305 0.9918920402060047 0.10975489975269756 -0.14323272972697584 -0.005152038171184781 -0.11030807613638262 0.9938840902448207 -0.1632988889066062
0.9982090416937046 0.05927665247348112 0.008061485748375223 0.05562406960588389 -0.059819977727469525 0.9902560088067639 0.12575614214337907 -0.13620540287747815 -0.0005285315679995635 -0.1260131560339585 0.9920284296131562 -0.15830680637682745
0.9988128326321809 0.04848965874716486 0.004656002991845642 0.05685546380436339 -0.04865373852212081 0.9883363067907869 0.14430578092013857 -0.12744352250219487 0.002395641270693245 -0.144360997758167 0.9895221893566463 -0.15452686543903998
0.9988825276961487 0.04684877533307823 -0.006236033446137304 0.05927436078193023 -0.04685034244201662 0.9989019142584574 -0.00010537484115206343 -0.06516083545726131 0.006224249064467582 0.0003974173901162102 0.9999805502023544 -0.16261881655608817
0.9990670509900991 0.03805339606221342 -0.020419761851626653 0.063980878194043 -0.04151258592647491 0.976565497796726 -0.21117891401068348 0.015021846542692327 0.011905160042687437 0.21182957197040858 0.977234106856281 -0.1579769029722677
0.9993882324076503 0.020284149045907345 -0.028490598845816867 0.06576608471488052 -0.030681946777061323 0.8994953001600959 -0.43585183621486584 0.098734936114885 0.016786276152844823 0.4364593432238371 0.8995673752674331 -0.13289890320244352
0.9992352350932363 0.017622163299184184 -0.0349056486663462 0.06753324821163072 -0.034888077391218006 0.8049077519672072 -0.5923734741521137 0.1579062626672843 0.017656925103372474 0.5931382386794454 0.8049069901623042 -0.0994961373911177
0.9991100835608547 0.024630120928473505 -0.034240298919069254 0.06693831759829082 -0.03991302682870654 0.8145693578475945 -0.5786913784955956 0.1593976411392237 0.01363785967040409 0.5795430254940593 0.8148275218626349 -0.08082034033130428
0.9990140212986179 0.02976372356800286 -0.032940947286446906 0.06725294644016212 -0.043174271818708934 0.8241827998872584 -0.5646757429028876 0.15984348431809187 0.010342509448163917 0.5655411860593086 0.8246552002921862 -0.07697682148411862
0.9983137761031198 0.04510911649650349 -0.03653453231713106 0.06918704803320354 -0.05803546322367879 0.7888468716910653 -0.6118435241396591 0.18095968153036057 0.001220430719017053 0.6129321174747878 0.790134627716526 -0.06331224280251915
0.9980610991799926 0.04880463736926777 -0.03862835325089082 0.07041080794124956 -0.06223784781120853 0.7895416560633578 -0.6105329013579563 0.18649528090791775 0.0007018571439259534 0.611753284185698 0.7910483086920561 -0.06155347969725066
0.9980620351117966 0.0493924483203591 -0.037849175914621586 0.07089935657693437 -0.0621910460614225 0.8123701833895494 -0.5798163148182541 0.17578464105709835 0.0021089946139419883 0.5810465310012214 0.8138676065264947 -0.07218300219214188
0.9978061759537696 0.05964222591047352 -0.02873395407798048 0.06939742942834175 -0.06617317612584504 0.9115413929207299 -0.4058489863897144 0.12225760326578794 0.001986451592569989 0.4068600421282277 0.9134883470135167 -0.10679193969386043
0.9979536326232672 0.05868308153981443 -0.025393760552795144 0.06947507896956287 -0.06390742821933101 0.9023787728364108 -0.42617882508713334 0.12111261331745013 -0.002094696257798266 0.42692955657256654 0.9042824591754165 -0.12220111523244837
0.9976515854134609 0.06461661032621288 -0.022715804893390493 0.06991891625019817 -0.0679754305420756 0.8933713743591875 -0.44414741732695107 0.11758874218270454 -0.00840565075552661 0.4446484916712639 0.8956657098995392 -0.1419676225523614
0.9976575559092596 0.06623888922861174 -0.01708246735452622 0.0701337707331344 -0.06649966233227822 0.8805802886322178 -0.4692080031095995 0.11607297767850278 -0.01603733290955625 0.4692448879062647 0.8829224423056562 -0.16041774879864112
0.9966577178845788 0.08153097304383293 0.00510821060894696 0.06318280397000851 -0.07717332235240516 0.9602059819908106 -0.26841898305850126 0.03612028305672957 -0.02678939525617547 0.26712763350801627 0.9632887187744984 -0.19233614402530955
0.9946435564660053 0.10224477472008756 0.015172396748415726 0.06091205395875692 -0.09624613783684606 0.9696443488910724 -0.2247810437183365 0.004213643780574691 -0.03769451594256237 0.22211673216138225 0.9742911683689859 -0.20554362523488956
0.9935193818216425 0.11133507661746006 0.02288533721232438 0.05931176315847866 -0.1030659184221945 0.9673350334804486 -0.23160386322592716 -0.005767207011384896 -0.04792342229565375 0.22774422872153632 0.9725409564020963 -0.21894113265553428
0.9931353434784183 0.11201120089169002 0.033699857697061956 0.05533588612442983 -0.10299620175430312 0.9739645571935506 -0.20195252846885278 -0.031499439185322775 -0.055443412216314165 0.19709523638479026 0.9788153532900037 -0.22994084644156254
0.9945545421343789 0.09787777191539662 0.03579391686795163 0.05444834309116339 -0.08944915684232255 0.9779404014440081 -0.18876286595550115 -0.04853553118234205 -0.05348000617118735 0.1845332300384234 0.9813701523642926 -0.23737184467277037
0.9961698295378818 0.07898700857844326 0.037506308726565366 0.052767861982149104 -0.0713016714061614 0.9820807526444785 -0.17445190437466335 -0.06356049851565339 -0.05061365797046889 0.17110946134298677 0.9839511216852999 -0.24468052731293582
0.9965786860023559 0.0741172487221632 0.036572613355770216 0.05261236542411679 -0.06623263987199082 0.9808746875809888 -0.18302481984279945 -0.06806908349597028 -0.049438446793979414 0.17997633373518387 0.9824277883253502 -0.24814727697384437
0.9969107460469047 0.06961707855641659 0.03636518650398546 0.05254075881526489 -0.06160605181625124 0.9802785595393483 -0.18777284171859973 -0.0709053408870716 -0.04872020931619208 0.18495244816096365 0.9815390634729984 -0.2513164612854859
0.9970850318450366 0.0668736641056678 0.0367335312713162 0.05304609514900854 -0.05861187205226068 0.9795704509402723 -0.19237042418003217 -0.06954749388041218 -0.04884759692255223 0.18965664948468766 0.9806346249144644 -0.2533032040004271
0.9971028014732669 0.06705854638338539 0.03590479983381046 0.05304074987842854 -0.05880485152053832 0.9789700227988704 -0.19534503807066933 -0.06528900348004377 -0.048249277008120595 0.19266770829106375 0.9800771201543587 -0.2547827816758294
0.9970930238185775 0.06835937256086357 0.033652608151622576 0.05336625194963295 -0.060392845702487805 0.9783474774413101 -0.1979619093972009 -0.05854003189314845 -0.0464564962118041 0.19535406207016637 0.9796318616666192 -0.2557267784823523
0.9969429546958887 0.07054425006943014 0.0335894903856665 0.053550720001028264 -0.0625195145105987 0.9780888645061316 -0.19857865805385574 -0.051818244087695566 -0.04686208902285934 0.19587159546818453 0.9795091948017431 -0.2563524267004523
0.9970567795131532 0.06941068445702585 0.03255664770922364 0.05446434041216699 -0.06149977534586748 0.9776706161349957 -0.20094263852809105 -0.04337077613963858 -0.04577724390200233 0.1983489935175617 0.9790618574489073 -0.2567963902446859
0.99688596453359 0.07075940933039575 0.03480631705801959 0.05611773215706738 -0.06295979708178671 0.9799605539632494 -0.18897983127166565 -0.04065782607412699 -0.0474809189817385 0.18619994271551157 0.9813639200955919 -0.24985776293024742
0.9967682223690362 0.07210652871543609 0.035408464974881135 0.05630225537527248 -0.06490989258078829 0.9826372002508531 -0.17381265353339653 -0.03613140674043909 -0.04732670198121007 0.17095257002975814 0.9841419623610204 -0.24391132556941192
0.996619832557547 0.0744372786059975 0.03475630743758446 0.05679007797887152 -0.06810755396371491 0.9852300836117092 -0.15710838118811227 -0.03085611674301304 -0.04593768002460302 0.15421016146869854 0.9869695819293279 -0.23780184819633343
0.9966897501983216 0.07261667729285944 0.03655625840464866 0.05746279799765892 -0.06690607514648082 0.9880851942669096 -0.13860456694864778 -0.021865838659900733 -0.04618570079685488 0.13569991543649837 0.9896728823163883 -0.22785858205477436
0.995937443812043 0.08346014599020683 0.03380846113656254 0.05748100735846995 -0.07952634988025607 0.9913373362820549 -0.10452676866682366 -0.017703470086821778 -0.04223940917973187 0.10141345928670954 0.9939472534232623 -0.22162722887432662
0.9956718680121971 0.09011661480068388 0.022727230054769253 0.0603166866739492 -0.07760013204775978 0.9406814137150634 -0.3302978919054804 0.07139937023259443 -0.05114441079207064 0.32710468298068984 0.9436030816062604 -0.20474780299087367
0.9951569204787236 0.09632049642856734 0.0196230882139667 0.06019201898568174 -0.08593072781099853 0.9493729485928719 -0.3021703402022661 0.07264568601708861 -0.04773482629246171 0.29902067896356926 0.9530519502687095 -0.2011556225596382
0.9964399569657058 0.08381707025759691 0.009061506255050188 0.06326657908214656 -0.07322947025847198 0.913770152936639 -0.3995767163985158 0.11483398051343807 -0.04177148366818723 0.3974906367898336 0.9166549715223101 -0.18608136211011483
0.996812746628569 0.07967636071606936 0.00400321144152111 0.06497800131576717 -0.06959529117336112 0.8930283139818821 -0.4445862412099329 0.1363225273941621 -0.03899799488817747 0.4428906275478434 0.8957271060010273 -0.17731465259689627
0.9966886074076763 0.0812833339598748 0.0021998827488071753 0.0656419720020177 -0.07176506775917543 0.8920525714573229 -0.44619724876550193 0.13999990783067986 -0.03823081104636058 0.4445618397666943 0.8949319391495568 -0.1783896159788809
0.9965160013770645 0.08340156708167351 0.0001939272589005973 0.0660247071562186 -0.07451798717878615 0.8914107982899552 -0.4470278048163128 0.13981583871873873 -0.03745568830342661 0.44545590949092656 0.894520041202725 -0.18233849707307692
0.9966821343322214 0.08136155105849448 -0.002240783862337751 0.06587413445985575 -0.0733223453059562 0.8855688909631835 -0.4586846117291001 0.13997568002557453 -0.03533492297708322 0.457327057331616 0.8885963120847424 -0.18640852391757629
0.9970635504467 0.07640061589578671 -0.005217495698003321 0.06548510586723891 -0.06966329939579186 0.8766245924574523 -0.47610539654167144 0.1405708009646207 -0.0318009604871798 0.4750708050275792 0.8793727475436893 -0.20894537704006225
0.9969870433597819 0.0770670162185891 0.008803998175679976 0.05971294298425296 -0.07153448608805094 0.9573817033533591 -0.2798268953913182 0.07122412394525345 -0.029994210655271476 0.27835399960371987 0.9600101031925529 -0.24346705291133003
0.9972158854661133 0.07414289451299559 0.007956693236759418 0.059875584893013076 -0.06833223670868194 0.9513163157751657 -0.30054612419120874 0.06702104194813559 -0.029852691677944954 0.2991656707130708 0.9537340920122217 -0.25815678588532087
0.9974815082885821 0.06698016713855356 0.02333019143557309 0.05616374607202765 -0.063130360359721 0.9883605459064797 -0.13841238707681044 -0.003847240917822292 -0.03232952556381698 0.13659095323460965 0.990099850152133 -0.2768272135037752
0.9959631529298831 0.08303205058002816 0.034103908609360876 0.05461866861492045 -0.0766139636577704 0.9842968051385157 -0.1590286136730119 -0.012686983477605902 -0.04677284018109941 0.1557738038650544 0.9866847639701354 -0.29627313906393515
0.9956564469865972 0.08182053862139821 0.04442565738088006 0.05337287433767657 -0.07294220230270597 0.9820535538776801 -0.17392599702015055 -0.023459933710283657 -0.0578590934706984 0.1699300349435762 0.98375612248505 -0.3115234975334835
0.9949865164948035 0.08407509763615342 0.054159116970283055 0.05116661471405281 -0.07258162630786479 0.9796183981446054 -0.1872957595331689 -0.031469374774488905 -0.06880217668094431 0.1824257985430532 0.980809404782545 -0.32338283654195443
0.9971154022519272 0.052917462591036524 0.0544115497380574 0.05209658574627387 -0.04283982173060614 0.9841526944246284 -0.17207040341336374 -0.05135340608096938 -0.0626548024181808 0.16924306842430117 0.9835807844423673 -0.33012870071183925
0.9981981839819204 0.03166854419375163 0.05096556488294481 0.05352307022330746 -0.022507938752744695 0.984978646868133 -0.17120297283320837 -0.06395023085649001 -0.05562174204654368 0.16974736676152835 0.9839166902178412 -0.3369350861359886
0.998280896307494 0.03208610782140457 0.04904827981053674 0.05272620631307342 -0.022949375034552362 0.984010649965131 -0.17662493295321555 -0.07095866502054173 -0.053931236338723626 0.17519566901061343 0.9830553897451032 -0.3402704474518815
0.9982435642321567 0.03313264038239284 0.0491122653760143 0.05231765137097371 -0.0234296426285022 0.9821956183001099 -0.1863942575251965 -0.072680991039018 -0.05441358576103945 0.18491618515792052 0.9812467407086068 -0.34346025521478024
0.9982189684616596 0.034993651851125275 0.04831495972735129 0.05236204640661365 -0.024513353360151105 0.9789588304807272 -0.20258011682011418 -0.07031714344140941 -0.054387374549375166 0.20103495356263684 0.9780730856820931 -0.3460694741648123
0.9984256546914005 0.03597197855975372 0.04303752795570276 0.053588635407632 -0.025506914398600707 0.9745292304457527 -0.22280524303677318 -0.06306948234604758 -0.04995607442447864 0.22135671610617141 0.9739125191015794 -0.3482036023125028
0.9984961494685026 0.038197880464289194 0.03932380226532746 0.05356222566398408 -0.02789499825786641 0.9715016697105355 -0.23538558754061242 -0.055207392695217176 -0.04719437009602589 0.2339346654039967 0.9711062062171963 -0.34929015366972815
0.998356904789684 0.04267212634693433 0.03824369610519184 0.05374170344047514 -0.03233794265661083 0.9705443908221028 -0.23874221015248984 -0.04701834785833997 -0.04730484249517292 0.23711321151885953 0.9703296227569866 -0.34932004765230323
0.9972869534770284 0.06353693671694455 0.0371724373310023 0.05291499035776308 -0.05240544860675759 0.9674379582774052 -0.24762363748312569 -0.03307933724354202 -0.05169527426008534 0.24500378478030665 0.9681429357602609 -0.3486335771934624
0.9956428956362637 0.08550991810618891 0.03719244915976138 0.05448044196998508 -0.07301105068219689 0.9629797191655877 -0.2594984527006883 -0.014452636094220445 -0.058005265686066766 0.2556523310694433 0.9650270849937043 -0.3457039234499298
0.993966424890549 0.10277086007756839 0.038326185685631696 0.05736100210811023 -0.08906303232782896 0.9601640230934827 -0.264863785802275 0.0030859860150541443 -0.0640197037080452 0.25985226394214 0.9635238857762042 -0.3421313156527924
0.9937571623480049 0.10340706704758809 0.04187697179414962 0.05854255491522486 -0.08982864982846238 0.9642414032967813 -0.2493377826127695 0.011393069404457966 -0.06616279885274677 0.24401945548023493 0.9675107179742753 -0.3303953935516861
0.9938443712785215 0.10340593901956803 0.039756476874504704 0.058967683448804716 -0.09234253772169047 0.971480737398174 -0.21839879255944117 0.01602512902383038 -0.06120638369574681 0.21338319671375913 0.9750494294932455 -0.31714117812831455
0.9956189231699287 0.08967049358193932 0.02649834724495091 0.06196151063171594 -0.07109143513073996 0.9100238897081779 -0.40841465205285243 0.09149298884381633 -0.06073687246636461 0.40474155054944533 0.9124118092077901 -0.29386991327506984
0.9958501023104455 0.08628432674953072 0.028941124471007065 0.059304591334578154 -0.057726026486234476 0.8447165865608036 -0.5320917160181858 0.14219448430909806 -0.07035822336001311 0.5282129337174961 0.846191950481199 -0.26451868957391134
0.9964931021222889 0.08291463316334133 0.011254378262547438 0.06319045029001133 -0.054129457815638486 0.7413424846771366 -0.6689404474310977 0.19863688469065044 -0.06380830055152491 0.6659853482022831 0.7432307964290819 -0.22421683430490244
0.9963455186282709 0.08467746294242272 0.011195301647884046 0.06583814264914219 -0.057201946917287944 0.758833081652413 -0.6487682879570926 0.19708685405623233 -0.06343141791119872 0.6457569832836 0.7609036560315877 -0.19808448296339984
0.9946647042928732 0.10298689390298636 0.005985458894439491 0.06878696539302825 -0.07198962900159914 0.7345048752786358 -0.6747740966487447 0.21454308030589384 -0.07388923703879394 0.6707430863424002 0.7380000628548035 -0.1857533053739951
0.9939948209323672 0.10876041708020712 0.01206099648294558 0.06803294470100213 -0.07496531179914058 0.7571000778085524 -0.6489835700610171 0.2093306541816881 -0.07971510513372536 0.6441821511488975 0.7607068148470181 -0.19183570000103503
0.9943911529991424 0.10524594174416416 0.010465494895677456 0.06824040357982598 -0.07288509430197744 0.753598722485775 -0.6532815078481874 0.2118522594606424 -0.07664201110109446 0.6488545732397899 0.7570427629402363 -0.20416832334820903
0.9947621483281468 0.10212527545090001 0.004323929652424855 0.06815588283149425 -0.07343168873005558 0.7434158934147945 -0.6647861283965968 0.21354432769013837 -0.07110594450406052 0.660986563806223 0.7470212226729737 -0.21283121210950362
0.9949841026825825 0.10003317153310012 1.3988070906881143e-06 0.06957043920224279 -0.07289955043340797 0.7251079868547088 -0.6847656993060615 0.21812487192913174 -0.06850029894486062 0.6813308828994455 0.7287632928818 -0.2305000091977599
0.9938965143029799 0.11005124070747012 0.007644820149903592 0.07063723595656049 -0.07214716370745167 0.7008717188404797 -0.7096292133914461 0.22250532661133873 -0.08345361361468429 0.7047464495464553 0.7045338432086237 -0.24345396155244448
0.9912780789544248 0.13116986502870936 0.012737216837548575 0.070877070853146 -0.08206179548490798 0.68999111115696 -0.7191509773657948 0.2227745827887652 -0.10311950303512384 0.7118333604381926 0.6947370978010721 -0.26923157726839897
0.9872766088546419 0.15772453475422699 0.020195760570779625 0.06637955357425691 -0.09372964534585036 0.6798340322683896 -0.7273516633328369 0.22164447859994388 -0.12845096804544573 0.7162043421442379 0.6859677026667689 -0.30217497244887104
0.9855578808432645 0.16686648377886598 0.028831234781088656 0.061826505238647994 -0.09093230336728976 0.6651299922434337 -0.741170297315381 0.22292332592550437 -0.1428530003606692 0.727844536978552 0.6706976593655513 -0.32721947380870925
0.9855358062237298 0.16640921762804106 0.03204913320758075 0.06697447550149765 -0.08665912139123609 0.6573916544419011 -0.7485495370046262 0.22294242830450225 -0.14563437551153344 0.7349450217251351 0.6623038907562022 -0.3448281001255024
0.9865862859186187 0.1597119328086384 0.033757946558180436 0.06938427925493798 -0.08063371585116229 0.6566047643399137 -0.749912253076426 0.22093864580181197 -0.141935563920151 0.7371311158570444 0.6606754223747198 -0.3628481556577991
0.9877711427912474 0.15188737759792675 0.035190822600336395 0.07322180114639579 -0.07441416220524356 0.6576272932493267 -0.7496591729825346 0.2150259981529896 -0.13700621129042437 0.7378730024197834 0.6608878349371057 -0.37766024641588863
0.9878984373045738 0.15129119253805137 0.034170932553644846 0.07328200245537067 -0.07235706260502625 0.6444125729149434 -0.7612469319217761 0.21490212842050682 -0.13719013471217578 0.7495621461423687 0.6475611600521594 -0.38348672354146013
0.9883022173140634 0.14910838924883066 0.0320221096699676 0.07311472796051914 -0.07171433697859833 0.639679644142486 -0.7652888387670791 0.21518735932338617 -0.134594877777044 0.7540402118755726 0.6428900199496187 -0.3873014072915582
0.9887452390422335 0.14637470941472377 0.030940211942743327 0.07303724440612698 -0.07037278749951692 0.6375298170066569 -0.7672049290815384 0.2168847017897668 -0.1320247062138585 0.7563928720388702 0.6406553676337464 -0.3878664087574499
0.9892792194439092 0.14296898108420864 0.02977408981284411 0.07297805501563194 -0.06887907535665035 0.63657865453203 -0.7681297348574686 0.22022412223314053 -0.12877227556603202 0.7578439727555604 0.6396016056918654 -0.3858563925926865
