1.0 0.0 0.0 0.0 0.0 1.0 0.0 0.0 0.0 0.0 1.0 0.0
0.9999975038237091 -0.0006704933581206943 -0.002131381009478469 0.0008068201038196542 0.0006640984300533316 0.9999952804911983 -0.0029996614149928563 0.0002873284844566089 0.0021333822034624085 0.0029982384805269037 0.9999932296002747 -0.001997099505873435
0.999983308170454 -0.0021502625877400654 -0.005362811881720673 0.001977217989966501 0.0021388169184996266 0.9999954248696057 -0.002139089069152085 -0.0006026729847168674 0.005367386949354292 0.0021275832910586166 0.9999833321344288 -0.004157879945088313
0.9999557329197449 -0.002753258296651535 -0.00899732013923398 0.0033446428315922665 0.0027339408766216267 0.9999939329584534 -0.0021586138068930756 -0.0011609341544341035 0.009003208773491997 0.0021339201100537553 0.9999571933921697 -0.006144282585019013
0.9997980187235775 -0.005949834257798412 -0.019196906748586262 0.007200313981076399 0.005858764298471809 0.9999713326263936 -0.004796749554614477 -0.0010402719679211605 0.01922489628851455 0.004683310549117057 0.9998042158167753 -0.009368973177982836
0.9995760631313797 -0.008435844598082899 -0.027866297577705125 0.010479714255639453 0.008281509300172232 0.9999497503195096 -0.005649198143244189 -0.0014743362979981235 0.0279125530627956 0.0054160282373219865 0.9995956962790754 -0.012337750699581575
0.9995283951512908 -0.008923941592092744 -0.02938282751449187 0.011095820166817932 0.008813475258149057 0.9999536061645257 -0.0038869232607062747 -0.002398010545688884 0.02941615100857789 0.0036261253455365087 0.9995606741338013 -0.013841003267652212
0.9993939403865967 -0.010024242270784968 -0.03333566386692662 0.012667110349670756 0.009885413009835612 0.9999417770083014 -0.004326800562235462 -0.0027920175435886016 0.03337709586193926 0.003994641457877803 0.9994348464564592 -0.015910567679957986
0.9993829344680865 -0.009555608211605577 -0.03380000955122952 0.012900847725928455 0.009500088052358146 0.9999532479768376 -0.0018028276597344274 -0.0037710423333606052 0.033815656447189577 0.0014806121300183846 0.9994269904133899 -0.017061954399425913
0.9989919658144206 -0.012647791349533444 -0.04307070480290283 0.01643729508078471 0.012412622631488023 0.9999065818891415 -0.0057231367432754796 -0.003437963801258014 0.04313906625842061 0.0051827472205988575 0.9990556341333544 -0.020520090311092542
0.9987953008894459 -0.013795627042427051 -0.047091693489071385 0.018079978666595047 0.013464394328535748 0.9998823826333579 -0.007343771837796137 -0.003481782089731613 0.0471874666254514 0.006700863671659645 0.9988635749788486 -0.02264198463400592
0.9986430880206183 -0.014432983343778374 -0.05003670393264324 0.019245839708267612 0.014166947387041917 0.9998835822013302 -0.005667419692348775 -0.004417109305239074 0.05011267654374059 0.004950862150641316 0.9987312995063228 -0.02431132282478911
0.9985471056871466 -0.015210965101347656 -0.051694334936328086 0.020013561509296715 0.014955389680420485 0.9998739705921307 -0.005327218020208425 -0.005027548298947183 0.05176885205729854 0.004546369212200636 0.9986487452971922 -0.02595193417221388
0.9984444950881418 -0.015658670310856902 -0.053510711752715996 0.02082091195376786 0.015530814719220382 0.9998754569046223 -0.0028043669394800202 -0.006057213112312973 0.05354796002037445 0.0019689397832060376 0.9985633376275072 -0.02736165734651307
0.9980629600064668 -0.017232007491380083 -0.059777803413537244 0.023263883751396708 0.017021488040327697 0.9998470057022614 -0.004029160348782013 -0.006270569160631222 0.059838088271797825 0.003003848538165526 0.9982035764742263 -0.029864335079456027
0.997978119625866 -0.017572202108821836 -0.06108101555366989 0.023890748691703975 0.01728164015548678 0.9998367090120491 -0.005282066403625541 -0.006386446520322177 0.06116385911269183 0.004215806566099004 0.9981188352663425 -0.03154939145539805
0.997551225186331 -0.019250981077779877 -0.06723803132746749 0.026365774799541383 0.018968206092448273 0.9998083650289247 -0.004841526187519161 -0.007092069196708559 0.0673183502983024 0.0035542855446616005 0.9977252160627105 -0.03379375754564878
0.9973736072290428 -0.019976622841290037 -0.06961912196217766 0.0273779092148393 0.019890405834097506 0.9998003006369921 -0.0019314766207924078 -0.008259873805931007 0.06964380344784898 0.0005416512149170998 0.9975717754905052 -0.03523168429291647
0.9971619624442429 -0.020542902052921704 -0.07242934370537174 0.028552332261286742 0.020453709677662836 0.9997888542209199 -0.0019730017850401564 -0.008661716517718486 0.07245458173758713 0.00048595356358335204 0.9973715944593395 -0.03705619457498382
0.9967222844032451 -0.022718708260540562 -0.07764372523874398 0.03077673483188966 0.02229580101912397 0.9997315082042053 -0.006309418409197595 -0.008028581952415266 0.07776622037165469 0.0045576088817647934 0.9969612044459844 -0.039571863301217404
0.9965194921356303 -0.023221191251723682 -0.08006046509105962 0.031855882614718306 0.022775688658935526 0.9997196422570658 -0.00647339876085999 -0.008443497713380578 0.08018833955044304 0.004627435818760092 0.9967689888022631 -0.041314647147161196
0.9964821566823253 -0.02370176434332897 -0.08038369101226617 0.03213822833688794 0.023205925487742387 0.9997055144936273 -0.0070971341603656615 -0.008780543500642415 0.08052823378169634 0.0052067896103246475 0.9967387285071018 -0.04272775437166703
0.9962817093993473 -0.02426836837884009 -0.08266681203810747 0.03314231882207607 0.02393131529544033 0.9997007700597845 -0.005065815838062473 -0.00972572028731206 0.08276501473778101 0.0030686541192943566 0.996564366058385 -0.04427711707251236
0.9963463116852581 -0.023853168555120874 -0.08200642377926104 0.03303893033280625 0.023743997896977308 0.9997154111623598 -0.0023063495708677754 -0.010790933216717355 0.08203809941149968 0.00035076253463762076 0.996629132230537 -0.045343879564798115
0.9957110203632605 -0.026098088162576926 -0.08876065412902832 0.035806902253607456 0.025792170162241976 0.9996567801686203 -0.004591930011432289 -0.010731965797536975 0.08885003030655982 0.002282905422112147 0.9960423989255461 -0.047942998085667814
0.9954159145493284 -0.027052805776787234 -0.09173495932046456 0.03712785727757615 0.026593779327003558 0.9996269546305814 -0.0062227387135558665 -0.010790080723148463 0.09186908056049384 0.0037546338828156446 0.9957640155987639 -0.04987428822594948
0.9953010120117294 -0.027357049528232025 -0.09288426847177556 0.037746067744044993 0.027007428128914185 0.9996226319937401 -0.00501920628888329 -0.011510363958496809 0.0929865275956069 0.002487055893762924 0.9956642608021502 -0.05125416861474872
0.9952055989877021 -0.027621223264195277 -0.09382368447742 0.038293129160324325 0.027379262260896594 0.999617644202868 -0.0038654102445364216 -0.01218895655111486 0.09389457780712389 0.0012780546541561674 0.9955813250733072 -0.0526570485969627
0.9943601353120993 -0.030151571354727208 -0.10167990975086458 0.04157414434816932 0.029747438796227075 0.9995423764823779 -0.005488852432545973 -0.01229445583438811 0.10179887615866842 0.0024331791554148166 0.9948020247526785 -0.055433222816325664
0.993139310818208 -0.03314678466208893 -0.11214098258040886 0.04583605847636849 0.03234866187164879 0.9994367535028585 -0.008929715716712174 -0.012096840995065623 0.11237381092874002 0.005240840985249959 0.9936521827093816 -0.05849778637620403
0.9924471139653757 -0.034988325621839 -0.11757781700633893 0.04817061997897452 0.03414165940739614 0.9993745846944317 -0.009207961758307166 -0.012505016615724252 0.11782645320430099 0.005124113290439909 0.99302098184695 -0.06065067293995793
0.9920756158275065 -0.03579474169786762 -0.12043549703993493 0.04950965054244682 0.034968175350247425 0.9993481683006036 -0.008970241184274004 -0.01299281966188203 0.12067808083139045 0.004687747968123232 0.992680626297219 -0.06238658856905931
0.99137216230281 -0.03729151406374193 -0.125660569749959 0.05178826865520876 0.036149007783786345 0.9992818321344653 -0.011360862741680739 -0.012837208929711888 0.12599398813950746 0.006720338147839156 0.992008241905217 -0.06469998135114079
0.99074128826824 -0.03802728192200471 -0.13032891294801688 0.05375324853321023 0.037159487160126674 0.9992680517525035 -0.009084781822019168 -0.01388468123044488 0.13057898848813226 0.0041577128786980475 0.9914291912128841 -0.06646156292725988
0.9893749146441255 -0.04118797221434088 -0.1394303740861346 0.057582363785266155 0.03942321171266207 0.9991039787119604 -0.015396431410899171 -0.012550853691488652 0.1399395892919062 0.009736049856209133 0.9901121758073722 -0.06958147287602537
0.9878279983270055 -0.044859887338812195 -0.14894104951023454 0.06167068094217449 0.04245904005154377 0.9989125149666472 -0.019261810945768856 -0.011945778950485228 0.14964316101700897 0.012703462164238006 0.9886584579165233 -0.07242256967020366
0.9859565067827152 -0.04855061085253987 -0.15978925157428583 0.06652079809937969 0.045362067695076454 0.9986931190656498 -0.02354435697471048 -0.011418684740519528 0.1607235189611417 0.015965341110372386 0.9868703351180313 -0.07557054299126802
0.9850232101197305 -0.050112384519326154 -0.1649788605949499 0.06882020134746712 0.046641387830450624 0.9986025855971952 -0.024848681652099087 -0.011335123567634059 0.16599354344874442 0.016781685147358907 0.9859840356602854 -0.07753477990145762
0.9841559703579699 -0.051459783732759654 -0.169672969759298 0.07102292020356143 0.04768763674797053 0.9985176988346066 -0.026235365738568 -0.011533002889603473 0.17077152956554453 0.017728388878305742 0.9851511502899553 -0.07961643229043047
0.9832525899007315 -0.05327772557567547 -0.17428662717198365 0.07316426408856679 0.049386996405122736 0.9984257579430383 -0.026588163944712733 -0.011855013596877621 0.1754288147357309 0.01753538802974021 0.9843359391625711 -0.0816071582387979
0.9825935626393478 -0.05453454333238549 -0.17758342896577137 0.07488537583823332 0.05006430092715466 0.9983084438991339 -0.029560389245856685 -0.011527956238385397 0.17889509896134181 0.020155257954673707 0.9836616842921099 -0.08354860198030714
0.982417957278985 -0.054779763300687866 -0.17847726675547806 0.07552108631578855 0.05038319445523429 0.9983065872807758 -0.029077336678217356 -0.011955160324530844 0.17976788070250896 0.019573842865747516 0.9835142976811238 -0.08496038096110682
0.9811345413593017 -0.05704934345339475 -0.18471703809667497 0.0784288708759162 0.05199920376244299 0.9981319358348697 -0.032073688197788004 -0.011721060439189265 0.1862017576709302 0.02186346445725391 0.9822682395161623 -0.0873001075270428
0.9811990233090325 -0.05667595431412571 -0.1844893299353191 0.07861497991701537 0.051838516328103455 0.9981759823706147 -0.03094311625160821 -0.012364972166464872 0.1859065487880964 0.020797702302002796 0.9823472963757036 -0.08852267853382753
0.9803334190207237 -0.05851098699583386 -0.18847506984190465 0.0805680909706537 0.05325797116452878 0.9980412893064108 -0.03282031911844696 -0.012367548311867814 0.1900262509722689 0.02213705581986554 0.9815294059278358 -0.09037640903197766
0.9799990975233909 -0.057207861126463797 -0.19060175623187234 0.08150076984086814 0.05287322343051027 0.9982154621394805 -0.027754520167568145 -0.014040128731705015 0.1918493969169729 0.017121675472915997 0.9812750160539051 -0.09140180419913263
0.9795486569059267 -0.058126699369074795 -0.19262843916268324 0.08261927746485388 0.05365751956444789 0.998157109784914 -0.02834174976989206 -0.01426534699684591 0.19392085846547108 0.017426158678420765 0.9808623907795255 -0.09315464292325114
0.9791777866634995 -0.05952091667715244 -0.19408277250359182 0.0836518585732849 0.0544648838965162 0.9980253501824011 -0.03128860520118967 -0.013730363810235784 0.1955618534553928 0.020066411517966763 0.9804860532419014 -0.0949488767752105
0.978908944148208 -0.06002044048481116 -0.19528140154825077 0.0844791400641784 0.05503432394849645 0.9980073200259125 -0.03086441903274991 -0.014297840368352606 0.19674476423572723 0.0194662759331741 0.9802614762639196 -0.09637493910575974
0.978645972412955 -0.0605931073332783 -0.19641928628217328 0.08527459232297879 0.05544636334199715 0.9979614322552105 -0.031601906956345696 -0.014474561052349205 0.19793373000084594 0.02003634384881937 0.980010603745246 -0.0979643216943619
0.9771043659460318 -0.06236896534459829 -0.20341379061176407 0.08842184736192059 0.05693810973464332 0.9978502719941057 -0.03244821013763752 -0.014671489308925163 0.20500026758286935 0.02012329106122734 0.9785550283187014 -0.09997007346809898
0.9766600175056527 -0.062415119206613134 -0.20552265836223846 0.08951368149789356 0.057560228098746356 0.9979054174427486 -0.029522838272015163 -0.015877838551463946 0.20693484565697828 0.01700384464877154 0.9782069509669621 -0.10123510678582687
0.9755148715606867 -0.06350520070904447 -0.21056548826158486 0.09186589125243876 0.05879891473016375 0.9978617033494296 -0.028543101007627403 -0.01658608129343541 0.21192787214165718 0.01546319732399097 0.9771629682596585 -0.1029881834341372
0.9753225722425702 -0.06310391555977328 -0.2115745162233868 0.09253759823389321 0.05885854587739808 0.9979195589333277 -0.02631017817333006 -0.01750756060877918 0.21279462317298664 0.013207942282549926 0.9770076758190414 -0.10420180471193338
0.9751571061492005 -0.06327615915087023 -0.2122845873110654 0.09316507389715714 0.05921428586500654 0.9979209737522308 -0.02544402670369662 -0.018121455972627886 0.2134532423651908 0.01224164321138726 0.9768765815062154 -0.10551608034422834
0.9742375092291712 -0.06365798511975894 -0.2163537301306178 0.09507880645383703 0.060153965606179985 0.9979298360901329 -0.02274956401720172 -0.01928760035957748 0.21735403385442417 0.009148943743122105 0.976049958145377 -0.10691536394002332
0.9740537025580789 -0.06125959392280909 -0.21786841598843434 0.09574194105588497 0.059168874655242745 0.998117927504004 -0.016113567796917964 -0.021273501313687743 0.21844548245484297 0.002804451377052475 0.9758451241091192 -0.10768659260796754
0.9736074285609809 -0.06151874875697638 -0.21978175220488586 0.09662733158504916 0.060055301862959536 0.9981059057364705 -0.013340226839547909 -0.022438616975485423 0.22018613891210917 -0.00021091552296230152 0.9754578513424438 -0.10896325031437021
0.9720915456256477 -0.06315719122757527 -0.22594069159711377 0.09957812397682561 0.06129263503145762 0.9980031001191447 -0.015265157826856791 -0.022570275217472475 0.22645361514897286 0.0009906305173115167 0.9740214468055293 -0.11110101675364156
0.9707309741685999 -0.06558673541947024 -0.23104059367716442 0.10220228958391564 0.06250446730334175 0.997831168616931 -0.020643413082556746 -0.021372106415239206 0.23189343965883477 0.005598131258556006 0.9727250863268633 -0.1135654453556343
0.9705164502718572 -0.06572079308341046 -0.23190212829596918 0.10293722495776172 0.06265825632300635 0.9978233374934492 -0.020555536188493602 -0.02183078739078397 0.23274828176868032 0.005418903018471824 0.9725219138013297 -0.11495767200658373
0.9699713493608552 -0.06698021438327387 -0.23381452542614034 0.10422060891728814 0.06354980630093922 0.9977320861582746 -0.02218347063406657 -0.0217977072136922 0.2347701078463645 0.006658463143255034 0.9720281175616134 -0.11659401982746131
0.9672064755713546 -0.07122967475235346 -0.24379903003808537 0.1088833093680283 0.06669984699143987 0.9974132005724441 -0.02679622613641678 -0.02103190124093559 0.2450770573190313 0.009656125439814785 0.9694555148212489 -0.119143313726195
0.9667474885912073 -0.07172863326307599 -0.24546750594081362 0.10995739475454691 0.06732051823116676 0.9973843566646909 -0.026313359832028555 -0.02146241310673018 0.24671287183217516 0.008913374825162633 0.9690476307290292 -0.12052453483641924
0.9647521743054641 -0.07430354742337737 -0.2524524212860315 0.11332690675471951 0.06952206520834238 0.997192407930781 -0.02782056818937865 -0.021394445208609898 0.25381080477797807 0.009288939956464938 0.9672092798213004 -0.12261180080408972
0.9624900949813955 -0.07684905035475308 -0.260205765736033 0.1170444093508633 0.0716627326309789 0.996996269659375 -0.029375007015374065 -0.021459666111965585 0.26168161917598143 0.009626097073325913 0.9651062472290652 -0.12475917233115819
0.9596176072509558 -0.08019457639115192 -0.26963471173310044 0.12149580312039031 0.0739968878588834 0.9967093719741362 -0.03308909799502764 -0.02085975205096226 0.27140101039080194 0.01180075151710405 0.9623940117345293 -0.1269521852169081
0.9581871488946277 -0.08101242459002493 -0.2744346456904237 0.123955583920206 0.07470050452061132 0.9966468081748676 -0.033391232070959086 -0.0212591581587551 0.2762195183500777 0.011494642965141104 0.9610258325693193 -0.12859823445047228
0.9564624078867727 -0.08283626472739916 -0.27985320356473986 0.1267343047711234 0.07622258006996789 0.9964953959905318 -0.0344535057309483 -0.021283937818772594 0.2817264286269799 0.01162234983501295 0.959424379718067 -0.1304196948032101
0.954133717513134 -0.08472901190237013 -0.28714080804827113 0.1302536414173655 0.07860012914751173 0.9963655917225664 -0.032827234567302056 -0.021752672903578452 0.288878640267086 0.008752266757260421 0.9573257173104918 -0.13231604101772643
0.9542342837898299 -0.08353296296447538 -0.2871570576156629 0.1305487532674493 0.07846515079418831 0.9964910910464028 -0.02913289508437596 -0.022801828249928453 0.2885830066912374 0.005267785448135182 0.9574403891029019 -0.1332570569751656
0.9544119990598717 -0.0811162513560153 -0.28725927281201274 0.1306438225368509 0.07795777030112619 0.9967041649392102 -0.02243643560173452 -0.024558542011279286 0.28813247317894486 -0.0009804890523180613 0.9575900566218309 -0.13395807797323778
0.9524715519542807 -0.083007460890007 -0.29310016061817035 0.13360613568163338 0.08012164184586477 0.9965453681953952 -0.021859817845297672 -0.024999937687818004 0.29390213545621985 -0.0026628114654660734 0.9558318074898805 -0.13568477863516362
0.950619043598795 -0.08494623105652661 -0.29850891406556473 0.13638633035646786 0.08203870038358962 0.9963800447258442 -0.022281339984361694 -0.025187349072203415 0.29932104100227075 -0.0033082172568222098 0.9541467235765669 -0.13742427968248577
0.9500786482751234 -0.08588618660694149 -0.2999568719696734 0.1374904604966747 0.08290620047795387 0.9962993995284746 -0.022673077019061516 -0.025370532665993532 0.30079415555163747 -0.003327078195750119 0.9536832841864512 -0.13884726590099875
0.9483424403681834 -0.08717535114734269 -0.3050361846549605 0.14021971901277466 0.08425960414267034 0.9961843827980786 -0.022737514792382018 -0.025841169054951596 0.30585443417782604 -0.004139277902102408 0.9520692892180744 -0.14048854720913104
0.9470190178219736 -0.08833401471863817 -0.3087913239182587 0.1424216842923406 0.0849496781176085 0.9960860563150814 -0.024415581139616723 -0.025812220562013773 0.3097394583698019 -0.003109703901973894 0.9508163848348544 -0.14212190740432917
0.944842198163247 -0.09060188638657074 -0.3147451647813472 0.14556345362940426 0.08692928169237206 0.9958824847120031 -0.025717243792776255 -0.02582638515673539 0.3157792275538255 -0.0030618339347231057 0.9488277528711222 -0.14379268635909742
0.9437222837142556 -0.09152266730741644 -0.31782361867879627 0.1474088982968689 0.08755924295154878 0.9957996783824571 -0.02676526680510724 -0.026309179473722077 0.3189382858718918 -0.0025694167301000964 0.9477720020673561 -0.14527212211864438
0.9426446833665422 -0.09189848797778509 -0.3208982219149666 0.14915775140185206 0.0880549580825107 0.9957629972553111 -0.026502408460528218 -0.026535857841580912 0.32197410653323905 -0.0032743250477493472 0.9467428127625802 -0.14658613892948516
0.9408503418003288 -0.09293425699555113 -0.32582795799453484 0.15145505541139584 0.08982528426977418 0.9956534716795934 -0.02460858870861371 -0.026645932714741947 0.3266987184548752 -0.006114589852176363 0.9451087551974534 -0.14770324839145235
0.9385293337559171 -0.09540039013870066 -0.33175511336082997 0.1544041277228861 0.09264011453294764 0.995406392678537 -0.024164490353130914 -0.02626408734671369 0.33253646245035423 -0.008054748666963239 0.9430560016059036 -0.14919667846290569
0.9372168375364353 -0.09706241906902484 -0.33496788837539526 0.15638459995851375 0.09428279111542433 0.995241701797772 -0.024590858101379957 -0.02600114385363126 0.33576085944863737 -0.008534741187989765 0.9419085961255287 -0.15049996986548544
0.9342402713273124 -0.10046654057301266 -0.34220109534535464 0.15992605447525746 0.09675184365600534 0.9949158706510145 -0.027955161882914387 -0.0250881512837094 0.34326985911878904 -0.00699174885327478 0.9392107959710309 -0.15188645670018508
0.933623381759081 -0.10011937990824517 -0.3439818175420406 0.16118623239782884 0.09658183679399142 0.994946449209917 -0.027450173152082567 -0.025745970420420726 0.344991782270587 -0.0075942722738263895 0.938574982190764 -0.15318379713014688
0.9320434637888452 -0.10167420332828561 -0.3477892148788548 0.16364531654648415 0.09832609931155296 0.9947793589118207 -0.027313097172679338 -0.024362152527432783 0.34875056960909256 -0.008739763186040084 0.9371748271996979 -0.15481571138607306
0.9307888152369688 -0.10294862081226175 -0.3507616896164878 0.16610304732344391 0.09945368384868342 0.9946476873441318 -0.028016831189462462 -0.023777737813362107 0.35176859751644457 -0.008806789075814385 0.9360455620681539 -0.15595970648739305
0.9291234461994208 -0.10460901754236512 -0.3546640314034304 0.1688100892930485 0.10205934516300254 0.9944399240029811 -0.025944703001708827 -0.024332798131143002 0.3554061223268551 -0.012090946934336612 0.9346337770564564 -0.15705493535910184
0.929110768812826 -0.10793415294747291 -0.3536995870842252 0.1699516745109255 0.1026437845366302 0.9941457007148552 -0.03374283992449511 -0.022987592147796578 0.35527092868969423 -0.004954228263192632 0.9347502462424265 -0.15879733023940104
0.9278272202308354 -0.11053762209306234 -0.35625564346510014 0.17329396962269686 0.10213595301675789 0.9938676294041899 -0.04237195208928926 -0.021498293980872572 0.35875464665991424 0.002927340859852928 0.9334273052441786 -0.1605620393713849
0.9275532338340166 -0.11099866670940237 -0.35682529954137726 0.17576389134187506 0.10119682130114016 0.9937983853441608 -0.046086577719402645 -0.021001065037673464 0.3597279552142199 0.006638168126559936 0.9330336183446544 -0.16182491793456866
0.9256893533874183 -0.11510642216799911 -0.3603466839043564 0.17975804733487621 0.10131393041881524 0.9932200982030042 -0.057002842286228046 -0.01881250068023497 0.364464962003586 0.016258785357446466 0.9310751545232122 -0.16387897473471016
0.9262040036488738 -0.1179897229944111 -0.3580845834331591 0.1810515757820674 0.10043093062142151 0.9926642183428257 -0.0673155093299062 -0.01730312939773669 0.3634002914133563 0.026385126293645825 0.9312593909921952 -0.16577509925528558
0.9267137933057149 -0.12164479312202242 -0.3555335280999992 0.18261206402568553 0.10001292490741175 0.9918705791720608 -0.07867762721604891 -0.016684581181096267 0.3622139701176601 0.03735369431774505 0.9313461984527651 -0.16829221473272593
0.9257180641063619 -0.12480922742449821 -0.3570276215321016 0.18561650714032799 0.09935574658575569 0.9910776694776389 -0.08884530760350674 -0.014714477793240113 0.36493081728946514 0.046772960270593696 0.9298590155394347 -0.1705064388579116
0.9209632439039799 -0.12940698894796196 -0.36753303877240856 0.19193344806421334 0.10059794738019828 0.9902286604096475 -0.09657770491271973 -0.012868045126977073 0.3764395786321489 0.05197144711030832 0.924982276762376 -0.1722129446795159
0.917885060080329 -0.13247336006553287 -0.37408264508565303 0.19573399706850128 0.10222709447838252 0.989755625331238 -0.09966656048886488 -0.011414098276486085 0.3834535664664485 0.05324106496042696 0.9220242683172925 -0.17376724815588418
0.9176178978312018 -0.13402989055931547 -0.3741836207218381 0.19697504201531707 0.103718800685726 0.9895566258969632 -0.10010042221556775 -0.012018577386764585 0.38369232982190465 0.05304406262795315 0.9219362903453572 -0.17559990943911033
0.9137798005768984 -0.136650212365552 -0.3825352212778497 0.20158742119902415 0.10708011718357713 0.9894420857500861 -0.09766374685866575 -0.013578588825196894 0.3918422189626783 0.0482812428068263 0.9187647125523655 -0.1774268172433481
0.9097662606890449 -0.14240311363896316 -0.38993166598495377 0.20642392572937202 0.1096926706179262 0.9884002760178333 -0.10503529111960933 -0.012555017058901101 0.400365918785029 0.05278491824188523 0.9148338010161272 -0.1802023481236849
0.9040927287739298 -0.145378899558066 -0.4018473756806126 0.21366157622525828 0.11095044106642761 0.9879620691196758 -0.10780050838440845 -0.014500615909656157 0.4126818840284548 0.052876512215326056 0.9093391760232622 -0.18293996337826562
0.9005592771746395 -0.14702922352159256 -0.4091153819221768 0.2179805964268143 0.11159608170528741 0.9877221812682919 -0.1093215769125063 -0.015148850474671065 0.42016580399018444 0.05279488669604103 0.9059102588535091 -0.1848755021384706
0.8969084385142334 -0.14766189056542708 -0.4168347622219186 0.2218305408222663 0.11346193457363377 0.987891086651875 -0.10581866714615452 -0.017115649175105104 0.42741273065360175 0.04761477699647507 0.9028018557174133 -0.1869748703925606
0.8908145279538106 -0.15175697748614755 -0.4282747909586773 0.2280411512668113 0.11621588405518724 0.987321331885611 -0.10812241163096871 -0.016727606522221536 0.4392531674099817 0.0465446816284555 0.8971567575025013 -0.18921897537341412
0.8878601316667886 -0.15480689831903283 -0.4332888307231954 0.2311992779243887 0.11881309114519086 0.9869000532389445 -0.10914089192184248 -0.01686313303399672 0.4445085330667547 0.04542146133504937 0.8946222973305707 -0.19162313374850692
0.8839639516275932 -0.15449999017425967 -0.44129070379862323 0.23504922323214364 0.11979908671840948 0.9871616669717393 -0.10564100568914528 -0.018855615975378187 0.45194680112195273 0.04051661755049046 0.8911242857524977 -0.1936268926337926
0.879773394127869 -0.15626027911541474 -0.4489782847260016 0.23935908313245338 0.12181014087118383 0.9870025780159928 -0.10482461815207655 -0.020161658942252976 0.4595226485883722 0.03753180198923323 0.8873726946857031 -0.19562937554666177
0.8775973939489563 -0.1575744184521105 -0.4527616556020179 0.2418659740547788 0.12251124947717039 0.9867937671449535 -0.10596723491445809 -0.021037168579798267 0.46348010516692517 0.037528173061749465 0.885312277301688 -0.19853781530233908
0.8748601065157099 -0.15684247692444667 -0.45827964329601856 0.2444810814588028 0.12388871375125612 0.9871092887759467 -0.1013254095343611 -0.02348479093484547 0.4682642209611805 0.031869883031650593 0.8830135502488994 -0.200966158724961
0.8702691695520213 -0.1607908555228908 -0.4655941078959797 0.24886618373334693 0.12696760718388925 0.9865066128681876 -0.10336309541289619 -0.024137626213869993 0.4759315068927821 0.03083834540883712 0.878941520921164 -0.2036666593202132
0.8672366726766301 -0.16390769467214686 -0.4701434049224032 0.25178583119486386 0.1292021356238871 0.9859983851014428 -0.10542292315988766 -0.02546936878022847 0.48084026632031923 0.030683093139564282 0.8762711829567322 -0.20721591134686662
0.8655119496947613 -0.1654822190702404 -0.47276283706226635 0.2536223568456127 0.13183650312382922 0.9858310419747705 -0.10371255046049557 -0.027428648852234908 0.4832268632636797 0.02743705251168966 0.8750651443005907 -0.2102045329034654
0.862790964630643 -0.16995809620144242 -0.47613653177140985 0.2564640245571557 0.13568547975624384 0.9850910440173034 -0.105759564958537 -0.028810893702862078 0.48701252749292184 0.02664358332661519 0.872988497938244 -0.21395095670606437
0.861240543395802 -0.17257972013937542 -0.4779968269852002 0.2583229834610529 0.13804491026846868 0.9846528838908108 -0.10678155737055696 -0.031007705759364856 0.4890892854686918 0.02597957740468343 0.87184673675916 -0.21807667455562058
0.8575617541058623 -0.17496519749674866 -0.48370964178916387 0.26249117697417285 0.14132962449489408 0.9843266184203634 -0.10548481174684018 -0.03494699453588158 0.4945844469198462 0.022097238154524308 0.8688486271675462 -0.22229775101102106
0.8514707038401772 -0.1803946893080291 -0.49239760008693584 0.26723170543945074 0.14803269142961983 0.9834652391098477 -0.10431896151090973 -0.03770944772743469 0.5030745101573104 0.01593359758721558 0.8640961507250847 -0.22554227700288293
0.842470033253289 -0.1857549257336057 -0.5057067832607209 0.27299753984125036 0.15700313065172308 0.9825866313851641 -0.09936563182869268 -0.041581939457188764 0.5153583801935906 0.004315018987206877 0.8569638968914478 -0.22766249618376916
0.8354331599742864 -0.18955718664444926 -0.515867723555972 0.2776361582543275 0.16632208153018582 0.9818244510318433 -0.09142052587623466 -0.04556887119052441 0.5238209621720439 -0.009424454756774333 0.8517762495172597 -0.23049874044435428
0.8236304465684838 -0.20405712137797458 -0.5291441946202708 0.2839700672787127 0.17893798971904182 0.9788703436608716 -0.09896487324579795 -0.04480794763850958 0.5381580467861733 -0.013173515710823102 0.8427409893692752 -0.23338362150279035
0.8271591065895202 -0.2092004696559454 -0.5215773920347383 0.2827491601651336 0.18523286472821726 0.9777544683548277 -0.09841232360201824 -0.045508995388249 0.5305625299722982 -0.015210624836023333 0.8475093148051466 -0.2401927994773849
0.815043072500783 -0.21552006729972367 -0.5378251486864543 0.28949122493502555 0.20052365560904187 0.975805084303245 -0.08714758165964884 -0.04926616217388467 0.5435945672186866 -0.03681763217619165 0.8385400458244465 -0.24202810753834766
0.8055692826318561 -0.2170298631595195 -0.5513222010557508 0.29446583312366853 0.21313511810051042 0.9743562235769658 -0.07213439546511098 -0.052960570650932036 0.55283953577171 -0.05939686922553909 0.8311681295706194 -0.243320507125976
0.803137554107291 -0.21878191348055484 -0.5541701395026133 0.29669267571210917 0.21521741330748675 0.97386617374449 -0.07256817929025838 -0.05305790132659294 0.5555641584837832 -0.0609848339348044 0.82923417430672 -0.24697190337622535
0.8046043444714334 -0.22118193314917917 -0.5510811204406187 0.29824368021746306 0.20943427107739376 0.9741052995650111 -0.08518304677365349 -0.05002144243147131 0.5556519908683647 -0.04687662325459991 0.8300924329472391 -0.25073223790122395
0.8064422123722539 -0.2234161707723541 -0.5474816642971377 0.2992065352753404 0.2034800657659673 0.9741805693255735 -0.09781656906874639 -0.04627186065810362 0.5551998027197271 -0.03251819469038002 0.8310810706989136 -0.25426002092174704
0.8004303875369516 -0.23085395855342983 -0.55318861568877 0.30437097583388445 0.19878693569908806 0.9728692488118185 -0.11836037728774092 -0.040611488796197776 0.5655041546291361 -0.015227427114945251 0.8246048608640645 -0.25686769021521616
0.801440177143923 -0.2340593272516033 -0.5503724863999335 0.3066327579518885 0.1922754879846305 0.9722216379765171 -0.13347368044124647 -0.03608534046720312 0.5663248000748257 0.0011480317010217943 0.8241813531277082 -0.26102694330157333
0.7980687584416875 -0.2386400906654713 -0.5532966328530473 0.31197534760000756 0.18843155207368847 0.9710201289854586 -0.14701516686439509 -0.032965564164539045 0.5723458805499048 0.013069668405919237 0.8199081514324096 -0.266643064199208
0.795521336730537 -0.24161247047824583 -0.5556700612016621 0.31605765073526565 0.18628541895279263 0.9701685476560846 -0.15514745187874582 -0.03101323573952889 0.5765791753888128 0.019909878158440395 0.8167986601725485 -0.2713551471672204
0.792721062597243 -0.24486896280991383 -0.5582405466885182 0.3196123378438552 0.1884215193962861 0.9693544502960981 -0.1576365462687711 -0.030144757990895433 0.5797332558540128 0.01977727846667504 0.8145662718977229 -0.2752919516171556
0.7897642023108252 -0.24495786647237378 -0.5623772296258529 0.32249583892997935 0.1898562959565688 0.969399427903615 -0.15562562792097495 -0.02907728190341803 0.583289886449267 0.016136692147048225 0.8121037590927347 -0.2789247393337813
0.7842111852431721 -0.24369997695157192 -0.5706339791611635 0.32549951494507323 0.1951342462217411 0.9698455165778643 -0.14602157349272207 -0.02735006286823734 0.5890122603910494 0.0031615198276735107 0.8081179133650013 -0.28187658202285
0.779681189597734 -0.23748515872561507 -0.5793945477587208 0.3264310488373338 0.2065709585508359 0.9710405685674932 -0.12003604991630829 -0.027685843411143857 0.591122391447704 -0.026096236916287346 0.806159602527908 -0.28297934099461053
0.7848785764087362 -0.23926442792866032 -0.5715926467534088 0.3239558647785906 0.20999976914243415 0.9705652698374363 -0.11791163617519279 -0.025517087759983105 0.5829800316089062 -0.027488006718519146 0.8120213619307806 -0.29171986987381304
0.7698168512570087 -0.23628405100481004 -0.5929180911066059 0.3341753603995104 0.20937844948744078 0.9710344911335086 -0.11512029325590509 -0.024018219679841264 0.6029450061249207 -0.03552272891890998 0.7969915026643454 -0.2952514353009024
0.7668719458266607 -0.2407727928862887 -0.5949251052945806 0.3356185590621286 0.21687683152985263 0.9696519275547517 -0.11286974499363771 -0.020761428321502122 0.6040462388340847 -0.04246883086562263 0.795816900898254 -0.2987218736846581
0.7625525111716794 -0.24149667379854212 -0.6001608319858991 0.337898800754864 0.22240355064325537 0.9690275175923193 -0.10734212039149742 -0.020752514625528216 0.6074951262084657 -0.051623896531645064 0.7926440846558112 -0.3017237102258447
0.7595889269654954 -0.24348970368963224 -0.6031064800087484 0.3407241361367371 0.22447362994009482 0.9684466538514646 -0.1082712709144095 -0.021455201783770136 0.6104393921536566 -0.05313984231289019 0.7902783722626059 -0.305002464352785
0.7563959177647268 -0.24993152543560743 -0.6044827939505703 0.3437715864374728 0.2283336750733743 0.9668793540271616 -0.1140528280381848 -0.021745092374168083 0.6129673306272891 -0.05175468432374954 0.7884113800765455 -0.30869925380946733
0.7536186201991416 -0.2602026604657601 -0.6036170563989085 0.3454857972110741 0.23303045093518518 0.9644283524346754 -0.12479888604103902 -0.01988931340515309 0.6146184053753089 -0.04661039054416898 0.78744630754562 -0.3121433438804845
0.7502362481640239 -0.26494319372876124 -0.6057645384450745 0.34827358606337727 0.23586677755188112 0.9631664727875239 -0.12914026848870166 -0.02152873024294687 0.6176669290062907 -0.04599401912038407 0.7850936982405923 -0.31495893040665485
0.7475706883366827 -0.26832262122888867 -0.6075697794300483 0.3509196779438488 0.23766501241678553 0.9622625979438973 -0.13253691738980872 -0.022905956218143782 0.6202043274701888 -0.04531736460918474 0.7831302118116293 -0.3180467933573741
0.7445117369440504 -0.2674047683037273 -0.6117164076931267 0.3533104938169449 0.23982847711022376 0.9622412094007649 -0.12874065596363438 -0.0254623858979435 0.6230446012281506 -0.050858085093577525 0.7805311525243994 -0.31999051112302074
0.7398534613935398 -0.27381112079033215 -0.6145277258151502 0.3559680869237727 0.24434488533216936 0.9604197169995252 -0.13375180077503115 -0.025722989806480214 0.6268272749936845 -0.05119997392671579 0.7774741989248861 -0.32232346673502676
0.7312212397986185 -0.27980229681355967 -0.6221142766126078 0.36088798677263456 0.24717768832716563 0.9587063784413722 -0.14066012345035783 -0.025810941377980696 0.6357819507194358 -0.050919098908833935 0.7701873515617479 -0.3231517021663347
0.7282607411188949 -0.28716620362193823 -0.6222313592566044 0.3634430376174606 0.24820405702114492 0.9568511281696488 -0.15109819521992154 -0.024320229155615065 0.638773073182647 -0.044401464140683314 0.7681129285196014 -0.32606780440608035
0.7210203917907513 -0.2994539599471114 -0.6248655219276428 0.36691111590410475 0.25149428890431563 0.9533947767292643 -0.16670039698174696 -0.021730546050427135 0.6456626187649593 -0.036955724554563696 0.7627280361650671 -0.32751658541136275
0.7173400406487026 -0.2978600389995504 -0.629843364059116 0.3697072876422663 0.2534467009506407 0.9536321473924313 -0.16232836239221943 -0.024646556635133002 0.6489900121414469 -0.04318708865956436 0.7595701676038584 -0.3279917806204192
0.7141965594387496 -0.3041872840638396 -0.6303914424385199 0.37261990202430595 0.2536451953205882 0.9518901379976216 -0.1719572041923596 -0.02442595301598148 0.6523705920538068 -0.037084516940856 0.7569923046019867 -0.3305558822587654
0.7139983652423184 -0.3101554325144355 -0.627702112560632 0.3744716671347533 0.25355567102236726 0.9502170447411052 -0.18109966752007203 -0.02534174993368077 0.6526222920830204 -0.029852563797209797 0.7570950853829633 -0.332626750592553
0.7118485722408141 -0.30995815737634264 -0.6302361072444016 0.37853785904916637 0.25239220008980284 0.9502985646235518 -0.1822932127322609 -0.029622307648874833 0.6554157364089945 -0.02930151447079658 0.7546996977057638 -0.3343500779526032
0.7116828076145634 -0.31715396380549454 -0.6268340646361806 0.38146950609784236 0.2490810739334578 0.9482399617952427 -0.19697612409303597 -0.02994109824679745 0.6568608680337176 -0.015947980970087955 0.7538431282096872 -0.33688701006277416
0.7030513796909866 -0.3238243461501567 -0.6331323324195532 0.38683368579741295 0.2510303684561668 0.9460023269276153 -0.20509351905972445 -0.03055605556458279 0.6653589344311555 -0.014744161148173812 0.7463779860664916 -0.33702798351883106
0.7011521711549059 -0.32388582531908716 -0.635203593379426 0.3906694163520619 0.2501746767708217 0.9459876210850066 -0.2062039084414941 -0.0340429421368254 0.6676812592752456 -0.014331535552981374 0.744309306069267 -0.33874187718233695
0.7000094823751647 -0.32267614249828963 -0.6370767863038783 0.39391151373276984 0.24876216442527269 0.9464018522435664 -0.20601194048016594 -0.03774069005730049 0.6694057888420961 -0.01427028844742553 0.7427598863241851 -0.3399677630023814
0.6988639141867731 -0.32160101912653466 -0.6388755856536676 0.3970623073286332 0.24875843220956842 0.9467394665090204 -0.20445934793708023 -0.04160247841133993 0.6706030657939029 -0.01603642887279301 0.7416430145945043 -0.3413798160701166
0.6971317195466377 -0.32285933268806577 -0.6401321870505847 0.4005173147735751 0.24847984288010294 0.946328548055799 -0.20668828417906457 -0.04430194126732044 0.6725066046398571 -0.01497098630093058 0.7399396842209142 -0.3429593902740523
0.6961922053513341 -0.3200567956518426 -0.642557437716754 0.40322455522048445 0.24957574139456576 0.9471837152780609 -0.20138261796740353 -0.0481786455799567 0.6730738165427328 -0.02016573998459952 0.7393003316754774 -0.34404006194147685
0.6886716025832665 -0.32421591306880626 -0.6485487379591107 0.40838799384804186 0.2502181343725953 0.9457789911779377 -0.2071062168973768 -0.04861889917595572 0.6805309023303018 -0.019650484966155814 0.7324558344460762 -0.3444954800715986
0.6860538026929153 -0.3263764317037116 -0.6502373448510496 0.41189932826042536 0.2501910826919288 0.9450618050591325 -0.21038680272255145 -0.050045366257716925 0.6831797727919295 -0.018346919270798585 0.7300197179537249 -0.34601941610419157
0.6827914920353872 -0.32750703014411625 -0.6530964121860342 0.4159816660591476 0.25200187208305563 0.9446145542409384 -0.21023415608038482 -0.05238922951660996 0.6857775403662082 -0.021035425414681154 0.7275071656051882 -0.3475276031426988
0.679395917782877 -0.32815161936155374 -0.6563061035906582 0.4205271687903801 0.25165761891299776 0.9443837424418641 -0.21167850588697537 -0.0542874095078965 0.6892674587872285 -0.02135091852570254 0.7241923146064881 -0.34913891836220146
0.6717406120859443 -0.3322664510367881 -0.6620902926261784 0.4262498159814001 0.25487996030722704 0.9428643401668361 -0.21457642432370383 -0.05560350442601569 0.6955578738740499 -0.02461384888994256 0.7180483288293569 -0.35029532399200797
0.667373569324347 -0.3349855995683918 -0.6651294363122758 0.4307537467294452 0.25702942724380184 0.9418505075024074 -0.21645668168985624 -0.05663518201408142 0.698962368441968 -0.026500369794873704 0.7146672917538113 -0.3519472218432806
0.6636203161545672 -0.3355650169045184 -0.6685837235655547 0.4348515978238483 0.25905001189747723 0.9415318206712647 -0.21543194284825348 -0.05803254703077977 0.7017842740634976 -0.030231607521365972 0.7117477661249395 -0.35363283583496646
