1.0 0.0 0.0 0.0 0.0 1.0 0.0 0.0 0.0 0.0 1.0 0.0
0.9999999762706131 -6.764870736035237e-05 -0.00020708072164157126 -0.00035311136069211314 6.788249505168409e-05 0.9999993601831991 0.0011291701196732141 3.701763541625207e-05 0.00020700420224885677 -0.0011291841500347616 0.9999993410459908 0.04598949126546012
0.999999534873753 -0.00020440352673978872 -0.0009425876489395696 -0.0003890187168952197 0.00020513887659735547 0.9999996746740806 0.0007801088219500809 5.309716749345835e-06 0.0009424278852969239 -0.0007803018204723875 0.999999251479095 0.09332010084113264
0.9999983799460386 -0.0013025275175028205 -0.001242387767263837 -0.0006355761246754333 0.001301555900814346 0.9999988467878376 -0.0007825440766013898 0.00011668669887286739 0.001243405619720578 0.0007809257717081808 0.9999989220481212 0.14034718848044359
0.9999990495050356 -0.0010328005339163345 -0.0009134068550200141 -0.000878992798887905 0.0010315284900266639 0.9999984991232197 -0.0013920130321755182 0.00010137820912488733 0.0009148431559117212 0.0013910695038802066 0.9999986139928576 0.18853175485525703
0.9999993605383842 -0.0011132930492728083 -0.00019874961267058236 -0.001499896788344416 0.0011130417590169113 0.9999985867419018 -0.001260020730591134 0.00019482706060769896 0.00020015210410737367 0.0012597987082377416 0.9999991864228445 0.22853107621683047
0.9999976028795146 -0.0021895722708821907 -2.9146193719807037e-06 -0.001698433837036411 0.0021895698616730096 0.9999973837724424 -0.0006619910050131631 0.00025365021464416053 4.364088895196298e-06 0.0006619830363786002 0.9999997808796838 0.27685168151387335
0.9999993931139515 -0.0010857413479244491 -0.00018691563250289894 -0.00198667167442812 0.0010856730768329988 0.9999993440568059 -0.00036496565331472987 2.6082893017325017e-05 0.00018731176819761013 0.0003647625025526937 0.9999999159313061 0.32172197198097596
0.9999999251369369 0.0003783432512356287 -8.113263506732029e-05 -0.0026436947328598004 -0.00037856564076760367 0.9999961228694407 -0.002758792152831533 -1.9318366799773823e-05 8.008855011333319e-05 0.002758822660328246 0.9999961912344236 0.3707206328669779
0.9999911729401674 0.004158417639707011 -0.0006013355813768397 -0.007898700415546548 -0.0041615743687180885 0.99997704417576 -0.005347188072616614 -0.0007110740690561251 0.0005790859360194985 0.005349643375410364 0.9999855228828244 0.42464986682743966
0.9999685889023807 0.00792564102691979 7.364029468598909e-05 -0.00870304162755697 -0.00792497314034031 0.9999463283470222 -0.0066734718126669436 -0.0008848343012472537 -0.00012652788427955169 0.006672678594235296 0.9999777294275476 0.4698772475320722
0.9999483133522796 0.010157394883449397 -0.000444919218347993 -0.008679287095821348 -0.01016029160756443 0.9999233098767919 -0.007081160885909842 -0.0013423965497613728 0.00037295895008746465 0.007085315393442269 0.9999748292869166 0.5247680705940814
0.9999344692042546 0.011427757313669065 -0.0006809258280301622 -0.008626286383056963 -0.011432191112591208 0.9999107849351191 -0.0069084858544036275 -0.001488117434369616 0.0006019165794397532 0.006915817610028075 0.9999759042913069 0.5792936211783397
0.9999502112742209 0.009971224334227405 -0.0003868564550829324 -0.008807926336421369 -0.009973045789491815 0.999937600954168 -0.0050331457066127 -0.0015893567025042049 0.0003366456906623369 0.005036753249842144 0.9999872588120211 0.6286687555031503
0.999981376419966 0.006093187978198456 0.0003462275145261985 -0.012220767298471191 -0.006091803126721706 0.9999739591889688 -0.0038692219636697377 -0.0025971468596502076 -0.00036979439523442316 0.0038670407550496413 0.9999924545954858 0.6805454826413786
0.9999913222189651 0.004145769774113536 0.00040997529814359356 -0.012378049390532959 -0.00414306886350984 0.9999710464114537 -0.0063828926964586965 -0.0030688417950966405 -0.0004364254314993788 0.0063811387512213175 0.9999795450913389 0.7223915711708744
0.999994198016681 0.0033663959312755206 0.0005208756170356988 -0.012726483331247724 -0.0033617007599153273 0.9999559221409977 -0.00876656963404327 -0.0033215035147878373 -0.0005503644023005144 0.008764767742595127 0.9999614372291783 0.7687645353743598
0.9999698971729154 0.007676658361083968 0.0011285674086527913 -0.016761702874331312 -0.007663389742966629 0.9999064989633868 -0.01132544870771061 -0.0035428644929239046 -0.001215403486944834 0.011316459127783042 0.9999352281758923 0.8234668723018622
0.9999414824976244 0.010601322294973549 0.0021548888720334105 -0.01712960945177313 -0.010580140843619776 0.9998978100354315 -0.009614057732216639 -0.003963667843232023 -0.002256590388597215 0.009590696113802241 0.9999514619959667 0.8691778084334836
0.9999309847743946 0.011497279487787341 0.00241624760496609 -0.0172797584515653 -0.011480535115102601 0.9999107487728718 -0.006833139977096185 -0.004202609818549164 -0.0024945944719977214 0.0068049285709237285 0.9999737346278478 0.9245203995195065
0.999953105010305 0.009378232648879412 0.002415891684818669 -0.02040153568068901 -0.009364665531224753 0.9999406530125413 -0.005567179927176337 -0.00523655440628835 -0.0024679586174799267 0.005544294836743286 0.9999815848179535 0.9753672499771316
0.9999854195632136 0.004823153232069147 0.0024285497489103442 -0.020440344289441685 -0.004803623141392665 0.9999565856060554 -0.007984491705545908 -0.0054848185880268996 -0.0024669547418704105 0.00797270945039569 0.99996517441275 1.0253624195201314
0.999997478155648 0.001477462297483618 0.0016913862665397254 -0.02338389956204616 -0.0014588828754357604 0.9999391604165557 -0.010933760843874445 -0.007419442533704549 -0.001707437582719914 0.010931265736171744 0.9999387941700767 1.0822985343025995
0.9999959575133993 0.0010653278519245622 0.0026362916050796806 -0.023520726580517015 -0.0010294721497856368 0.9999074612813068 -0.013564993957454067 -0.00827517803177903 -0.0026504988119060813 0.013562225132361931 0.9999045158941469 1.1362578998669166
0.9999848246045289 0.004541624549425852 0.0031183660946982033 -0.023562246102731377 -0.004495329418941852 0.9998819051890926 -0.014695839167846033 -0.009182146101906851 -0.0031847408157825844 0.014681598069830685 0.999887147684204 1.1898738842887286
0.9999785025605814 0.0054083187366314915 0.0037073582426032227 -0.02381973323521121 -0.00534392309082843 0.9998383910102734 -0.017164916195203602 -0.009742908533431667 -0.0037995924380538814 0.01714473535613928 0.9998457986844138 1.230316690573126
0.9999707232998577 0.00694145312209961 0.0032200577185852444 -0.023303052574585467 -0.006884529505566254 0.9998255268030231 -0.01736430840970386 -0.010403007556816647 -0.0033400294376438153 0.017341631457680497 0.9998440438497107 1.288051831204505
0.9999716707894872 0.006923824558454645 0.002952672004004589 -0.023423928133902656 -0.006873534297965616 0.9998366672779675 -0.016715061852839084 -0.011367934501327474 -0.0030679218918012244 0.0166942930360433 0.9998559338401175 1.3410590729848604
0.9999602191613131 0.00856514488297039 0.002489656199276965 -0.023553803338007162 -0.008525050696567974 0.9998405311152345 -0.01569190395805578 -0.012354542776714363 -0.002623662607469322 0.01567005527564018 0.9998737749147046 1.3940283746558195
0.9999332422454007 0.011214577940273796 0.0027828572042687167 -0.02402775928196826 -0.0111691411553611 0.9998121795944889 -0.0158384285954313 -0.013535907205770255 -0.0029599558188345594 0.015806289132572534 0.9998706915823711 1.4458967202436117
0.999902213733057 0.01362718013186321 0.003140530748593595 -0.024298965135453755 -0.013573374849681234 0.9997707327764583 -0.01656035563679204 -0.014388037627118102 -0.0033654816771381936 0.016516108660357808 0.9998579357527754 1.4897901177823119
0.9998696354951596 0.015846277650818346 0.003099596649038732 -0.024416162824467957 -0.015792938939524256 0.999738540585257 -0.01653582619999078 -0.015402545067308104 -0.0033608175234631603 0.01648471877458102 0.9998584694608021 1.5476460746292424
0.9998530996279709 0.016624202274140035 0.004173135881357093 -0.024769632408756414 -0.016550671946910143 0.9997172032131555 -0.01707597311357006 -0.016321474509373306 -0.004455830163006042 0.01700439644380505 0.9998454861022982 1.5984536523371775
0.9998662606155246 0.01574017048051738 0.0044393598602197855 -0.025111305606046196 -0.01565869262755499 0.9997184616466237 -0.01782702409564672 -0.017271675613706395 -0.004718710408579959 0.017755125348903205 0.9998312304063746 1.6546566662612714
0.9998769432443753 0.014807306792702871 0.005180929822675983 -0.025592527909644194 -0.014708993383236418 0.9997201836425248 -0.01852565603187657 -0.01841298267258982 -0.00545379518616424 0.018447170062269067 0.9998149618978311 1.7088051418578074
0.9998804752799348 0.014905376752323504 0.004106689401369676 -0.025471427255243994 -0.014824276784633692 0.9997073383287567 -0.01911749223743225 -0.019328611122301154 -0.004390440955144236 0.01905432852417015 0.9998088100195521 1.7674052634653186
0.9998623752309564 0.01621546122119238 0.0035056261766670204 -0.02584022136079511 -0.016147816513079092 0.9996978537551648 -0.0185323829870679 -0.02067928490176514 -0.003805078102544521 0.018473224263875584 0.999822114861404 1.8250565910157468
0.9998525494026067 0.016871177325736605 0.0032004419613875846 -0.026420091821499583 -0.0168065904981309 0.9996737245186973 -0.019234942753895604 -0.021972221389530876 -0.0035239138656971334 0.01917831803263799 0.9998098689993545 1.883704941184172
0.9998505459894343 0.01712009049970246 0.0024058648981304916 -0.030263101406656806 -0.017070464642213984 0.9996675757160888 -0.019321938278013935 -0.02414941405669578 -0.002735858462163362 0.01927798130516937 0.9998104192872131 1.9440558536507166
0.9998431648354371 0.017632603516460982 0.001654395685641941 -0.030714180298102616 -0.017598580791043983 0.999669951615748 -0.01871570973036367 -0.02529624419441648 -0.0019838563442232194 0.018683659432814526 0.9998234770119194 1.9944814970434224
0.9998539370072309 0.017063042141247632 0.0009783884824649766 -0.030844661340894263 -0.017042243381679166 0.9996866106619636 -0.018336913691165583 -0.026130273386014504 -0.0012909653969984513 0.018317561412034156 0.999831385960783 2.037875168538119
0.9998751272360022 0.015799880672062165 0.00030611359455669966 -0.031171974837932843 -0.015791487422026802 0.999703291377395 -0.01854610833046008 -0.027146849973165858 -0.0005990490665656574 0.018538958437673763 0.9998279592811263 2.0886724016663742
0.9999041994858408 0.013840647260863885 -0.00016832699621792326 -0.0313358071026317 -0.01384127392806823 0.9997095035069962 -0.019731389556850405 -0.028404263894410406 -0.0001048171050067522 0.019731829139650367 0.9998053030126304 2.1449287943146196
0.9999036890815132 0.013839358413260072 0.0010414988661277518 -0.02843591555597525 -0.013815836635587334 0.999705531385797 -0.01994926501654252 -0.030352462631999304 -0.0013172772060446216 0.019932954506315458 0.9998004511428323 2.189492019919671
0.9999084927067367 0.013402873543376883 0.0018355363578635563 -0.025329615813418506 -0.013363965325050119 0.9997149913363608 -0.01978232868320561 -0.031783278304307154 -0.002100153263833214 0.019755988411614203 0.9998026256607592 2.2239936358544066
0.9999175236585577 0.012695388171443478 0.0019424210957347371 -0.024946841156454288 -0.012654217265865072 0.9997216222572991 -0.019913532499829724 -0.03272963521383126 -0.0021946903938842763 0.019887310285956913 0.999799819075631 2.278380391023533
0.9999367086321609 0.010820938470265908 0.003079938392605434 -0.025178708338566426 -0.010755571606415068 0.9997319431007345 -0.020502673568305835 -0.03407240978135056 -0.003300970963028122 0.020468249428126528 0.9997850540771495 2.3268288529675907
0.9999564325929966 0.008909404992989017 0.002784855213018714 -0.024559219227400515 -0.008846020570931867 0.9997188492887296 -0.02199932491866133 -0.03500748671283179 -0.0029800731442670525 0.02197373157861757 0.9997541069105769 2.3774782726815915
0.9999510883539171 0.008310108245771271 0.005363114837336855 -0.024923025576216843 -0.00818737003410063 0.9997129676358175 -0.022515534919501395 -0.03626323966506841 -0.005548681982197776 0.022470523841917573 0.9997321079601922 2.4191156612553044
0.9999299114898144 0.009952533432763054 0.006412424365275701 -0.024992932562335805 -0.009802908554641705 0.9996883888581952 -0.02295709402287026 -0.0379165949085532 -0.006638907428178795 0.022892624584685797 0.999715885963499 2.473465644162503
0.9998839628889722 0.013577980452906759 0.006906461052085598 -0.025182671748831847 -0.013420691872541586 0.9996605213934663 -0.02233219642141667 -0.039566042255493906 -0.007207342582791626 0.022236915572151395 0.9997267495664656 2.529216955561936
0.9998389659401421 0.016133462778910028 0.007858343750943058 -0.02537754922286451 -0.015962324522647994 0.9996441074440584 -0.021374345562026928 -0.04132614514426059 -0.008200389233448227 0.021245466131221132 0.9997406582635752 2.5842308399428164
0.9997551050725477 0.020387707589493445 0.00860646620999801 -0.02539780339439807 -0.020195787033250086 0.9995577661308332 -0.02182664320607872 -0.04254787441236103 -0.009047655358491486 0.021647483613188193 0.9997247253047863 2.641420252914656
0.9996491673142592 0.024952321461030633 0.008883914768465475 -0.02546037659353293 -0.02474516742566708 0.9994357979463783 -0.022710404495764936 -0.044095168634159534 -0.009445579758996913 0.02248260298522033 0.9997026125733717 2.6949076457278047
0.9995840208826274 0.027262508753483745 0.009409612775494942 -0.018911311597880502 -0.027033865383414908 0.99935528144229 -0.02362607829987694 -0.04535699110769789 -0.010047652389978137 0.023361872139595622 0.9996765815060304 2.7265545454239937
0.9994907343117947 0.030240706568067453 0.010186839113929284 -0.018964390780711146 -0.029980580614493633 0.999243090070614 -0.0247873300730099 -0.04681860674672946 -0.010928714969598113 0.024469299385039105 0.9996408437917682 2.7835963734474936
0.9994637708824013 0.031000450511415215 0.010542426742425802 -0.020826241044696082 -0.030732386372182535 0.9992223249099113 -0.0247035590452489 -0.049361835298642534 -0.01130004961939668 0.024366318345631514 0.9996392306271689 2.8404015969751093
0.9994813778056264 0.030507977685508312 0.010307216758497462 -0.02027545140395012 -0.03023365547443314 0.9992099020622953 -0.02579724204854546 -0.05082691665952262 -0.011086094732557264 0.0254722381858884 0.9996140573168136 2.8952359686884255
0.9995310503057454 0.028863706547006488 0.010225747848517692 -0.01992593933317131 -0.028579126941906566 0.9992278736396145 -0.02696089844371293 -0.05256845484368177 -0.010996043739971638 0.02665601219279184 0.9995841855672021 2.944030249855142
0.9995558331312415 0.028258947448790355 0.009464055282801243 -0.01909713551074192 -0.027987459256969934 0.9992248178057391 -0.027685115232301914 -0.05424318160980044 -0.01023907113212331 0.027407943559724483 0.9995718913875973 3.001847374941166
0.9995719004899897 0.027585828723247115 0.009748733480878152 -0.019298479178195313 -0.027306178118526227 0.9992421335952317 -0.027740423295392554 -0.056161323794143264 -0.010506587809020519 0.02746234698091304 0.999567622080123 3.0546014711171914
0.9996474285728808 0.02494691377524895 0.009092306677503227 -0.021135714576025012 -0.024678227975630938 0.9992875964212468 -0.028553190760887453 -0.059436074157890026 -0.009798143273606657 0.028318741704659808 0.9995509217927094 3.1111463098326424
0.999659699952161 0.024582065728988398 0.008729624049832335 -0.021345933549945878 -0.024322789378856232 0.9992932866074131 -0.028658842582760857 -0.0615226571096751 -0.009427948259689739 0.028436761170137766 0.9995511314614003 3.166541494960208
0.9996723510975588 0.02445437035610842 0.007561363737177547 -0.021720051191879274 -0.024227785741512298 0.9992935196205281 -0.028731098873476395 -0.06300500039111318 -0.008258622714644661 0.02853849005992609 0.9995585774410408 3.222352870180232
0.9997374892341384 0.022211358042348594 0.005622116482056933 -0.02120202558061396 -0.022040394497431514 0.9993411554908234 -0.0288353247364809 -0.06514555853826438 -0.006258884103471687 0.028703841488124843 0.9995683647723175 3.291201719445566
0.9997936547431097 0.019751242490102686 0.004747247151301221 -0.021164602143167906 -0.01960595972753429 0.9993895503994924 -0.028915962641028508 -0.06687207402399922 -0.0053154753861314385 0.02881692163282347 0.9995705731708132 3.3406138824275367
0.9998328906543503 0.017776840333993217 0.004263181148845425 -0.024612886103472738 -0.01764515764546395 0.9994190715758442 -0.029157636772192453 -0.06942894810036461 -0.004779035199154058 0.02907753975514773 0.9995657344588967 3.389569010337109
0.9998688071166932 0.015810284004228035 0.0035218567189039293 -0.024507304498244124 -0.015696225898884218 0.9994161046296525 -0.03034927181033501 -0.07122305971203634 -0.00399963092971313 0.030290010343216052 0.9995331501385208 3.4499223491939697
0.9998659841994895 0.016079721344508732 0.0030750938638641956 -0.02476539241831713 -0.015975974424362594 0.9993849197552289 -0.031217789912501563 -0.0736206977588008 -0.00357517579716162 0.03116447861447417 0.9995078756021427 3.5068261559049416
0.9998621869199816 0.016348005278137324 0.0028896177982680195 -0.02481125123332522 -0.01624636909217365 0.9993475709193145 -0.032256596053845274 -0.07570891695637832 -0.003415063530126829 0.03220520487570573 0.9994754434802289 3.5638906085103925
0.9998644214295845 0.016171285014648026 0.003102950250950132 -0.024813563806752013 -0.016058835064262464 0.9993141446461329 -0.0333669616018703 -0.07773542311467606 -0.0036404087220438582 0.0333126079906241 0.9994383510618355 3.620080740259355
0.999846227857553 0.017182845725828493 0.0035029204655285927 -0.02506436376643279 -0.017051593738721046 0.999256736701637 -0.03457191500854915 -0.07942852907991602 -0.004094360755347326 0.03450686843443203 0.9993960737569741 3.6649451392816763
0.9998052715169764 0.019382924388966882 0.0037042258299545567 -0.025855921294286068 -0.019241768493464016 0.9992037482001468 -0.03495173712442814 -0.08119951666995696 -0.004378743211415745 0.034873655169810856 0.9993821365138497 3.71295278194586
0.999797107085083 0.019863933099060406 0.003341979374207549 -0.025345670606775877 -0.019738004968339145 0.999218847885903 -0.03423602181083571 -0.08311519791966052 -0.00401943082678206 0.03416311155908265 0.9994081878714182 3.7686861446099034
0.9997890019592713 0.02032358545156328 0.002983862543659809 -0.024406750439781005 -0.02021179271168236 0.9992294056448006 -0.03364637172285119 -0.08461196815975054 -0.0036653781068709313 0.03357896319312694 0.9994293462942789 3.816644191498314
0.999801361507695 0.019503198074944366 0.0041064330277445086 -0.024941586696506778 -0.019345020452391396 0.9991802285083852 -0.03556179328466713 -0.08664866446845433 -0.004796635389346772 0.03547529031275681 0.9993590426199028 3.867810113218813
0.999800262834179 0.019641789409874755 0.0036924985426567136 -0.028793241930073557 -0.019485339387606184 0.999069585180362 -0.0384744787681662 -0.08941017334382981 -0.004444770596909565 0.03839484439752812 0.9992527607857944 3.924452593446457
0.9998109695853203 0.01906150255435018 0.003831999117283345 -0.029025271006081453 -0.018891251130938275 0.9990046056593329 -0.04040938631235894 -0.09161486844432727 -0.004598448387460652 0.0403293564516487 0.9991758590361484 3.98294507193131
0.9998562271729301 0.01655361977814229 0.0036745959992814377 -0.029078501306211833 -0.01639540342185458 0.9990824807611047 -0.039564976720124476 -0.09429969481183761 -0.004326168067912241 0.03949904186774734 0.9992102431227272 4.039035027820068
0.9998785555188704 0.014845999798253474 0.004740306265499943 -0.03169314024728089 -0.014653511407658755 0.9991572034174714 -0.038342632439567995 -0.09667578702319837 -0.005305545865040926 0.03826851380652833 0.9992534073167402 4.085331289097406
0.9998978416624609 0.012703268469804154 0.006552343774508873 -0.03190474163252718 -0.012445106050833798 0.9991986976545136 -0.03804053023947166 -0.09887293902759227 -0.007030332434438991 0.03795509946898743 0.9992547146999916 4.133000609236003
0.99989451927773 0.012649032507103494 0.007138087628629562 -0.03201982885764224 -0.012350252928488395 0.9991050820523079 -0.04045375470641695 -0.10059519985042667 -0.0076434004842137115 0.04036133042751214 0.9991559144773953 4.190998223266237
0.9998577287480331 0.014761789863754144 0.008161606633870694 -0.03563001253885221 -0.014393552091935517 0.9989509630099935 -0.043471820292877335 -0.10325501037973142 -0.008794766682771673 0.043348160992339846 0.9990213155972094 4.241366617040482
0.9997715365590712 0.018778945433185097 0.010209108420133088 -0.040370072757586986 -0.01828982158488296 0.9987712421179797 -0.0460596172855807 -0.10520904561574558 -0.011061514937372285 0.045862371575382165 0.9988865229648326 4.286715150999437
0.9996890160132618 0.021496533505649208 0.012640028072748891 -0.04060490400774607 -0.02088519042201818 0.9986926532381049 -0.04665611631140856 -0.10791051001054372 -0.013626447940508908 0.046377617613112654 0.9988310350109559 4.346445316109652
0.9996367410488581 0.02152229352491226 0.016222725623271154 -0.0407433964228406 -0.02077215107257658 0.9987678181176067 -0.0450706471265592 -0.11035004894064078 -0.017172759971490193 0.04471729390310054 0.9988520711000936 4.395163416966352
0.9996081055843837 0.0213228706272351 0.018137542231953446 -0.04069884208535329 -0.02051706246210014 0.9988422980170474 -0.043509928061812746 -0.11311992040414807 -0.019044300930407484 0.043120747677098864 0.9988883399669057 4.4527661993924985
0.9996040736020256 0.021136825519541585 0.01857230855857827 -0.03990539564161612 -0.020305424945444153 0.998830960327702 -0.04386801122252609 -0.11565297617654255 -0.01947782729216649 0.043473524101356006 0.9988646890075681 4.510182276828867
0.9995814240949538 0.02126591683685456 0.019614723688955775 -0.03890523730020063 -0.020364727006119947 0.9987769964580926 -0.045053182352770976 -0.11792757101121344 -0.020548832041559828 0.044634875682965806 0.9987920070637801 4.563345335321978
0.9995115295304081 0.023168052226901787 0.020974834726337693 -0.03840548239815534 -0.022179445007721454 0.9986860367993614 -0.046198183093370426 -0.12012868300874147 -0.02201759648406246 0.04571040645182109 0.9987120627022958 4.610891854275
0.9994600788734497 0.024665669759299007 0.0217061160414629 -0.036984351242731243 -0.023619251914058014 0.9986056324906909 -0.047211457262840185 -0.12246512880364357 -0.02284035195220138 0.046673284576789056 0.9986490488802928 4.664873506433068
0.9994189663639265 0.025660542198703704 0.02243359637088554 -0.03600649594280598 -0.024543743097859026 0.9985111148733339 -0.04871507106790662 -0.12492589742806887 -0.023650250459761674 0.048136161546943765 0.9985607520850782 4.715162585629714
0.9993787094006286 0.026773331144796672 0.022921255117206323 -0.034965949095122295 -0.025592350467326743 0.998403562043691 -0.050352347472782596 -0.12722507322293775 -0.024232762828337185 0.0497344552385303 0.998468455770052 4.766186104605406
0.9993812236465945 0.02606522453321196 0.023617237193869628 -0.03366075975167911 -0.02483005506733693 0.998381555145345 -0.05116384183100366 -0.12997549683758472 -0.02491261102315843 0.05054576555546649 0.9984109812078497 4.820666044098457
0.9993786025098143 0.025703663627375226 0.024119090398752124 -0.03249538299959395 -0.024453628593877105 0.9984112312987026 -0.05076448822941447 -0.1326692399501538 -0.02538560407248706 0.05014314402520433 0.998419368909249 4.872397140778263
0.999415441030195 0.023827260862019476 0.02451607371166473 -0.030778467051198213 -0.02256522825133091 0.9984677618231123 -0.05052661747933736 -0.1356043818520269 -0.025682420142731494 0.049943870892745164 0.9984217661168359 4.929301540472776
0.9994499249719603 0.022959173300005523 0.023931649231193074 -0.029365698099245493 -0.02172140082697595 0.9984747813820458 -0.050757183631314574 -0.13862817073644396 -0.02506049120943839 0.05020943442670347 0.9984242507445885 4.986500143235115
0.9994677572219751 0.020901077237992456 0.025046900885505693 -0.033008587844018576 -0.019595187789362135 0.9984912791288806 -0.051295166624786524 -0.14167296221873765 -0.026081236342942828 0.050777066416409264 0.9983693998901249 5.036334830423479
0.9995119792542736 0.019882193470796825 0.024093603092853293 -0.031364434255886454 -0.01862704734049708 0.9985124202377893 -0.05124431420402168 -0.1450415043570777 -0.025076611305775882 0.050770513230175264 0.9983954720208644 5.100955109189071
0.9995595428420242 0.017992188134611613 0.023600878788178205 -0.030210434505237894 -0.01674379177967861 0.9985031867388968 -0.05206756676760496 -0.14822342932978258 -0.024502362136828208 0.05164946503487648 0.9983646463148261 5.160472233992778
0.9996203707698309 0.01628043429403454 0.0222275010108197 -0.02919365061785067 -0.015087864313305952 0.9984908438259991 -0.05280521892861848 -0.15119491945055816 -0.023053648137585748 0.05244980700473192 0.9983574244992203 5.214027943899365
0.9996540357712101 0.015180411616016421 0.021479382428358222 -0.02868491691983961 -0.014039921325850347 0.998533419562074 -0.05228661995985923 -0.15422735914260163 -0.02224161359927061 0.0519669618202861 0.9984010945024405 5.267422384287047
0.9996704993454022 0.015187504671839118 0.020693777817517474 -0.027850516680390982 -0.014080958782263044 0.9985159895537302 -0.05260746339920685 -0.15731936906550045 -0.02146204413121222 0.05229874097308161 0.9984008325088385 5.31740249830307
0.9996694415683862 0.014993407083189133 0.020885529401761294 -0.03113071067380039 -0.013869214637661999 0.9984998423869156 -0.05296894975956022 -0.1611544725853967 -0.021648382842339706 0.05266177453650854 0.9983777266260395 5.373086936139389
0.9996778830739306 0.015953270161918623 0.01973887696826567 -0.031895119566364726 -0.014868426501031378 0.9984336680253222 -0.05393644822265808 -0.16473871331594428 -0.020568422064196134 0.05362558833833723 0.9983492556661511 5.429171996364775
0.9996861321440854 0.01634407167977203 0.018987061903463 -0.0312686166751676 -0.015271813724383404 0.9983525728722039 -0.05530743119157425 -0.16758200391062777 -0.01985973072242499 0.05500010509416636 0.9982888257089052 5.482662889372434
0.9997520023322426 0.01380175014102824 0.017476999906099685 -0.03330543470755145 -0.01276351326193103 0.9982242412925453 -0.05818467861152503 -0.17253262578208658 -0.018249015367568358 0.05794718102684922 0.9981528428297728 5.548997865567697
0.9998215919313145 0.0078442984960645 0.01718287778685675 -0.032383052527951664 -0.006818725752464404 0.9982375338398515 -0.058951938156734045 -0.17588009470548838 -0.017615030146046217 0.05882425532403488 0.9981129283295191 5.602927534630055
0.9998557248105022 0.0008640894816689887 0.016964165556665328 -0.031779553105405235 0.00010438309440652003 0.9983738533484059 -0.05700559669380496 -0.17905263500700755 -0.016985837272147485 0.056999142972633685 0.998229722575195 5.651337741645029
0.999858680638565 -0.00584506366729589 0.01576242311430413 -0.030664346533562602 0.0067164113513152185 0.9984190347604106 -0.05580610044288546 -0.18255519429188974 -0.01541131306115639 0.05590408087793517 0.9983171966719424 5.70432971741797
0.9998112585597582 -0.010506027955861572 0.016342295852892357 -0.026504212835074804 0.011460175393032897 0.9981666036144086 -0.05943143788289413 -0.184953864219157 -0.01568794559888845 0.059607506284510677 0.9980986091351043 5.744524848404827
0.9998272410798551 -0.00965550792805024 0.015882668582357203 -0.02828187254156074 0.010635804668753714 0.9979668470307511 -0.06284148221151796 -0.1904371420780967 -0.015243610257865473 0.06299955074557051 0.9978971334522231 5.810399262302684
0.9998144632142477 -0.006075997355292505 0.01827898803939472 -0.030607183975926593 0.007254490069162634 0.99785152279024 -0.06511306196937094 -0.1947334837140255 -0.017844089257853538 0.06523358583834803 0.9977104628885225 5.862424031199607
0.9997848425181604 -0.0068511159565321994 0.019578837582632746 -0.02541195474700896 0.008119233958877727 0.9978233241354562 -0.06544227877435703 -0.19706608965678166 -0.019087868159067777 0.06558716354142537 0.9976642607950499 5.8949567062402615
0.9997214608601597 -0.01070383646983927 0.021033986318689725 -0.020072790599778408 0.011998053663870013 0.9979791446636103 -0.06239930708556966 -0.1999820591854335 -0.020323567696316637 0.06263429333286327 0.9978295936154563 5.933630928600492
0.9996376831562833 -0.016177876197344537 0.021512292664445192 -0.015108964559765688 0.01744309052226116 0.9980466360468633 -0.05998875618450422 -0.20340438342048517 -0.02049978065661938 0.06034226211599145 0.9979672190987819 5.982807264231733
0.99954069352328 -0.019567972607695123 0.023140795989417064 -0.01623224479236184 0.020904105554904583 0.9980401736150243 -0.0589816091797525 -0.20739856759036215 -0.021941293534080347 0.059438256186635376 0.9979908182641481 6.032787369891649
0.999499004196712 -0.020205401269667096 0.02436149357720405 -0.017610402944018375 0.02163008671320968 0.9979813620644878 -0.05971047077925719 -0.21146856708433937 -0.023105842520007615 0.06020749730252187 0.9979184221718768 6.092325197887393
0.999471521558798 -0.020816883123186587 0.02496667719133723 -0.01341001725471986 0.022267201107426835 0.9979922495303951 -0.05929284638212052 -0.2132955794249314 -0.023682258080304146 0.05981744941309312 0.9979283658649707 6.1345520943394725
0.9995000252948699 -0.01637682342997188 0.027046239847676436 -0.014547012539579497 0.017998556199852824 0.9979846911258896 -0.06084906123411907 -0.21786687158317888 -0.02599521898878938 0.061305431510563495 0.9977804832011044 6.1957416603523185
0.9994236460446742 -0.014579273604714131 0.03065649210084337 -0.008919030873277875 0.01648855400055105 0.9978786579693875 -0.06297865952983944 -0.21958252137140247 -0.029673276087095298 0.06344784275578957 0.9975439177980567 6.228112728332656
0.9993885142619728 -0.011524630254224972 0.03301182301463683 -0.007580319347428741 0.013616679276084412 0.9978656061618295 -0.06386562522019994 -0.2236862913467469 -0.03220533506639021 0.06427608370753576 0.9974123527691463 6.288916602499935
0.9994065448645126 -0.009486411951608995 0.03311443899964252 -0.006030697202224988 0.011565954038925604 0.9979349389793437 -0.06318295871081256 -0.2275349760422152 -0.03244667608779149 0.06352846253898395 0.9974524287695568 6.343491075579442
0.9993684349806222 -0.008065817620532973 0.03460742334375516 -0.002630506359466379 0.010261067324930194 0.9979143116651098 -0.06373175873371426 -0.23022892787150517 -0.0340211943020048 0.06404661708514618 0.9973668277911668 6.378911351494688
0.9993169211606746 -0.008549788281930194 0.035952638321605716 0.002084339242970008 0.010916033183386055 0.9977504298610453 -0.06614317751384034 -0.23163594038361976 -0.03530625017598291 0.06649045670186296 0.997162217428082 6.408890935916192
0.9993677854889609 -0.004433926523977438 0.035275623629786826 0.0004272647811093015 0.006871792083893798 0.997572822690017 -0.06929099439188567 -0.23731756493797568 -0.03488277225860987 0.06948959437095954 0.9969726116968883 6.476846010510456
0.999376557893465 -0.0006674519266002578 0.0352994340030505 0.001782895906865703 0.003163035457265354 0.9974933828357957 -0.07068908264707824 -0.24139131440707487 -0.03516377027148908 0.07075666545785593 0.9968736146340619 6.5295544695049745
0.9993388861047354 0.0032800992264932155 0.03620817128786307 0.0026355775864775797 -0.0007345494855915118 0.9975401373546608 -0.070093757236192 -0.24507381449065208 -0.03634901863874818 0.07002082058571732 0.9968830591039771 6.579456399901752
0.9992200670535767 0.00572699474901863 0.03906992614007086 -5.231359830955469e-07 -0.0030381812101735106 0.9976440282667021 -0.06853584696135598 -0.25011211257500193 -0.039370382934129755 0.06836369208081734 0.9968833324680979 6.636847227343386
0.9991844550320007 0.004871487701512172 0.040083580553358124 -0.00035479789826056045 -0.002198128562283491 0.99778598504712 -0.066470266092143 -0.2555199661973184 -0.04031864399043187 0.06632794773781624 0.9969829538641385 6.694760837591657
0.99922130637177 0.0015916896621730838 0.03942394471274214 0.0014234512123502121 0.00102539977185653 0.9978009209831368 -0.06627420795829664 -0.25942853178157443 -0.03944273631483816 0.06626302595875676 0.997022307645515 6.750711196200463
0.9992622668281456 -0.0017923625058879904 0.038362866552502733 0.0034245979408826367 0.00434102785249894 0.9977799144810865 -0.06645598344232224 -0.26352974189399836 -0.03815858449499146 0.06657349093107379 0.9970515998355298 6.808205322789933
0.9993068968968559 -0.0033962446903618593 0.03707008681376701 0.010547755043894687 0.00602725819794362 0.9974513502423187 -0.07109483847915608 -0.26565676915161535 -0.03673415267829667 0.07126899341063411 0.9967804836598899 6.845406501181603
0.9993300319675811 -0.005067353626194423 0.036246505140500394 0.016334511738538483 0.007797102272122104 0.997109969709204 -0.07557058622675417 -0.267130250761366 -0.03575880875856055 0.07580257405737732 0.9964814485791723 6.884221319857027
0.9993765236465165 -0.0021579618539780275 0.03524070352362444 0.01656970075531574 0.004849896873362779 0.9970592150772435 -0.07648137112954859 -0.2734331661435427 -0.034972024312598826 0.07660460058100042 0.9964480381260759 6.949370896075205
0.9993731282694813 -0.001256368301862442 0.035380390494743584 0.02221818757057952 0.003929067587702782 0.9971324522212965 -0.07557403757257984 -0.27596133401994444 -0.03518398670932244 0.07566567429039661 0.9965123144313968 6.984153932057931
0.9993629164987237 0.0009668273653159836 0.035676692279561786 0.023594238690782535 0.0016253306283836018 0.9973629853578799 -0.07255641762347807 -0.27969504005607215 -0.03565276184972752 0.07256817954757881 0.9967260104410028 7.03371648023191
0.9993166090058688 0.0026339149225259218 0.036869736332019495 0.024330571052946965 2.3180835414134173e-05 0.9974131506958079 -0.071881891194489 -0.2823709431307359 -0.03696369066612151 0.07183362242869418 0.9967314664748536 7.077520495371684
0.9993041936090655 0.0021032058662721047 0.03723849030800612 0.025670899553074535 0.0005622264528329178 0.9974459871290482 -0.07142259209493919 -0.28631300308162305 -0.037293599139144824 0.07139383226321609 0.9967507753586257 7.130879518335509
0.9993115871442052 0.0011432015306562446 0.03708159772164781 0.027456827281976456 0.0015011713904177434 0.997460493642408 -0.07120611004040654 -0.2901892999116062 -0.037068831702476004 0.07121275667245325 0.9967721128740132 7.183123699553025
0.9992591535433716 -0.0002964012380847097 0.038484493060081074 0.028059859319486825 0.003041349898269998 0.9974511959307386 -0.07128717926192354 -0.29333551486361165 -0.03836527401937496 0.07135141121681643 0.996713139206456 7.225000713018003
0.9992509251276019 -0.0024935699207432114 0.03861826951952198 0.030097696321925892 0.005259774165578042 0.9974127732173454 -0.07169445305319562 -0.29764429827490896 -0.038339580166705425 0.07184387191626014 0.9966787519861762 7.282348680990874
0.9992111253830518 -0.006596772229206202 0.03916132667429685 0.034559041556434564 0.009363855503514004 0.9974393850276353 -0.07090127929584568 -0.30007074106254983 -0.038593330004604694 0.07121204808060291 0.9967143016367942 7.315711543088725
0.9991694348521655 -0.012650040809455455 0.038735215563143334 0.041384504149768034 0.015334423080234914 0.997442635342266 -0.06980719640737124 -0.3024016634434589 -0.0377530916085073 0.07034319916651542 0.9968081753301488 7.359657406051582
0.9990212811016398 -0.018183300655860813 0.04032179910788794 0.04544150675948616 0.020962305381406615 0.9973543701289691 -0.06960490024222 -0.30536809403164916 -0.038949475723490695 0.0703820144773606 0.9967594044597596 7.406066107028918
0.9990515544101458 -0.015783448361650444 0.04058170016750825 0.047321984557791644 0.018764117694005208 0.997070596559297 -0.07414939894590955 -0.30974318173176535 -0.03929248678609954 0.07484055207365391 0.9964210918319001 7.459717878138901
0.9989983736830111 -0.012753586122105882 0.04289050500662754 0.04993759698897073 0.016106715790919702 0.9967630695838221 -0.07876520056632491 -0.3104286066927895 -0.04174713265756045 0.07937713244284458 0.9959701038485164 7.47553190134753
0.9989462418793273 -0.00444919688913827 0.045679431719415305 0.0503595811092754 0.008057265783428453 0.9968333867009929 -0.07910928912782593 -0.3134347486395003 -0.04518280982035368 0.07939397839418515 0.9958188137866661 7.513763569828506
0.9987801858880627 0.0084085613121914 0.04865630867692743 0.055048741037472496 -0.004663089877056258 0.9970521066362034 -0.07658558771135435 -0.3173752100190218 -0.04915684967737463 0.07626527879024568 0.9958750982833356 7.5408658036950085
0.9986662752543733 0.0092248011194586 0.05079934757318721 0.056102137098270694 -0.005381817156580285 0.9971483851435875 -0.07527372748585659 -0.3204481524753772 -0.051348872564530454 0.07489994025249962 0.9958681098601988 7.583179894817722
0.9986589701749938 0.007344147878666711 0.0512476807373358 0.05812248122641772 -0.003465492715499822 0.9971498607570067 -0.07536674036010337 -0.3243530794933534 -0.05165512219769329 0.07508807284918442 0.9958381041447142 7.635136668258029
0.9986395742571041 0.0036855329152273306 0.05201362874016176 0.059635222612775575 0.00026689944369486635 0.9971247021123214 -0.07577768274424551 -0.3275970091314612 -0.05214335520730993 0.0756884752424775 0.9957672043320139 7.675683550307922
0.9986783959004694 0.0018287182690965708 0.051362606545580926 0.06256258591286654 0.002122339577437457 0.9970469517359948 -0.07676504223059498 -0.33265573015256433 -0.05135131192464374 0.07677259812875338 0.995725369236006 7.738183311885095
0.9985535971033426 0.0031292079292800927 0.05367421885513316 0.060339694041256595 0.0010547403329824138 0.9969726502680519 -0.07774588182220782 -0.338151788280081 -0.05375501125293843 0.07769004231700381 0.9955273256370113 7.7991735948013625
0.9985558146934475 0.003371664334503566 0.0536182508248711 0.06266486495171182 0.0008083866347168813 0.9969727662866558 -0.07774734589532985 -0.3436201520167397 -0.053718073801583055 0.07767840859810705 0.9955302272581755 7.856072845959465
0.9985496393135038 0.004291656608557758 0.05366749025642428 0.06500834830114126 -0.0001376608129445656 0.9970181156725806 -0.07716772686935328 -0.34844402027445026 -0.05383863739332492 0.0770484179216973 0.9955726705868309 7.912185127241651
0.9984734852225928 0.004093487834701802 0.05508123695773014 0.06815856662353786 0.00021371154064803142 0.9969560678407272 -0.07796507630290922 -0.3533794728071475 -0.055232722500561555 0.0778578329578212 0.9954333248451593 7.963539850725858
0.9984810974559656 0.003570491714660756 0.05497953812141734 0.07049308248813467 0.0008147592488525934 0.9968318801901369 -0.07953325596219622 -0.3573253757794996 -0.05508932918901298 0.07945724778456104 0.9953148806202026 8.012374983133492
0.9984709056062853 0.0019969527541101617 0.055243667849449216 0.07574472297052158 0.0024262485743275705 0.9968011872309457 -0.07988433171040313 -0.36040781027953794 -0.05522647893554458 0.07989621589699857 0.9952721390201389 8.04938988816876
0.9985031955386225 0.004082572406671258 0.054540820508141546 0.07850581607272815 0.00031633904858803166 0.9967624250638145 -0.08040253671679232 -0.3651661878636176 -0.05469248969249396 0.08029944323239643 0.9952691751419834 8.107515290373268
0.9985590761446995 0.004996744608856699 0.053430365826521505 0.08198564242955345 -0.0006459009300039312 0.9967025687577639 -0.08113921520232395 -0.3705769704121964 -0.05365961480509229 0.08098778904855988 0.9952696236518002 8.173093362999026
0.9985545484580386 0.004878525455500012 0.053525823143045735 0.08479994019309373 -0.0005042502043940217 0.9966786410699325 -0.08143360588055343 -0.37566587213786573 -0.05374532059158398 0.0812889071421048 0.9952404503888249 8.231352211364202
0.9985778101905445 0.0056733410463749145 0.05301103843942616 0.0874931422211306 -0.0013159373281050218 0.9966418235737178 -0.08187395075717352 -0.3807420428112604 -0.05329751686526786 0.08168775125446186 0.9952318754898212 8.289137521235324
0.9985692484412702 0.0038830833828468574 0.05333270788997123 0.08926459853664111 0.000507214219886374 0.9966272722101258 -0.08205987460826468 -0.385711450343439 -0.05347147651945349 0.08196951842258571 0.9951993766318384 8.339567525743792
