1.0 0.0 0.0 0.0 0.0 1.0 0.0 0.0 0.0 0.0 1.0 0.0
0.9999893414352852 -0.004055389948136792 -0.0022069952861159614 0.0002032485593477482 0.004055767812050617 0.9999917614347893 0.00016676331254063246 -0.0007463249706982203 0.002206300813379979 -0.00017571259552589172 0.9999975506779026 -0.0006243446559650582
0.9838887835739407 -0.042920820821549986 0.1735530601787107 -0.04305835087888543 0.038677866191991775 0.9988661233157078 0.027757708102148462 -0.008031794793795614 -0.17454765602615469 -0.020597835620620536 0.984433260786896 0.00489486231714862
0.9396890631415357 -0.07779757652482272 0.3330645608572714 -0.08214861174263614 0.07630720512267389 0.9969294486929388 0.01757511806958826 -0.008013182964901083 -0.3334091706275463 0.008900079531016451 0.942740215290402 0.019435059159273738
0.8932306523027567 -0.09804221082330072 0.4387786761952674 -0.10718387115552003 0.09642907612726757 0.9949996035314045 0.026023494184871605 -0.011648675925403942 -0.43913600975555717 0.019066039683905054 0.8982182647145063 0.030665657755001408
0.8808393189192625 -0.0908770066030453 0.4646110888869525 -0.11309250221444014 0.09968051982924186 0.9950035095699353 0.005640027489676156 -0.010090215857749454 -0.46280221284304707 0.04134471688598906 0.8854968809505745 0.02866401024351148
0.8682668795875692 -0.07731551872601933 0.49003564806592564 -0.11810918580289312 0.09787424723023383 0.9950632971183927 -0.016421524198103235 -0.0074760622571914594 -0.48634684900837966 0.0622201357439909 0.871547702175629 0.02624521947999471
0.864790260783846 -0.08229052832488466 0.49534439918244716 -0.11527338932430194 0.10391210574050623 0.9944544286705697 -0.016206899088513183 -0.007667861445050865 -0.4912637571956446 0.06548784807506622 0.8685454867884089 0.023461753388736996
0.8473717467434091 -0.08387809937247073 0.5243334695274436 -0.11578869066724234 0.1077364100835562 0.9940649573845017 -0.015090607756380402 -0.007680040154079005 -0.5199557565440851 0.06927716034748564 0.8513792846263383 0.023278387091494816
0.8097607910942566 -0.0567511706767543 0.5840092172502267 -0.12331909386811216 0.09789600188477277 0.9944280824714996 -0.03910449599513353 -0.004319826481689766 -0.5785359401293755 0.08883745504501406 0.8108045834599997 0.020349973926841753
0.8210194377119748 -0.06385718430267177 0.5673176737173344 -0.11457915287021032 0.10001782053438671 0.9944445116724001 -0.03281080279714751 -0.005232999522637346 -0.56207074152162 0.08368018413923842 0.8228451302084483 0.00976700702680831
0.8305767982864144 -0.06679640629935572 0.5528837330341536 -0.10691689789187392 0.09890231647737925 0.9946916816212484 -0.028404054444771093 -0.0059978032060527394 -0.5480515613915331 0.07827323053882958 0.8327741515184754 0.0013844476470050784
0.8346414875947213 -0.0692063125714185 0.5464284706033705 -0.10048570963133105 0.09622744208855187 0.9951389563286537 -0.020946049417796268 -0.0076796946947943106 -0.5423226591013554 0.07006385585582388 0.8372438053087333 -0.007337899181972061
0.8337811778087189 -0.06975072617027084 0.5476712369027847 -0.10056564652020637 0.09331212063607879 0.9955197812988519 -0.015271319035512376 -0.009850097752215313 -0.5441523643928264 0.06383730289890542 0.8365542439580884 -0.008629439292959807
0.8312819158014987 -0.07164457925161537 0.5512145051840074 -0.09290737889780792 0.09175087351716305 0.9957418042010822 -0.008946316292839679 -0.011672345957511363 -0.5482263708270769 0.05801132329324284 0.8343156073690208 -0.01674814096825407
0.8574406749786943 -0.06011334883034557 0.5110595603102283 -0.08005826112794628 0.08628020120969342 0.9958880570359561 -0.02761710941361067 -0.007730390509438431 -0.5072979556151356 0.06777435463027227 0.8591015196605999 -0.025065394717028087
0.8791619140580936 -0.05572896781867204 0.47325322081902066 -0.06844170551610432 0.0822887310251877 0.9959730391094112 -0.0355846893119446 -0.006198702551682984 -0.46936435060193304 0.07022811056143337 0.8802074294568271 -0.03301970063539236
0.8825488933255202 -0.04812952625118216 0.46775100170148115 -0.06299631695191824 0.07649968447374983 0.9961915525459529 -0.04183525919006617 -0.005349547520872801 -0.46395608538450783 0.07270446574262462 0.8828696458117476 -0.03347658096485341
0.8875008656744388 -0.045604073994456755 0.45854387125141294 -0.05784437413319869 0.07360711708149724 0.9963436437627368 -0.04337436856649793 -0.005378866070164928 -0.45488922359413286 0.0722468820690565 0.8876126307625557 -0.038394736763112315
0.8785117183776541 -0.041787124064241156 0.4758896898815769 -0.05772708626799246 0.07212024293669517 0.9963507653414223 -0.04564890976039803 -0.00538558224409139 -0.4722455200760444 0.07442438220100332 0.8783195205061216 -0.03840972704475074
0.8949443676728862 -0.04031313538784743 0.44435282139959614 -0.047525742613175125 0.06611776986696126 0.9968968161031349 -0.042722108459798555 -0.006310250948051156 -0.44125165073730627 0.0676135279262421 0.8948326053307218 -0.045218781488584305
0.9157842272306436 -0.03472765340191971 0.40016651439715867 -0.03369817228015888 0.057542625586570945 0.9973222025573159 -0.04513613327287545 -0.006468640109899863 -0.397527477536053 0.06436159083972036 0.9153302629261206 -0.051411504584151065
0.9377040688906655 -0.028357871752643423 0.3462757720308389 -0.01753003006500901 0.047014167185932855 0.9978530850145056 -0.04559483315953712 -0.006911433052735432 -0.3442393749554286 0.05903432761278652 0.9370241196968196 -0.05870617695198707
0.9515579691446652 -0.010944103546227473 0.30727456444498097 -0.00409426867596694 0.03144030617636395 0.9975912279430388 -0.061832427403714155 -0.004361109885435288 -0.30585770957230796 0.06849794543392396 0.9496099688643284 -0.059967663331493726
0.9592600555219524 -0.00674259643146153 0.28244412416155196 0.006606685901913861 0.025953935707756868 0.997590986132938 -0.06433208847526449 -0.004593147191436338 -0.28132994703959263 0.06904173940214968 0.9571241816603651 -0.06298535438652451
0.9709784249446797 0.029077750249107193 0.23739288686142687 0.02133137168550181 0.0007101459218699188 0.9922268330323781 -0.12444037730297279 0.006066522716811438 -0.23916603852704574 0.12099750514364943 0.9634101980798677 -0.06056327191385288
0.9718733628763029 0.03509065140640141 0.23287510110654353 0.028201901203861113 -0.005487955865175147 0.9919428686688859 -0.12656708749656442 0.0056883721222166644 -0.23544011738004497 0.1217291726777762 0.9642354275005935 -0.06179616074647265
0.9818151980961769 0.041662529516504336 0.1852110969182271 0.04538440301100194 -0.019987760052817233 0.9928848047587523 -0.1173893262918092 0.002814575892806256 -0.18878402007436212 0.11155266968325107 0.9756621319140659 -0.0676058953546602
0.9886566292722722 0.04717792346664988 0.1425914195643118 0.059785879220101715 -0.03263477702307265 0.994180756965346 -0.1026625238753916 -0.0009765173582728642 -0.14660505013349587 0.09684454562434645 0.9844430370814591 -0.0751695592884511
-0.8061488808238071 -0.20303829048964608 -0.5557872205633797 -2.0574421566986416 -0.552826638290027 0.5933281562571503 0.5851020483551889 2.290638237474473 0.21096608718812582 0.7789333421978637 -0.590555804703498 -3.270728933865075
-0.8057355576763278 -0.20893819677400507 -0.5541976551960913 -2.0574838956577257 -0.5545638150594538 0.5946961922933185 0.5820613489130949 2.289839730730903 0.20796438666925127 0.7763254915308766 -0.595037431660079 -3.269353962748679
-0.7881592168758852 -0.21108461885636576 -0.578142138695888 -2.050923594782865 -0.5790955278847496 0.5724835415102357 0.5804403193126583 2.284678507650592 0.2084548354859415 0.7922789145131671 -0.5734463385360176 -3.271825318061232
-0.7669862616384925 -0.21374757978069348 -0.6050157407834174 -2.0435501564371044 -0.6024180947857048 0.5645593933426586 0.564238540391677 2.285110231031987 0.2209626971517305 0.7972356386454804 -0.5617747083493205 -3.273900576670647
-0.734679646694193 -0.2209109869110189 -0.6414391261805727 -2.0308446567638305 -0.6351647194846718 0.5561694578277169 0.5359489838609465 2.2844934921367743 0.23835183207865132 0.8011703127560487 -0.5489212458113861 -3.273198501785483
-0.6953746348711729 -0.11432005932592132 -0.7094963292459676 -2.0128245439323504 -0.6778202500238263 0.4323597493171847 0.5946635652434223 2.262895563910685 0.2387756809966549 0.8944249388328233 -0.3781404540094628 -3.31204244812994
-0.6885283608842259 -0.10770792130007133 -0.7171664381071529 -2.0079046637363773 -0.686363956169041 0.41609433963908543 0.5964646009549063 2.2550008483146273 0.2341649331775788 0.9029199877118301 -0.3604195886191635 -3.313650817753996
-0.6892236355610432 -0.1047306725272839 -0.7169395137778382 -2.005819661428648 -0.6879162210208146 0.40523612475779364 0.6021253657235567 2.249162006719801 0.2274687957511006 0.9081933546460625 -0.3513442436361716 -3.316099930164823
-0.6616267918621002 -0.09764828540655586 -0.7434479138765719 -1.9956791615032603 -0.7138503800062272 0.38548079864095586 0.5846556155927137 2.244839110790573 0.2294942771731481 0.9175343951243956 -0.32475068977368154 -3.320301267106246
-0.625648662950268 -0.10595243377069907 -0.7728763370207483 -1.9954793163833446 -0.7402482604773765 0.3932602582611221 0.5453245658620314 2.2449044787890933 0.24616308295265488 0.91330194954925 -0.32447385956465197 -3.3202517992275347
-0.6259504337766735 -0.0526073264236106 -0.7780864499921298 -1.9897860279950428 -0.7579707569847121 0.2757808850936764 0.5911220136088403 2.2242702348888557 0.18348402113212112 0.9597798563334757 -0.2124999796839474 -3.3405557897160825
-0.5982248444684046 -0.05411238978766699 -0.7994991461735411 -1.9837926266844776 -0.7771283069032353 0.28252132669198987 0.5623640231859681 2.225236431241322 0.19544469824085844 0.9577335481414782 -0.21106354657750082 -3.3396066358970584
-0.6012974015297838 -0.05197991250975079 -0.7973327558861536 -1.9808461395514494 -0.7761947168492028 0.274835184645514 0.5674393208231621 2.2172651928942844 0.18963964893690302 0.9600852618264404 -0.2056042158486587 -3.3398585671639225
-0.5923677528970539 -0.04635909216584315 -0.8043328166258379 -1.976176850573345 -0.7845278647951214 0.2603868134557038 0.5627741436299216 2.2123715496806513 0.18334796068595569 0.964390762062735 -0.1906147511614893 -3.3430984771262353
-0.5814454297015433 -0.05006154605943435 -0.8120437512137673 -1.970299584561982 -0.7921681891025334 0.2623423318721118 0.551040888756828 2.2087574867841955 0.18544749244246098 0.9636754342173725 -0.19219491416986068 -3.3427109225801073
-0.5872436128576425 -0.05122462036537361 -0.8077877056667344 -1.9698470911159796 -0.7907151524095988 0.24956180012753273 0.5590066687142201 2.2015292392719537 0.17295804956047753 0.9670030745481257 -0.18705765663747992 -3.344289437864924
-0.5948367982677064 -0.04624721525485091 -0.8025150331973822 -1.9683331961875519 -0.7874857678434123 0.23392166609840623 0.5702164672944973 2.1927422900725193 0.16135472992971595 0.971154904848303 -0.17556423872300972 -3.3468843347272057
-0.6043285748797326 -0.04737614167133696 -0.79532538924906 -1.9688650406949315 -0.7826597787613834 0.2221071331733313 0.5814740682977235 2.185975868552847 0.14909944430818667 0.973870588216864 -0.17130508782031922 -3.3484750695952115
-0.5816177275087996 -0.04830764265872029 -0.812026594828185 -1.9685936075192252 -0.7984145571226188 0.2250162157597352 0.5584817791296862 2.1860676181336345 0.1557402132468944 0.9731567573140131 -0.1694429451818073 -3.3484654362373543
-0.5689476718164914 -0.05146187216417744 -0.8207619767313493 -1.9686446391524293 -0.8073203557602595 0.22503683763986942 0.5455201782520733 2.1860485635938374 0.15662819002247913 0.9729902863946814 -0.16958040179182277 -3.3484603516723537
-0.5498743653809914 -0.05143680911381386 -0.8336620640073779 -1.9688531152382338 -0.8192936866393155 0.2273622844703257 0.526368926356213 2.1859712067961157 0.1624685733605313 0.9724508451683422 -0.1671625448525134 -3.3484447960136765
-0.5288672386405513 -0.05275893420973436 -0.8470631256014934 -1.9687245775594526 -0.832619193453115 0.22564786853414315 0.5057947391180347 2.185985890035994 0.16445279744108274 0.9727792834384633 -0.16326586638593485 -3.34845355586786
-0.5263907869372134 -0.06269924754825182 -0.8479277939686283 -1.9671750051815091 -0.8353175290799661 0.22417577773778524 0.5019859024787424 2.18245020324492 0.15861073431314926 0.9725297039332736 -0.17037784459283498 -3.346587470457193
-0.4997337459115037 -0.06067787895622796 -0.8640511432795113 -1.9659652121328977 -0.850154297514246 0.22535436079964408 0.4758708674489762 2.1828828963868734 0.16584285819808647 0.9723855238916074 -0.16420273843858696 -3.346700575528268
-0.4764416379751634 -0.05962725643928979 -0.8771818260161727 -1.9647346322444992 -0.8624079358658698 0.22578998301857964 0.45306890836167196 2.1831952938125356 0.17104361361684267 0.9723494607691161 -0.1589987684949112 -3.34679745448029
-0.486815293360408 -0.057548648429499805 -0.8716071495888259 -1.9651420997067566 -0.8565399423723811 0.227151818816342 0.4634019619392471 2.176524185145402 0.17131899273324183 0.9721574997254114 -0.15987369532384216 -3.3456743176580153
-0.4477663647809511 -0.055880190970799395 -0.8924027604327095 -1.9637084998644494 -0.8755715807309 0.22979853380020898 0.4249318073287347 2.1771085830715458 0.18132757536359367 0.971632666248073 -0.15182316125156195 -3.345756074603821
-0.450059719199272 -0.051962362773145136 -0.8914853683652388 -1.9638053628734435 -0.8733262404496096 0.23400042799969578 0.4272529431590934 2.176037940892573 0.18640688532460042 0.9708469047954932 -0.1506942618436045 -3.3455276920988846
-0.4532792450977767 -0.05402589229854903 -0.8897298066969188 -1.9647097238174296 -0.8713124938808884 0.2374042014512021 0.4294808297705282 2.171256345554718 0.1880225092127352 0.9699074430556045 -0.15468383216963336 -3.3438619325885233
-0.4591686481126266 -0.04944715684164042 -0.8869718886586555 -1.9653860119274797 -0.86713604556907 0.24183953128826247 0.4354178677788812 2.167058673366399 0.19297469021935407 0.9690555297745066 -0.153922542690119 -3.343190272430685
-0.43088474419140793 -0.046000731501265144 -0.9012337487713468 -1.9655226940623072 -0.8802858676499692 0.24119910640303818 0.4085581749103974 2.167083613595308 0.19858279995720376 0.9693848171761937 -0.1444228091037965 -3.3431906878759663
-0.45330360984134344 -0.03127132369533861 -0.89080746607735 -1.970248538847773 -0.8675008653939812 0.2451395607078406 0.43283812715224096 2.1564719883048515 0.20483672972759961 0.968983333236597 -0.13825054815150967 -3.342792313508263
-0.41372245961794685 -0.030891647452839878 -0.909878801008863 -1.9695902908844198 -0.8852544189077979 0.24693466033064276 0.3941419634238482 2.15660915429912 0.2125049180887119 0.9685396118099855 -0.12950938245188728 -3.342798585025921
-0.37290531312350295 -0.03359245858060939 -0.9272611143420029 -1.967963543931651 -0.9029124975163814 0.24335693407351522 0.35429708503890917 2.156851774286267 0.2137537117174564 0.9693549140355386 -0.1210801443761968 -3.342865755001169
-0.3762717073544513 -0.02886649056121593 -0.9260595704204163 -1.969571426520113 -0.9001053697235029 0.2483068437468352 0.3579860817732994 2.150512966661925 0.21961312720208365 0.9682512262172258 -0.11941372320364267 -3.3416859929850453
-0.3389167513289137 -0.027915102625669153 -0.9404021388289449 -1.9693537172957538 -0.9131174641604587 0.25051884431058 0.3216470197133238 2.150593775451647 0.22660964744208267 0.9677091792944238 -0.11039480058174861 -3.3417099833061656
-0.32601113414909366 -0.026333187289734848 -0.9449991024641163 -1.9688498759393125 -0.9166290723959692 0.25339595922959635 0.3091627912356468 2.147162467524452 0.23131771235537316 0.9670041629141388 -0.1067476690958604 -3.3409593362146066
-0.33414538755871054 -0.024443200918353267 -0.9422045371903618 -1.969741017113695 -0.9130205484427217 0.25654562337578163 0.3171400656619747 2.140664932543596 0.23396653199675205 0.9662229934417802 -0.10804068145756528 -3.3393859181721544
-0.3246699133130347 -0.014513569183037988 -0.9457160269863653 -1.973230321039816 -0.9164111578877061 0.25225465995005414 0.31073811519090166 2.136714561713539 0.23405135566412788 0.9675520362456219 -0.09519989531890774 -3.3407652709681646
-0.3357288917082706 -0.004931645507081623 -0.9419457469222572 -1.976819336550464 -0.9117202088623884 0.2530398975364749 0.32363107237509 2.1306013126966965 0.23675382156209168 0.9674432743718467 -0.08944908522965023 -3.3411044061520316
-0.34423569169244417 -0.0011306211718396136 -0.938882585982289 -1.978858408364106 -0.9073918122187314 0.25722288326051584 0.33238003466747346 2.120578070092689 0.24112628990515783 0.9663514422935946 -0.0895712135323598 -3.3390225174983206
-0.34237714076834597 0.0011531883016711205 -0.9395618998427049 -1.9795418432059517 -0.9079162820936669 0.25694462064775836 0.33116081686907034 2.115739819132384 0.24179726671015206 0.9664254405161933 -0.08692496611778398 -3.338709795264175
-0.340159695394776 0.008397920900984932 -0.9403301848571458 -1.9808787062790174 -0.9089274636485379 0.2534713801700757 0.33106362720798904 2.111925878622158 0.2411270359258048 0.9673064325017257 -0.07858764652549734 -3.3393081253821433
-0.31845791244319505 -0.000543402163952073 -0.9479368453206206 -1.9812667132413904 -0.9197671574571767 0.2421500214847959 0.30885553768397234 2.112631391749455 0.22937509469308792 0.970238667446829 -0.07761439380382125 -3.33892257335884
-0.32342605870250235 0.00914503732565767 -0.9462092542585269 -1.9841877702883883 -0.9179951958201985 0.2395150997440152 0.3160970380209972 2.1052823696733336 0.2295221231236692 0.9708495688246063 -0.06907032437939746 -3.342689200186458
-0.310688161259553 0.008018243780092162 -0.9504780766644968 -1.9841966889913922 -0.9242532072462802 0.23087092759779307 0.3040635191618623 2.1051693811389334 0.2218758106421666 0.9729513464489453 -0.06431797645341743 -3.342727548283749
-0.31322094818334445 0.026564419588256404 -0.9493086796353785 -1.9896726596577052 -0.9220498181031154 0.23086272682372339 0.3106871968709424 2.100537969055483 0.22741321543642629 0.9726236337738521 -0.04781732394655681 -3.34556760700497
-0.3003939398122555 0.02484000511061378 -0.9534917173579305 -1.9893298714423544 -0.9289190966799556 0.2192885950137756 0.29836525253483603 2.099659197876396 0.21650125345448304 0.975343778491967 -0.04279860990320976 -3.3458750446613075
-0.28493054178557614 0.04046675001956782 -0.9576935984440075 -1.9926571471299468 -0.9327788562624125 0.21840344541262108 0.28674647398299213 2.1012905023819104 0.22076727943144028 0.9750191675935137 -0.024483283229349676 -3.349239429737301
-0.27041918848814844 0.05916715141397084 -0.9609228432558816 -1.9983285717093981 -0.9368447666375586 0.21377617344763583 0.2768061250946261 2.099366025412077 0.22180023832544868 0.9750892245633939 -0.0023787431827853676 -3.3529785606125317
-0.25961638679285415 0.06946321724430014 -0.9632103576886487 -2.001803608745227 -0.9401131087513875 0.20994789602433836 0.26853160653590197 2.0999056966243126 0.22087705734734212 0.9752418891767433 0.010797366926806782 -3.3543672151749386
-0.2525500685189539 0.06980720096853027 -0.9650623905136968 -2.0019602589451715 -0.9447365844735701 0.1976741305887472 0.2615295854261851 2.097344963687654 0.20902451733775068 0.977779061336926 0.016026801390052442 -3.3556110774525267
-0.2629295679188966 0.07077490745412088 -0.9622156487964864 -2.002922391913096 -0.9418124470769906 0.1976462868978562 0.2718920002617536 2.088371685801838 0.20942148133567406 0.9777151209582211 0.014689635966181183 -3.355214315524099
-0.2629157488215943 0.08043590475267666 -0.961460022178873 -2.0051567023497507 -0.9440558785902315 0.1841761319782501 0.2735647099111146 2.085568457341091 0.19908241288672693 0.9795964565249029 0.02751318307735748 -3.357363251410762
-0.24330857252634988 0.06996392344989197 -0.9674223420774858 -2.005484808551948 -0.9506013162356381 0.1810187130566527 0.25216931433935796 2.0864115405953663 0.19276430194996558 0.9809879076414797 0.022464393046100935 -3.3568100703479375
-0.19598298860573155 0.0880821521178326 -0.9766433344140822 -2.009091078132749 -0.9615885054918825 0.17793918166286865 0.20901003261813234 2.0954310374765934 0.19219316918935656 0.9800914151789297 0.049825732403143225 -3.363461958439869
-0.11792899659149579 0.10426556401616038 -0.9875330090297312 -2.0094879831564274 -0.9737166460044705 0.1829984351640073 0.13560039093352655 2.1103202366465936 0.19485544656673656 0.9775685474113385 0.07994429345086965 -3.375493512186046
-0.08609499759964584 0.14366149541395212 -0.9858747517427071 -2.0178554000701228 -0.974924782727074 0.19166930196669463 0.11306876981803231 2.1125510518876642 0.2052055540497839 0.9708883836049463 0.12355738410994023 -3.384636035029145
-0.042091452159893454 0.17065751833677087 -0.9844309630899498 -2.024133552042065 -0.9773794773540941 0.19736437365449852 0.07600435026365816 2.118291103125867 0.207262314235134 0.9653617536691108 0.15848980298678886 -3.3924251416550515
-0.012698236954088794 0.17381846703560605 -0.9846958389754926 -2.028226398542615 -0.9792928934934637 0.19682800201524087 0.047372633195585205 2.1222938483747464 0.2020499530597612 0.9649071862827424 0.16771982091710205 -3.3939974588950266
0.021466372355469825 0.194851187967775 -0.9805978836431594 -2.0327734639249795 -0.979409615822882 0.20103314080627852 0.018506234928626426 2.1272093112666313 0.2007386342774247 0.9600097347658038 0.19515457940648234 -3.400724062279917
0.015662954018366107 0.14215090125749769 -0.9897210683536546 -2.0385557784560993 -0.9786419321938432 0.20509707524041762 0.013969906217419205 2.124267220461966 0.20497473118244197 0.9683637286678525 0.14232725872852015 -3.3924832781799426
0.07278090843762286 0.16168952796801794 -0.984154172836997 -2.0450730286190106 -0.977220878897351 0.2088016349732939 -0.03796354935413954 2.133844826979182 0.19935469197909073 0.9644990273597781 0.1732031553060158 -3.400366786696649
0.07322599051371285 0.14894601065924087 -0.9861303363257734 -2.048805856568058 -0.9768823219914939 0.20983951314413932 -0.040844922621222766 2.1314461386644585 0.20084542139114758 0.9663242026525708 0.16086843094305814 -3.4014602592015084
0.10923003645255042 0.1764595520649792 -0.978228411784079 -2.055558139418879 -0.973069183730693 0.21995100187161276 -0.0689776808058435 2.1352513734861156 0.20299054857370208 0.9594183567457419 0.19573260824155853 -3.410542731574426
0.10463536721042484 0.1768178467025522 -0.9786658719993319 -2.0533426041945457 -0.97355047724365 0.2191819400753613 -0.06448833540616618 2.1346323357830834 0.2031031959064061 0.9595283874030368 0.19507528182813727 -3.4122933505905664
0.11832893356417576 0.18245142226749012 -0.9760685129611215 -2.0530137165662454 -0.9722600047157861 0.22102064055746534 -0.07655298607907762 2.1367756419538564 0.2017640867736864 0.9580508102184019 0.20354335736702192 -3.416321811250197
0.13697728216330007 0.2052637017022681 -0.9690738036572023 -2.0576642699015872 -0.9695195353235018 0.22841044409167 -0.08865968450171476 2.1379022656946782 0.2031479628183661 0.951680346436411 0.2302942105425484 -3.4228944832654253
0.18730816388703805 0.22207336904907568 -0.9568694114143578 -2.0637644805478628 -0.963066490093752 0.23334223872339296 -0.13436642172080274 2.1470082049942882 0.1934388466667523 0.9466967932694961 0.25757832636595157 -3.431031615335951
0.18511795010777718 0.22377622952044057 -0.9568989202886109 -2.0606053095454238 -0.962454171847991 0.23799657982136224 -0.13053580001565868 2.1471813878297326 0.19852786111850368 0.9451358775831906 0.25943180465154825 -3.434709698390086
0.20490782618477837 0.2592095234976937 -0.9438343105102331 -2.066166089553189 -0.9568953439088952 0.2558312882122662 -0.13748328180955507 2.147309414579942 0.20582537155001346 0.9313220575610515 0.3004582192694077 -3.4475155958394867
0.2389818622573278 0.28686760502969705 -0.9276824061587808 -2.0712878112652686 -0.9512316240014231 0.2610713491149843 -0.1643172181206 2.1513341663932954 0.19505401049870746 0.9217096765553715 0.33526885499932374 -3.4599983042418554
0.25422558502178383 0.3064162754336839 -0.9173213275999204 -2.0752344473657147 -0.9486775177792829 0.263474410246391 -0.17490626748476013 2.152428476458707 0.18809656876313632 0.9147077682487806 0.3576721676687529 -3.468362872755526
0.2797318460736735 0.33969175497608717 -0.897975281337677 -2.0827868563541676 -0.9404518113962448 0.28510237161070534 -0.18511355472646762 2.1531523015736047 0.1931333340822652 0.896284636319968 0.39921593901427005 -3.4793509436457106
0.17740816287647584 0.30855062619810464 -0.9345174448973924 -2.077767306129046 -0.9555629847748133 0.2811666340221283 -0.08857034515520366 2.1290701602140594 0.23542668895653746 0.9087033811896068 0.34472081332802135 -3.470365746129264
0.09697024657247123 0.302519218498616 -0.9481977081382661 -2.0759821965199814 -0.9595486113374013 0.2814192952765762 -0.008345221776264697 2.1094332670002447 0.26431654083718004 0.9106510323307285 0.3175711944664384 -3.4695604968522487
0.1128992780600825 0.311897975089114 -0.9433840183874339 -2.077168256789274 -0.9622494982775398 0.27096493354262546 -0.02557162206155058 2.111928468726193 0.24764825070678198 0.9106578160459344 0.33071541541983585 -3.4755819033099145
0.11110598748454524 0.2739825675688918 -0.9552952487128998 -2.076219630367065 -0.9636090024292376 0.26486577407065626 -0.03610833924838775 2.113933145201953 0.24313196001843818 0.9245429543262493 0.2934402419970343 -3.469929807040209
0.11736424526182028 0.2699155211979451 -0.9557045805846931 -2.077437329059401 -0.9641594934100957 0.26155960406545964 -0.044531391043874366 2.1153443747707468 0.23795399807799944 0.9266780373665715 0.2909393577038504 -3.4713993461337784
0.1320136285902511 0.2704666932062386 -0.9536352393512505 -2.0786793852117595 -0.9634825565901154 0.26111791302901577 -0.059319462589789755 2.118550002272952 0.23296730460089074 0.9266418959670738 0.2950610642316895 -3.472888044853661
0.12961282192333 0.26642057865497715 -0.955102398521864 -2.0786797333876756 -0.964479420830521 0.2574698206484234 -0.05906554198249773 2.118242959256046 0.23017376737475426 0.928832259734994 0.29032855541281477 -3.4743908104631385
0.14024465975187175 0.25744334744264463 -0.9560619008561145 -2.0782965808543263 -0.9633096718603393 0.25864897653913865 -0.07166019142854879 2.120611768187924 0.22883599260474904 0.9310336351565293 0.284271804257497 -3.476385437245662
0.14879779442743007 0.2531663486702651 -0.9559110922436759 -2.078448468778625 -0.9622079156452484 0.26001692770277945 -0.0809143026765282 2.122355427241719 0.22806828679838945 0.9318250893858636 0.28228861002149835 -3.4800650540247045
0.1539938343246455 0.27259552541508536 -0.9497250015207909 -2.0782743948056175 -0.9625106385605714 0.25860250773450394 -0.08184139326246724 2.12187309838053 0.22329166945434517 0.9267234876256775 0.30219928496802756 -3.488960530950527
0.15026572415707717 0.2797777016074238 -0.9482323817645207 -2.076805181889546 -0.9624744504115487 0.2606217178894737 -0.0756257394629768 2.119881640361807 0.22597155672458108 0.9240133970065623 0.308441400761729 -3.495484505932402
0.15272455439131372 0.29344051775601276 -0.9436990373127744 -2.077431937358658 -0.962124083392918 0.2623386255783929 -0.07413294601573703 2.1188212833271023 0.22581509834664729 0.9192774924193037 0.32239173886743117 -3.502595640799266
0.1488507066708902 0.29374471624406384 -0.9442232303868987 -2.0766141756989054 -0.9616814873052713 0.2653289317357143 -0.06905993743337144 2.1171869135030406 0.23024374931340055 0.9183216210362681 0.321983254594744 -3.5077995490399823
0.1446462107665329 0.29857491900593736 -0.9433612730293103 -2.076800055230054 -0.9615628173547681 0.26729849710464837 -0.06283678641012938 2.1152570552828536 0.2333975620944627 0.9161902265284184 0.3257622550605916 -3.512291809159303
0.15572231958388985 0.2993499923484382 -0.9413501693123565 -2.075880691010674 -0.9584636253851163 0.2763172415906312 -0.07068423313129486 2.11659155060455 0.23895195750825365 0.9132570087772309 0.32994484072680036 -3.5185865354962367
0.15107646601423408 0.3041707267665835 -0.9405615718255439 -2.0749646394387162 -0.9582152328224166 0.27885817177299554 -0.06373137078785887 2.1145926285557577 0.24289806298883052 0.9108887358035073 0.33358993087705424 -3.522743160827206
0.15334932947880675 0.3115303473517713 -0.9377807983890929 -2.075544890954333 -0.9578416620335725 0.28017883408736804 -0.06355447586284899 2.1140933465684344 0.24294718278086203 0.9079915548111274 0.34136198202276297 -3.5278491074394913
0.15715521046409137 0.30915302827780855 -0.9379374419067867 -2.073536704297378 -0.9567003066382442 0.28327561451293715 -0.06692868966745204 2.1146020165437363 0.2450035981414768 0.9078432305904909 0.3402850357696411 -3.5298361334710564
0.15041760576036475 0.31684252632294596 -0.9364749635684939 -2.0716354889625275 -0.9555485097681695 0.28956069248142546 -0.055512618831239674 2.11245879141837 0.253577580549116 0.9031973310871614 0.34631342994443676 -3.5352401253542434
0.1508923989576786 0.3194219269830145 -0.9355218418076907 -2.0714211433792733 -0.9554460784286947 0.2899778121671483 -0.05509682083367047 2.112176877738195 0.25368144424064415 0.902154366510085 0.34894587522245263 -3.5366353205468197
0.15586219687983371 0.3281855997437231 -0.9316658133175458 -2.069003962929162 -0.9545715165467485 0.292549012744713 -0.05664181264516085 2.1124997947409105 0.2539688866405224 0.8981699656874236 0.3588739574775818 -3.5425674675720797
0.15674593746842866 0.33067484541588116 -0.9306368022468947 -2.069236239807744 -0.9538630252743702 0.2950044074695965 -0.055836624073571955 2.112148259624097 0.25607819138217014 0.8964521996083764 0.3616592508366617 -3.545036491529943
0.1573654648750961 0.3337321301918902 -0.929440141021587 -2.0662618608562875 -0.9531186814422855 0.29764861271986204 -0.0544984626540546 2.1117231476944123 0.2584586805475054 0.8944429376005637 0.36492594019350255 -3.5493187546699985
0.1590576071789521 0.34144002384066513 -0.9263473364339058 -2.0671171233367156 -0.9524467064033032 0.30007168907733306 -0.05293630961609577 2.1113518248110137 0.259896035098652 0.8907163923123699 0.3729321109880884 -3.5535962481935144
0.16200453584589847 0.34733220297701534 -0.9236421770038915 -2.0671436397445557 -0.951293530622127 0.30376160539105085 -0.05262609321177762 2.111305959353086 0.2622882936042647 0.8871804933976999 0.3796256355579429 -3.557158664583117
0.1634200150818986 0.34150832862907987 -0.9255625101243049 -2.064848297776584 -0.9498255500057936 0.3080779897465849 -0.05403125752645365 2.111704444459614 0.2666933130523103 0.887952709163431 0.3747194458024574 -3.558405081257495
0.16751638450091558 0.35121549341991326 -0.9211872437813867 -2.0657032307312915 -0.9490420852732805 0.31045049833102784 -0.054218156240831816 2.1117689714257426 0.2669407823916738 0.8833278922732061 0.38532382930243425 -3.562509761180849
0.17198590738202904 0.35510604543464863 -0.9188691659631122 -2.063474169981428 -0.947401082153634 0.3151971616231939 -0.055515212679058845 2.1125350394852442 0.26991116537871845 0.8800854764171768 0.3906373215700829 -3.5668073328176586
0.1714002383718183 0.35924004647043034 -0.9173704525969903 -2.0631335386742067 -0.9463057761966913 0.31908725725624015 -0.05185267778488771 2.111768067199692 0.2740936632300281 0.8770005195372549 0.39464256297125955 -3.5696317816613927
0.1739637820899758 0.3691395713650093 -0.9129471941867221 -2.0638694826068216 -0.9448134524826751 0.32391379685781824 -0.04906518330665388 2.1112425401633583 0.27760429126494734 0.8711003553308948 0.40511730204185376 -3.574106826572382
0.1805629915271313 0.3623284235561508 -0.9143933068292261 -2.0609511681227466 -0.9442231541794192 0.3241572615841719 -0.058006076179267715 2.1136746736933194 0.2753899802139437 0.873865082976524 0.4006496918159204 -3.5758673905643787
0.19079791295904486 0.38313163364795494 -0.9037733718741228 -2.0637970306206666 -0.9427169630661011 0.3281719088881912 -0.05989929685817437 2.114200166975071 0.2736437171906102 0.8634311492614405 0.4237992054348011 -3.5832930115074033
0.19547372395440998 0.38067693668181574 -0.9038114256425083 -2.061565829109081 -0.9420007463870863 0.32924457613935604 -0.06505845747467148 2.1159414134379286 0.2728087554488711 0.8641082565057266 0.42295662187636546 -3.585844276131049
0.19293403194024283 0.38381537204363364 -0.9030294676821391 -2.0610400781428115 -0.9412155021849139 0.33247508716747726 -0.05978038858835296 2.1149125614251907 0.27729016889546665 0.8614790053135292 0.4253987372312375 -3.5882904739496566
0.1980525042503547 0.3927716975603308 -0.8980565679041262 -2.061643533373039 -0.940048841990974 0.33562619335883476 -0.06052464789556618 2.1154398551007194 0.2776389386083775 0.856204094785254 0.4356961875451434 -3.592515361147401
0.19482440170350937 0.3921255739309457 -0.899044485423383 -2.059964202027959 -0.9391794259773268 0.3388768689533122 -0.05571780244494741 2.1144686433169073 0.2828170050081202 0.855219271273589 0.4342977546804774 -3.5943241225488065
0.19946119551459582 0.3980285146721822 -0.8954264531449494 -2.0604976061145526 -0.937931320943967 0.3421302829387978 -0.056848101890201105 2.114858857012277 0.2837253402080746 0.8511875063721724 0.441565125796559 -3.598397152265005
0.20047744067161866 0.3989897187757159 -0.894771479257711 -2.0594906430954967 -0.9370494800565892 0.3446324027381378 -0.05627414067410783 2.1149627004041323 0.28591444123623383 0.849726845106247 0.44296413060015616 -3.600586376650922
0.20203451403316425 0.40336566719763717 -0.8924562698897844 -2.0593519594567886 -0.9358768267408201 0.34808016105935224 -0.054541421382503126 2.1149394831100934 0.28864618533580244 0.8462483914330965 0.4478247868173246 -3.6038475896814606
0.20692240704672127 0.41020873783242723 -0.8882071317366897 -2.059912242305866 -0.934902857165116 0.350467103963308 -0.05594154720840382 2.1155058639233943 0.28833966970656005 0.8419629448173487 0.4560248177764079 -3.6073530888492664
0.20952833926122044 0.4118209401738981 -0.8868491350171803 -2.058860752308895 -0.9336748888130413 0.3536582537616015 -0.0563652512302127 2.1158046770183123 0.2904291256853971 0.8398388850134197 0.45860829710443257 -3.6097396234460404
0.20653574523882848 0.41374377890515 -0.8866561178697904 -2.0584919597169695 -0.9330069531211829 0.35620989030687006 -0.05111300690714345 2.1149143571610813 0.2946879898573452 0.8378129859729179 0.4595958976851038 -3.6121707749718275
0.21019023438617004 0.4113856694634735 -0.8868945237900481 -2.0569152662731875 -0.9319307270896733 0.3585069006072237 -0.054570341057300936 2.1160047137023255 0.29550835060078046 0.8379944111848805 0.4587375955250533 -3.614303695762082
0.2107175725850154 0.4128089989152125 -0.8861076881612631 -2.0565462404275565 -0.9312848411778117 0.3603276908802783 -0.053595706705853584 2.1158560292066544 0.29716434711501144 0.8365122148537398 0.4603701393489757 -3.6162207437123546
0.21404558236644586 0.42062953344282716 -0.8816208279442347 -2.057503957488218 -0.9303267360815143 0.3629230046609461 -0.05271676033087125 2.115813694093405 0.29778625354659954 0.8314792169883402 0.46900496683418263 -3.6194288796483622
0.21743768649818768 0.41890049598721074 -0.8816139897664875 -2.056176844527006 -0.9299401351564603 0.3633084869461471 -0.056729959792694 2.1169859306159773 0.2965336363981231 0.8321834640117363 0.4685493407421769 -3.6208662184872513
0.22198993851137258 0.42818350582945197 -0.876001913545465 -2.057747174495004 -0.9291500350101227 0.36529740817289796 -0.05690356775147231 2.1172854623051465 0.29563605943862675 0.8265692281459344 0.47893906861085234 -3.624674965273064
0.22975043260475214 0.42358708342114926 -0.8762355399529816 -2.055741873262256 -0.9285089407470166 0.3652342337816185 -0.06689619889651963 2.119892068910961 0.2916948502644108 0.828961963682726 0.4772171173548761 -3.6270184812267092
0.23654644717230205 0.4347535139644987 -0.8689275921650097 -2.0576748848143067 -0.927613277300906 0.3671464167162259 -0.06882671332777168 2.120429589214252 0.2891009963753641 0.8223094860136047 0.4901303123729532 -3.63104039086003
0.2425249008139373 0.4397791258869955 -0.8647404193856443 -2.0584992226727286 -0.9269499289197223 0.368056179057458 -0.07279064729305186 2.1213702227796496 0.28626124739633574 0.8192246147984674 0.49691601780118955 -3.634066549207274
0.2413560232596076 0.44082080522072736 -0.8645370366391814 -2.0576555815177087 -0.9267841919007408 0.36889191495466217 -0.07063863478273402 2.121177194171322 0.2877817431304375 0.8182883188495573 0.4975800393455989 -3.635765167070307
0.24575627471902323 0.4489483180789796 -0.8590979345396444 -2.059061892959452 -0.9255768383786362 0.3719569169557443 -0.07039579664852623 2.1211166385243416 0.28794334458922693 0.8124613588490446 0.5069469111099598 -3.639477053252831
0.2511035947879222 0.44770353636126553 -0.8582007505322982 -2.0581807508587056 -0.9247653444820659 0.3728573253028281 -0.07606886756737104 2.1225471572868804 0.28593013539944223 0.8127354787983857 0.5076465297555094 -3.6414875333064325
0.2489904296569163 0.4466058609988631 -0.859387555681794 -2.0572802040336287 -0.9247157560715881 0.3734245806005693 -0.07385697716692423 2.1223095224009776 0.2879314786754134 0.8130788937887616 0.5059626231877505 -3.642252976889049
0.2524072686663141 0.4545448816391173 -0.8542128079700586 -2.058710427666499 -0.924070406220779 0.37509837502440474 -0.07345129951887217 2.1222559414640885 0.28702692394855644 0.8078924183514381 0.5147090297429125 -3.6457043967883287
0.24974720509889575 0.44796292076182476 -0.858461155305134 -2.0566806148011265 -0.9240334387252902 0.37527833549202716 -0.07299571924328453 2.122219166901657 0.2894624978521401 0.811477290213886 0.5076574335162679 -3.6460770976481616
0.25268450541446047 0.46171635832059393 -0.8502755701433619 -2.0593128874080673 -0.9238432506189701 0.3762743502968703 -0.07022294208047987 2.1217110118424247 0.2875138066410358 0.8032655960314995 0.5216322394397577 -3.6494808887799843
0.25635638154680623 0.459346760042908 -0.850459851890912 -2.0589786492686395 -0.9231477735467386 0.3771448614909018 -0.07456501623887384 2.122499036070969 0.28649536442309603 0.8042153365169645 0.5207284308302924 -3.6515193186663772
0.25583487456179554 0.45831060912702004 -0.8511756002844364 -2.0587412967977596 -0.9229353308081267 0.37777723340730424 -0.07399146616477154 2.1223941918225195 0.28764368949107677 0.8045096316892333 0.519639644768575 -3.652839612981972
0.2594845714831667 0.4627927696357027 -0.8476382539356712 -2.059641832105979 -0.9221940172655272 0.3793471929072817 -0.07519243148768152 2.122672815056935 0.2867506786074982 0.8011982024482356 0.5252194671866716 -3.6550552730573904
0.2619045980269401 0.4581010498334403 -0.8494406451741329 -2.0585029127695824 -0.9218304403197156 0.379319376191782 -0.07965833381029325 2.1234342940887383 0.2857177292929177 0.8039031278624185 0.5216369812242175 -3.6563571313726464
0.2621079065451575 0.46115958493277354 -0.8477212292677041 -2.0591145838279115 -0.9213360808594397 0.3809354105700891 -0.07764044745080426 2.122857488164145 0.28712239799966455 0.8013863301794164 0.5247291476261685 -3.6581437714810754
0.26596061832550283 0.46125702270837005 -0.8464673109471663 -2.058967327694267 -0.9214427812847088 0.37961991026813924 -0.08265545684530202 2.1237622507074954 0.28321043469161106 0.8019542896763024 0.5259858999550857 -3.6602160716978256
0.2634954059280562 0.4571645396176326 -0.8494532092887795 -2.058150863895917 -0.9212431562171519 0.38045898833909886 -0.08100620541072735 2.1233366877728224 0.2861489440446422 0.803897718561379 0.5214088989592923 -3.6604047998579845
0.2670572128605678 0.45505048150380095 -0.8494760175203914 -2.0578622780153584 -0.9206857276738918 0.38083951605851124 -0.08543450044280006 2.124142746106755 0.28463702485224324 0.8049163449026742 0.5206644233974299 -3.660996159926077
0.26685092803822996 0.4464977262133565 -0.8540669544546481 -2.0562045441494385 -0.9210106899551547 0.3790975205108478 -0.08957889779882816 2.124842812473939 0.28377789060013164 0.8105090070004358 0.5123917040484773 -3.6614062039224025
