1.0 0.0 0.0 0.0 0.0 1.0 0.0 0.0 0.0 0.0 1.0 0.0
0.999967618346745 6.042316454396568e-05 -0.00804727326360688 0.00463494069246917 -5.7074263351789e-05 0.9999999116840539 0.00041638253165005024 -0.0004091172259567185 0.008047297712053925 -0.0004159097563019021 0.9999675334822671 -0.0019582687547274676
0.9999988456085666 0.0006025532008775987 -0.0013948875124604394 0.005381952851907358 -0.0006036987735261581 0.9999994807615217 -0.0008209899379997277 -0.0006583801721656534 0.0013943920980654073 0.0008218310821354075 0.9999986901313174 -0.0028398099057322995
0.9999713394300526 0.003137763495565747 -0.00689019293705995 0.009534000252489332 -0.003115170258083987 0.9999897445339145 0.0032873304154448944 -0.0029779804417048804 0.006900437140294476 -0.0032657720745732717 0.9999708589254143 -0.006925238089633531
0.9998344182476651 0.009568877906114347 -0.015478134996466122 0.016412959866660103 -0.009352295797058303 0.9998581850526523 0.01400515428480703 -0.008251859357266423 0.01560995357697346 -0.013858079189946682 0.9997821177589099 -0.012916083101258777
0.9997895271919682 0.010960812612847688 -0.017342488406358103 0.0215179413755471 -0.010646133785654079 0.9997788769881992 0.018134413793504185 -0.011601559768401982 0.017537421494523288 -0.017945966540762106 0.9996851409980255 -0.01565917047115624
0.9996847668664172 0.012586783581223797 -0.02172417488225575 0.02795343046572843 -0.012075340205808133 0.9996505463407864 0.023515343065375158 -0.01630499779784198 0.022012565823851166 -0.02324560344770076 0.9994874130604167 -0.018828323273898384
0.9995496626176614 0.016842457637527737 -0.024835530629432986 0.034755522124698145 -0.01612912076297376 0.9994594171344409 0.028648297762653412 -0.021611822226555978 0.025304612708571494 -0.028234821090496805 0.9992809772299572 -0.022761490352937556
0.9994628021973094 0.017063942698399732 -0.0279808663819684 0.04019990479575326 -0.016161258234876213 0.9993515618061207 0.032175606411276196 -0.025317861218051213 0.02851176522359584 -0.031706115738978344 0.9990904871274586 -0.024895470487521852
0.9963997395468664 0.006464615805774457 -0.08453264324164052 0.06297080127818666 -0.002156090152555509 0.9986983135458903 0.050961061565168796 -0.03443383885072625 0.08475205192907544 -0.050595328470903915 0.9951166777975003 -0.02656010803697146
0.9961891770311861 0.008563874831741966 -0.08679737100737346 0.06614187933225868 -0.0037000845720924834 0.9984215079791782 0.05604285662548007 -0.03652438234303286 0.08714030605916276 -0.055508129606852745 0.9946483874251573 -0.028262010334501902
0.9962257160598561 0.006593617948997466 -0.08654967858615686 0.06777660008618126 -0.0015884808941185656 0.998328563826426 0.057771579316440384 -0.037450817333522485 0.08678594004487841 -0.05741605046160508 0.9945710621971257 -0.028795800085399996
0.9961390378821302 0.011796026913982521 -0.08699351100114386 0.07184010359028845 -0.0062022292285813675 0.9979117631288641 0.06429343171459598 -0.04131192368526913 0.08757025499481805 -0.06350564351369149 0.994132025277355 -0.03165965068916959
0.996532955602112 0.01804875541181684 -0.08121767558235708 0.0743354716076588 -0.012869073172479461 0.9978763526711719 0.06385273475240892 -0.04452036874504191 0.0821976602744735 -0.06258615827612925 0.9946489418069265 -0.035256070580279956
0.9962559252783066 0.026093659752443557 -0.08242118822599726 0.07946556416429046 -0.020062526501300724 0.9971174255602079 0.0731733194174547 -0.05266288742701839 0.08409296271535423 -0.07124577576887009 0.9939076481529091 -0.038942419510580605
0.9961056571312755 0.03900808490653342 -0.07906888859084363 0.08180826506890944 -0.03278924375967511 0.9963764517972857 0.07847822498961568 -0.05990589109809054 0.08184366392540718 -0.07557999481196728 0.9937752658722637 -0.04336828509863834
0.9960689494526122 0.04562347510576017 -0.07592856152753227 0.08303993769634156 -0.03946962791868518 0.9959596074648513 0.08066355292460681 -0.06442826247054925 0.07930193193312866 -0.07734958834883729 0.9938451814915338 -0.04648193268927028
0.9944368462013342 0.07345572489791882 -0.0754957972132365 0.08478803913109889 -0.05920009588151827 0.9825676089279544 0.17622781430075948 -0.10126220806920175 0.08712466679855677 -0.17077807343252907 0.981450020158905 -0.04364443554054798
0.9921935436801069 0.09871993372087409 -0.07619938691127949 0.08715610441521836 -0.0744632548838701 0.9591260879300594 0.2730061741501109 -0.13518079701012534 0.10003597128837236 -0.2652009090069804 0.9589897196061407 -0.03756662271912205
0.9899638623925022 0.1229073992965789 -0.06975186273546267 0.08827375600752792 -0.0902898173632525 0.929777474440638 0.35687756570468254 -0.16940302162451243 0.1087166042397647 -0.3469980103991129 0.9315433863978813 -0.02802019016938626
0.9886505804727129 0.13595718776110916 -0.06391926804223297 0.08973140289480747 -0.09658780270015246 0.9011011785555687 0.4227143981168871 -0.19887042716434433 0.11506878855936721 -0.4117430134220355 0.904006009270747 -0.017110868194338213
0.9883980757109923 0.14031480137838842 -0.058146370866523266 0.0898130199757012 -0.10291594760878803 0.9002554892800955 0.42302288560885426 -0.2108324800930923 0.11170296172702508 -0.4121308172597656 0.9042514240001003 -0.019043592364849267
0.9868042689928949 0.15289584367997358 -0.05329348630727057 0.09047367887249384 -0.11350097785561786 0.8879234388175039 0.44576843183913045 -0.23096568547518662 0.11547667610047005 -0.43383732871191516 0.8935604677317014 -0.01425127017366144
0.9844547805718786 0.16926708574815896 -0.046876846006269554 0.08993202935629321 -0.1299771967769111 0.8816041917186053 0.45373998882862543 -0.2466262384958327 0.11813006953010063 -0.4405935801013363 0.8899003224217312 -0.013353835948287013
0.9813715365665039 0.1879863598363906 -0.039636293123323924 0.08850299142569763 -0.14899656539599654 0.8749634415871798 0.46069404097091854 -0.25825682720988014 0.121284503203384 -0.44620634733426107 0.8866735390668459 -0.012301597739625537
0.9811332570937913 0.189517169675267 -0.03822007617470421 0.08811597326510484 -0.15248217989691273 0.8800864797001018 0.4496631773482991 -0.2605440541318896 0.1188558649727047 -0.43535161725593796 0.8923801055123484 -0.013276737907606712
0.9814214000542875 0.18857780398546242 -0.035361665112079506 0.08702223138890633 -0.15417403232500898 0.8848212224717138 0.4396837181660344 -0.2625802369648275 0.11420334177302158 -0.4260631597635313 0.8974562834033702 -0.015019054798242342
0.9813757630279265 0.1891218780126279 -0.033682740362503086 0.08705208260504221 -0.15581343639079467 0.8862312315807042 0.4362526529558759 -0.26503100859088297 0.11235561748948295 -0.4228795566445924 0.8991935808215217 -0.015698026842851983
0.981440984295577 0.188962691406419 -0.03266030620443737 0.08794788767200941 -0.15607692176053617 0.8860773618347411 0.4364709650569446 -0.26645079217607914 0.11141628623626228 -0.42327297350578597 0.8991253533634173 -0.016305670961914993
0.9817250620132534 0.18850024475026608 -0.026144986979524148 0.08743958408516637 -0.15842722620728725 0.885645045082096 0.43650162441598844 -0.2660983276989741 0.10543584120845631 -0.4243825065322835 0.8993235077201317 -0.018509054817937316
0.9819822905279444 0.18737262391840534 -0.024541411846508144 0.08792837322213369 -0.15772570624584129 0.8841965764230694 0.4396805838685321 -0.26517174238546826 0.10408353702069668 -0.4278877353321275 0.8978188588315602 -0.020203999626249303
0.9817581281815497 0.18894213707601262 -0.021256683339721662 0.08791231689028593 -0.1594692080689928 0.8791390416237356 0.44909254855847636 -0.264226632713801 0.1035400860889359 -0.4375104733946957 0.893232352886216 -0.022259056989152835
0.9817258082344754 0.18904013452863974 -0.02186927030689647 0.08886309471140703 -0.15685405707417294 0.8688906080063483 0.4694953845329365 -0.26447482436458214 0.1077554742262985 -0.45748545207006747 0.8826640464630425 -0.021969184368071822
0.9835778404363121 0.17819910637854972 -0.02863058309784272 0.09279068905565876 -0.14667790675815257 0.8816566648396038 0.4485165738442139 -0.2484554107107071 0.10516759706146728 -0.4369514891035324 0.8933158303189999 -0.031229022272378844
0.9842998530249589 0.17473080325471294 -0.02495888076423121 0.09385527968973273 -0.14352326140929672 0.8746415002355632 0.46303706061191413 -0.2408087000507177 0.10273691045325105 -0.45218513073701133 0.8859874348831782 -0.02966390302423742
0.9855684912055975 0.16480436043598548 -0.038655813586105515 0.10185407281135192 -0.13815022833187404 0.9150524907954277 0.37893726855633353 -0.19724912090000712 0.09782261269547797 -0.36812832255936356 0.9246146627514948 -0.051916962904263356
0.9873610359293851 0.1547271454901599 -0.034317563679760514 0.10279776173831642 -0.12869299109964513 0.9091027977523539 0.39619467078782133 -0.18943855317927383 0.09250026362272984 -0.3867707506615673 0.9175249793125054 -0.04959838396176474
0.9881873660121271 0.14504135571619087 -0.04948469244139356 0.10982944027211024 -0.12498842741978339 0.9496193465344849 0.2874038790596761 -0.1382676503359371 0.08867706955656589 -0.2778238683400505 0.9565303317278704 -0.06980279224767595
0.9889504761818031 0.13282371456708578 -0.06583932341983831 0.11610065774892482 -0.11884351033106134 0.9758119469418672 0.18348641436824453 -0.08960094561314141 0.08861814550063525 -0.17363440054933352 0.9808149260864159 -0.08208773731506894
0.9895078900451578 0.12929273627855578 -0.06447886385459516 0.11655535225349581 -0.11385130132654755 0.972546369536794 0.20295674486711412 -0.08554987057492504 0.08894951784370317 -0.19348629782599056 0.9770624523688158 -0.07910352639512203
0.9900495355524155 0.12396528480554092 -0.06659223164546693 0.11746783800818435 -0.10672805696199579 0.9699167695728232 0.2187934687291579 -0.07676044039715459 0.09171171686082043 -0.20950911260492286 0.9734962212181093 -0.07510133144708768
0.987597621073316 0.13936900747654596 -0.07229950625920992 0.11853501956413195 -0.12474332362472337 0.9761450596157433 0.17770741627415304 -0.059235490623196774 0.09534171207493687 -0.16648454085224046 0.9814238919018826 -0.07990969195655286
0.9859930207151469 0.14413733288924033 -0.08391777147060259 0.1220612885241934 -0.13241909729771836 0.982424813486767 0.1315548118327461 -0.04301147329235757 0.10140486069155132 -0.11859981076321037 0.9877505449834272 -0.08626333423574435
0.9838859853791021 0.1537184312987069 -0.09131818906249718 0.12371084045536546 -0.14165249964499976 0.9818015001472669 0.12649262291888985 -0.04107121205741858 0.10910058257824362 -0.11151886919998344 0.9877553364540452 -0.0890367937822673
0.9825976806826292 0.16151535532566638 -0.09173106295654522 0.12285780551616167 -0.1478290823055278 0.9790123104884957 0.14029062098616452 -0.049989772247815506 0.11246492938609334 -0.12428871994675604 0.9858518924017833 -0.09009883783527287
0.9821945635123512 0.1616081723533051 -0.09579477039693932 0.12293141388415853 -0.14803591513677394 0.9797256387109268 0.13499274307193462 -0.050343811534561946 0.11566852310112416 -0.11840807185784724 0.9862050097634422 -0.09061268923920988
0.9799042337443088 0.18360720524994165 -0.07794925830488103 0.11595468306856418 -0.1586442895352319 0.9542617083257473 0.2534099078984259 -0.09410311788199932 0.12091187736461739 -0.23595123691884867 0.9642133227189037 -0.08668465445204158
0.9798273363086721 0.18213653601841678 -0.08224763382286743 0.11691904643101632 -0.15729884847745104 0.9567380709900591 0.24476383676084776 -0.10584648815845779 0.12326987989738626 -0.22688884010774185 0.9660879830246549 -0.09672049192720153
0.9798671077588572 0.18030432231362042 -0.08573682107073091 0.11782381852218307 -0.15653293491175785 0.9603615932855886 0.23065786444402944 -0.12082746086318774 0.12392696002161763 -0.21259341828240147 0.9692503015644628 -0.11147438494913531
0.9773744607223053 0.2029482147871963 -0.059591825299023835 0.10601824504710365 -0.1724496623275981 0.9277115846422007 0.3310775282071512 -0.1736944499020978 0.12247561998567902 -0.31331013043843803 0.9417199608555455 -0.10240528715420642
0.9772667397861278 0.20315369548704854 -0.06064895149749036 0.10528243919258748 -0.17413997053870633 0.9323183828154976 0.31695063294632625 -0.195515809550932 0.12093382474960264 -0.2991839051056313 0.9465009249637186 -0.11600288038556852
0.9734292303731042 0.22552924972631838 -0.039649602433145886 0.09371232114860016 -0.19276667098952857 0.9005342785693278 0.3897165940491091 -0.24134670796514845 0.12359831718448794 -0.37171840234175757 0.9200809123928461 -0.10409522151824892
0.9721576898484966 0.23053733438249466 -0.04197574923981607 0.09219966359610483 -0.1977895576244466 0.9033551483539648 0.38056374871644594 -0.26276821826960206 0.12565316137350616 -0.3616656099191676 0.923801531519968 -0.1135980079522182
0.9725424196445411 0.2285161176582026 -0.04406388501209946 0.09066085814666662 -0.19573598426150146 0.9055913054812679 0.37628687447467085 -0.28402765905957544 0.12589148683337914 -0.3573300594788507 0.9254547866512552 -0.11765100911301721
0.9732190311925398 0.22551889183790694 -0.044563962445593686 0.09047298693376978 -0.19173750464705666 0.9032820173947972 0.38382069558963017 -0.30368324689899284 0.12681264383479415 -0.36499702255688493 0.9223316794343762 -0.11574049072086501
0.9749016310387164 0.21903690094843858 -0.03987036268896683 0.08771292209250686 -0.1852274372600837 0.8973386877735434 0.40059215657688446 -0.32270647809956937 0.12352168345722957 -0.38315286172461616 0.9153885941326378 -0.11143505575432248
0.9745139403543621 0.22128898631536018 -0.03679354006520944 0.08632680825515557 -0.18698570662286573 0.8919094262719276 0.4117449706384169 -0.3368848766632739 0.12393113238310152 -0.3943713476696868 0.9105560469094887 -0.10828541376825539
0.9748969427928976 0.21944064101368457 -0.03770617992530901 0.0862779947780513 -0.185954215751614 0.8955781694098295 0.4041791337027964 -0.3405202588807185 0.12246215977704765 -0.3870213786705399 0.9139023316934327 -0.10843511882996573
0.9748713050279824 0.21957783514778248 -0.03757010706461747 0.08724052771445054 -0.1870774707581607 0.8985177291031217 0.3970741875545434 -0.34019442680809886 0.12094609777815682 -0.3800677108084635 0.9170172171955379 -0.11058772582942832
0.9749273658649236 0.2192652472917215 -0.03793919632486281 0.08813723171353391 -0.1869819509897204 0.8996521302008784 0.39454251308205207 -0.3375348641650787 0.12064154048980996 -0.3775563480530092 0.9180941252143586 -0.11369783279682621
0.9748335197765536 0.22056192350722265 -0.032435268132766 0.08706100676889297 -0.18858020640624776 0.8934353753396016 0.40768950911639107 -0.33755235495268243 0.11889959828286939 -0.3913127495885897 0.9125443646955406 -0.1162877528833255
0.9740634005279872 0.22437872212283863 -0.029234924497433416 0.08702947989456983 -0.18990741177225304 0.8809032797647895 0.4335257623874303 -0.3394824892307057 0.12302709744529045 -0.4167296494829255 0.9006668265990608 -0.115427204418119
0.9727235738035023 0.23005169925709357 -0.02975003589679939 0.08834474176136722 -0.19298558863440746 0.8737356364009646 0.4464779952723697 -0.33755510408498085 0.12870668804055518 -0.42855834299652584 0.8942999133968988 -0.11713419550720328
0.9714010229472488 0.23621864965558953 -0.024099837591218688 0.08801888825693585 -0.19618870808938982 0.8556483432588443 0.4789320447585576 -0.34222971864984775 0.1337536669973947 -0.4605069621984968 0.8775211076273095 -0.11526414555850814
0.9727576003082137 0.23044528513853987 -0.025251170270253566 0.08864602626094557 -0.18899562019722962 0.8514029165638195 0.489278784756593 -0.3390313792645323 0.13425090908021928 -0.4711772959556118 0.87176180759832 -0.11526694546778485
0.9735254849043745 0.2266510109541148 -0.02962177366693588 0.08983559752408468 -0.18599958181313533 0.8608253036470856 0.47369183248842706 -0.3237527537962552 0.13286190502561862 -0.4556414334039259 0.8801923644059729 -0.12441912152580678
0.9727788852304123 0.23010739680826217 -0.027419452656755074 0.09110513136200163 -0.18206338992120846 0.8320995623608763 0.5238923938837425 -0.32974149879336423 0.14336722952010147 -0.5046393804024478 0.8513430173829828 -0.12068645320283805
0.9735417405261081 0.22676247376924444 -0.028200353604940186 0.09097121874735373 -0.17677617316153638 0.8255816215843004 0.5358779438497184 -0.32100409526232715 0.14479870184415977 -0.516714395572925 0.8438243711531151 -0.11930654307358786
0.9768572697959556 0.21201323709530936 -0.028288897878054744 0.0911049833804647 -0.16213696349383275 0.8202442800204234 0.548553485234375 -0.3111586928217599 0.13950440679701412 -0.5312717839205745 0.8356367704296292 -0.11762405735072543
0.9779695497570797 0.20684318784395 -0.02813281696670893 0.09098353899502662 -0.155329665194206 0.8111057624001976 0.5638972754960362 -0.30467607615343667 0.13945700003436992 -0.5471045035856953 0.8253656203753948 -0.11556300825292437
0.9803628245940698 0.19472391261638688 -0.031166167703093862 0.09102657656560957 -0.14131773767436268 0.8039411213383879 0.577674623330277 -0.30329113118540485 0.13754282668511797 -0.5619263931126057 0.8156719313246727 -0.1152199938501583
0.9807314334267043 0.18915487542993273 -0.04884965291466453 0.09647929600261439 -0.14106751781646837 0.8586611294650931 0.4927484349674118 -0.2702800299566321 0.1351510669802425 -0.47636277966148777 0.8687995690878759 -0.13655039047257855
0.9783555845715938 0.19760465336972874 -0.061422724656262175 0.10163897147485117 -0.15160525615747775 0.8865019227934585 0.4371843858018367 -0.24798964818610209 0.14084103252602326 -0.4184097774313269 0.8972720109904617 -0.14909469660655283
0.9773237260901234 0.20085945932605576 -0.0670359009826568 0.10393182949964022 -0.1570819970861212 0.9000096941452392 0.4065806151749388 -0.23808935083185673 0.1419985232766488 -0.38683074857596317 0.9111522328038313 -0.157554146811707
0.9763501528048698 0.20567520952426663 -0.06661897105968441 0.10342930844579293 -0.15962620646840064 0.8936224761283853 0.4194738899701431 -0.24377764965631268 0.14580759008505273 -0.3989192629409173 0.9053195945787658 -0.15675510877757845
0.9765301853432276 0.20406884529859054 -0.06888180813550335 0.10344321419064664 -0.15802548822939524 0.8961582488958862 0.41464242185975536 -0.246134950367016 0.1463446008002303 -0.3940257597091358 0.907373659801879 -0.15870601647827098
0.9766531750913363 0.2027072996270711 -0.07112191126444373 0.10297035033626387 -0.15691140404847387 0.8992618108230533 0.40829769393762594 -0.26153631513371156 0.1467221416949205 -0.38760540021153894 0.9100739897740759 -0.16820907437037
0.9763423583400098 0.20409582008808705 -0.07141775363055264 0.10321704664153844 -0.1598791525428701 0.9037607432914568 0.3970581512416677 -0.2708922545678504 0.14558247110568615 -0.37624648185444687 0.9150105622335242 -0.1750149183354149
0.9719145182584616 0.2307986111824625 -0.04598010737986637 0.09506737707973055 -0.17902833159635392 0.8519392303198715 0.49208576927992476 -0.3192596906685815 0.1527449694236925 -0.470033561480704 0.8693315969165718 -0.15736012307293154
0.9668042761716197 0.2536844357548175 -0.030556482651407167 0.09260212293622638 -0.19279873476474432 0.8027369448905555 0.5643066942549031 -0.3591720511076202 0.16768464285491677 -0.5396828738838577 0.8249995492041647 -0.13917012933068887
0.9645211901282111 0.2638402108089094 -0.009339001764899404 0.08609007817682757 -0.1970015258356686 0.742827015579674 0.639842499169459 -0.4019026820565199 0.1757534426748855 -0.615301851196067 0.768449321232451 -0.11224209100594419
0.9613114009428216 0.2754325445171293 -0.004159788235539621 0.08345955870704032 -0.21011276090299416 0.7429314012724797 0.6355356486531948 -0.421526979901379 0.17813763814272238 -0.6100736401649652 0.7720603185326886 -0.11327607150926176
0.9641537626893429 0.2641124200550803 0.025537256403667226 0.06981141085592679 -0.206803417754976 0.6876512743287485 0.6959655676245163 -0.4561920998331693 0.1662524234314791 -0.6762990126317634 0.7176209147011099 -0.08639996099108967
0.9646895316582781 0.2616429971947487 0.030282825625695432 0.06678487077042664 -0.20832044001752778 0.6875792375645647 0.6955842050686902 -0.4692629707534807 0.16117289406048563 -0.6773313325759273 0.7178060769672279 -0.08544789148474861
0.9682197559477606 0.24716583547644214 0.03820410927748714 0.06395363171319747 -0.19917987213137892 0.6696567160346572 0.7154629698366036 -0.4850357977118289 0.151254364334331 -0.7003348716456375 0.6976053216732954 -0.07291965440874631
0.9693963560105325 0.24266587915835552 0.03720182852761543 0.06285963736266645 -0.19509378388203186 0.6694738728905204 0.716758780209608 -0.49421217983075116 0.14902724732104486 -0.7020811951685292 0.6963281374083901 -0.06651252927082507
0.9713042088845922 0.23582128871842856 0.03092658387618435 0.06285558896402177 -0.18859548641513857 0.684429784303435 0.7042638801345682 -0.4983587072816192 0.14491334067955738 -0.6898870850693859 0.7092643608327945 -0.0659561912975397
0.971922548289622 0.23389216387569145 0.02571022760982296 0.06166041794603539 -0.18547072729330702 0.6942691246370152 0.6954070691997968 -0.5040311284586294 0.14480044697270456 -0.6806503054089527 0.7181559665582403 -0.064920690230154
0.9710861710077462 0.23776239052289358 0.02146378648674139 0.06108393674917572 -0.18630545164410417 0.6985536209273371 0.6908785113006477 -0.5102373703610859 0.14927132063861706 -0.6749013886058812 0.7226521905402713 -0.0628176692178924
0.9686752611018243 0.24670531766411113 0.028367671133838254 0.05788170223526581 -0.19933187590768886 0.7043238610783541 0.6813183558093879 -0.5139412975454974 0.14810483373756056 -0.6656308173093632 0.7314373337967065 -0.06515147739887661
0.9651202473765849 0.25778972018899177 0.04568772557959126 0.05175353521448469 -0.21921743305365332 0.700313496150619 0.6793413899908284 -0.5185391478315952 0.1431314960067243 -0.6656616762847174 0.732398735373494 -0.06683524429751093
0.9633768894951494 0.26454562731652426 0.043824420753185836 0.052756211741681755 -0.22468167388499746 0.7071459608941494 0.6704198202703532 -0.5168477155638559 0.14636636979471254 -0.6557135053198145 0.7406866305896949 -0.07097300261586087
0.9619720381818357 0.2699183434037247 0.04187941798149192 0.05380187880070211 -0.22951491273176042 0.715619530663811 0.6597056860193385 -0.513087015068293 0.14809693646397037 -0.6442303743434467 0.7503562635063996 -0.07657802757690926
0.9583533625827614 0.27972363628585345 0.05756318032673762 0.04966715398284569 -0.2447991623526118 0.7008190426935524 0.6700194321880217 -0.5166372742642331 0.14707889902283727 -0.6562067941595191 0.740108397980399 -0.0779948561642905
0.9568709743391437 0.2837493315197643 0.06232379424697244 0.04991992608255251 -0.24970394712186345 0.69366323475857 0.6756324855541253 -0.5157643628697941 0.14847854140923894 -0.6620556121704315 0.7345995433803482 -0.07964498704376194
0.9545247160644331 0.2880325305634867 0.0769404169426031 0.04773785008604547 -0.2592284758121871 0.6743857050260739 0.6913787082233459 -0.5196426452338015 0.1472520415824488 -0.6798832121722672 0.7183840574902236 -0.0776396118221174
0.9533092355636074 0.289702027319218 0.08528913621475846 0.04728535637784498 -0.2634064812291878 0.6595100615852353 0.70403373805117 -0.5216179975860741 0.1477109577370058 -0.6936275758899546 0.7050264242774437 -0.0771208246559357
0.9555601214716373 0.2810194852213669 0.08906684668843567 0.04803535642198597 -0.25851783253149774 0.6536000117928811 0.7113195869983961 -0.5172283483000583 0.14168057212024976 -0.7027339991136502 0.6972026548812124 -0.0775852439499705
0.962570574539024 0.25776736209901885 0.08374888696645574 0.04900245700533859 -0.23739096013422933 0.6527357473488016 0.7194314256269023 -0.5113838577850521 0.13078004847130484 -0.7123847493942543 0.6894958649276473 -0.0792230339977219
0.9663217665937561 0.24456264133098232 0.0800709552355222 0.049912026195514436 -0.22398464365555465 0.6461330016539008 0.7296184095677833 -0.5031637058557211 0.12670091875598674 -0.7229808148484532 0.6791506596827036 -0.08043747677994574
0.9706417191232976 0.22798579670998081 0.07666243927685763 0.05088210390398583 -0.2088145965052403 0.640524061986867 0.7390029704285397 -0.49702533852328873 0.11937804397676026 -0.7333153499786836 0.6693261388156894 -0.08219298038843223
0.9747737049558768 0.21039402162533608 0.07450221332888876 0.05404861458192495 -0.19338249236387875 0.6294623106405844 0.752582494567976 -0.4802552976545532 0.11144252228714562 -0.748005050215126 0.6542698289535759 -0.08295862254320405
0.9796186357773015 0.19381000122045172 0.05277321162047747 0.06272996622709086 -0.17577915446749579 0.7000100401365197 0.6921615653608392 -0.4543124768609261 0.0972060558427521 -0.6873307989134466 0.7198106386908257 -0.1112361289337582
0.9797472927521615 0.1925710986969624 0.054878176823277516 0.06298662572869476 -0.17485057192686623 0.6892098362984507 0.7031479780574766 -0.45282508766406127 0.09758339941634975 -0.698502808509821 0.7089226379953154 -0.11125538630451641
0.9790895299604553 0.19800682976634626 0.04665820064777375 0.06700600810684797 -0.17628146660605 0.7113382585493658 0.6803842491233769 -0.4421070480715021 0.10153096499604404 -0.6743820707060922 0.7313687755552133 -0.12381091281958992
0.9785894151105935 0.2002592760506795 0.047528717520633285 0.06672653187605236 -0.17758267121042703 0.7047612064113445 0.686859546649387 -0.44350156344755154 0.10405359926148114 -0.6805937586352698 0.7252344339504597 -0.12467897561314961
0.9792595971094645 0.19818630167866072 0.04210500321738344 0.06664672789843384 -0.17248227225412416 0.7064132688205974 0.6864620596888498 -0.44684770399225027 0.10630384389595748 -0.6794869266300366 0.7259455966612148 -0.12587374248238786
0.9795638661424357 0.19765003147076987 0.03727059441006457 0.06628651488913524 -0.16965587066205223 0.7124200881164627 0.680936490135488 -0.45242054062672066 0.10803479855110722 -0.6733439560193099 0.7313934640084525 -0.12776276028997527
0.9794751620136523 0.1921001474808535 0.06104048112650706 0.05593703738748709 -0.1639892922589884 0.5833805218904035 0.795471356305984 -0.4977887415474857 0.11720033712715464 -0.7891544208941064 0.6029090984224446 -0.08397875084686486
0.978121919754282 0.1993464871358613 0.05948519280275997 0.05410963062708982 -0.16904427506172834 0.594963794079093 0.7857748512162186 -0.5146967726243163 0.12124992026820437 -0.7786392372604918 0.6156455108529177 -0.08678341512241333
0.9765155352306308 0.20659537189145669 0.06112087831713178 0.05308776412642656 -0.17663746945767742 0.6052873810558048 0.7761613174580384 -0.5269770154231037 0.1233556396636028 -0.7687298216198157 0.6275650145726306 -0.08837367474369284
0.9743368241477431 0.21552528637900925 0.06493538358189767 0.0512748011251609 -0.18583119681821425 0.6073936827977447 0.7723598127728475 -0.541907788306983 0.1270217280578181 -0.764605627123314 0.6318573538169558 -0.0866946522433019
0.9738975648455815 0.20566951581808038 0.09603948901881441 0.03872095146173579 -0.1865937850580006 0.48446899085693895 0.8546768724353043 -0.5814197501404585 0.1292528242073241 -0.850288096565636 0.5101998238663109 -0.03223633227996264
0.9733266766377283 0.20924806272008997 0.0940767175938695 0.03559366705249029 -0.18720650452789056 0.4873353191788658 0.8529114909199473 -0.595488147241358 0.13262316995079906 -0.8477732803814468 0.5135090650256127 -0.030618227703973124
0.973861785317819 0.20617323503404275 0.09531956909879358 0.03149175604233369 -0.18632301337712742 0.48509530219182456 0.8543806426163312 -0.6075694143942153 0.12991134586190434 -0.8498088873076208 0.5108305954710706 -0.026100351650794648
0.9762856649330078 0.18720131165102724 0.10872888007535746 0.025214507798505086 -0.1810104064443511 0.4303790748013476 0.8843127753979318 -0.6253643566228254 0.11874987665323897 -0.8830229447128015 0.45405830672455416 0.0023603736518524945
0.9787134694953111 0.17158889223340262 0.11259305791458096 0.023509000403712704 -0.17581853209991186 0.41800749989133107 0.8912673974766705 -0.637346608132232 0.10586684277278068 -0.8920913529996293 0.439278077650832 0.018615350528067877
0.981731515097878 0.1473382497934221 0.120393822148096 0.019602025809916844 -0.1703204500153635 0.3984354771242252 0.9012436490069493 -0.6504877838827319 0.08481849191174026 -0.9052848229792649 0.41625138163520303 0.04012060033863572
0.9838677892910023 0.12879689333958014 0.12415930678648265 0.019553761607433714 -0.16846151324430805 0.4334442628736622 0.8852947472663276 -0.650413663831531 0.06020707392878443 -0.8919290505684729 0.4481491682475302 0.03996476468297698
0.9864232605401613 0.12748663451121203 0.103519607255401 0.024289917997580658 -0.1501769713286519 0.44519061030070023 0.8827526254747983 -0.653330868784606 0.06645320419560209 -0.8863139841619853 0.45829193003045854 0.03890025898112627
0.9858947793198033 0.13094965108692044 0.10422894506882842 0.023261765677838078 -0.15367522522296376 0.46158601301965513 0.8736831678230367 -0.6574942057590807 0.06629788279138125 -0.8773770805445228 0.4751989575667726 0.03804885323938136
0.9848217770365933 0.13821943968808706 0.10498311276956981 0.02307065134452101 -0.1581807052128898 0.46573881567484754 0.870669983445019 -0.6588790233653626 0.07144880665785253 -0.874061063122079 0.48053337653181477 0.037281573816184944
0.9834871015577948 0.14649219517698117 0.10626927035445191 0.023099064244772975 -0.16372303189250553 0.46995032687161065 0.8673761923762943 -0.6584051491122539 0.077122564125977 -0.8704520245398323 0.4861742311940635 0.03354786993786087
0.9826286177998461 0.15232362955193016 0.10601184538003698 0.023409843659208004 -0.16526850325361211 0.458380967762844 0.8732543788754317 -0.6582223882491461 0.08442346423280014 -0.8756051623151397 0.4755925550447653 0.03192688518575276
0.9811760696295448 0.1549617569778394 0.11524050616276327 0.020808318181678886 -0.17254146558857766 0.43542791634079214 0.8835337980652854 -0.6602630623983866 0.08673501622099428 -0.8867859851990525 0.45396878022137915 0.03226919165145726
0.9802283389910812 0.15676849853260713 0.12073127725079458 0.020273448741152715 -0.17586556832495295 0.4106159026650941 0.8946875892490507 -0.66279749228373 0.09068464763409115 -0.8982306042138392 0.43006752532261633 0.03452806797092791
0.9793436432753939 0.15834754924570657 0.12574610142643172 0.021364103509990802 -0.18029176880620648 0.4022726612721442 0.8975921034043041 -0.6590350562159863 0.091547290930967 -0.9017221077698503 0.4225119334199879 0.03275239699030326
0.9770447922638269 0.16660388051642872 0.13276528502207582 0.022282985539421287 -0.1890744405191801 0.39102136182694136 0.9007514366002254 -0.654210080448057 0.09815462216567579 -0.9051770222403285 0.41354592073389196 0.030789915615799593
0.9761982837171799 0.169880641013799 0.13482388021549974 0.023160063016974305 -0.19097812053676985 0.3787179477632172 0.9055937684846703 -0.650010602992876 0.10278262666359421 -0.9097874937867382 0.4021472961557433 0.029146019602975914
0.9769590263544343 0.16380419273288543 0.13681830019304453 0.02441855129817806 -0.18932434048764457 0.3691993880701079 0.9098615861479057 -0.6429671101676461 0.09852590990956044 -0.9148005237710471 0.3917047954578911 0.026295465995416774
0.9833270236804152 0.13290256495076994 0.12411636769303612 0.029010997163035762 -0.1711507811333027 0.4457762229347006 0.8786301663291212 -0.6265298910123924 0.06144407715368985 -0.8852233996543336 0.46109018433182114 -0.008054296152777439
0.9875537966235721 0.10444103928455538 0.11759918404274847 0.02915662661739458 -0.1521924149058274 0.4458928956185135 0.8820527163849542 -0.6222634313885177 0.039685861707818376 -0.8889722126985168 0.4562383559395331 -0.01009929196190998
0.990909885932636 0.07637921956713316 0.11074210030189975 0.029292521304112508 -0.13325810436298186 0.44447996360526976 0.8858215619271465 -0.6187503999139351 0.01843571486397901 -0.892526625245304 0.45061774004768135 -0.011565900640357094
0.9927616219361105 0.05489098180804271 0.1068238836914396 0.02947014411623544 -0.12009048359127851 0.4416608044487254 0.8891085476838722 -0.6173705099087291 0.0016241187107946555 -0.8955013757275037 0.445055781120253 -0.01188725029110883
0.9942023957518356 0.0485827654162675 0.09592346525125262 0.03373865470799043 -0.10729571115876936 0.5064626291252222 0.8555601882196884 -0.6073818956584899 -0.007016170482174253 -0.8608921652588516 0.5087390816004685 -0.03842596675199203
0.993244438791337 0.06955313489403837 0.09288620046316622 0.03497453558726241 -0.11600477375777889 0.5751848654926786 0.8097562985081278 -0.5914695163516677 0.002894352341902746 -0.8150611829394037 0.5793676646050728 -0.06602569863734725
0.992928717814498 0.07480728502639793 0.09217608934114009 0.035895741318472035 -0.11853968031723397 0.5829594311110847 0.8038075925673611 -0.586369640992023 0.006395743079215719 -0.8090501664208586 0.5877047921234274 -0.07447180100412537
0.9922607052254692 0.08195396328377451 0.09328580153231225 0.03617516307892403 -0.12348101714653885 0.5721043118344828 0.8108323469033887 -0.5858657003263171 0.013081715097847306 -0.8160761020165175 0.5777963866688858 -0.07531587938489864
0.99111970983784 0.08367194196426847 0.10334760228894256 0.03351421240482857 -0.13232340323710226 0.5439011505325301 0.8286507439236083 -0.5903076347138334 0.01312393716449179 -0.8349673913257429 0.5501429066124375 -0.06712118413859199
0.9921120542562671 0.076595916227945 0.0992307281873974 0.03318451156484432 -0.12467433426198232 0.5205960835092491 0.8446514240863922 -0.6004103101950292 0.013037721263007729 -0.8503603844559261 0.5260391947110333 -0.055171853932633526
0.9922191876833074 0.08185208897839125 0.0938153458819029 0.03230299853254444 -0.12287671275723304 0.5223852800953019 0.8438097727578989 -0.6038703624126357 0.02005983686486201 -0.8487719685932286 0.528378413899854 -0.05510657166018466
0.9928389037573753 0.08038402780485071 0.08837035283234193 0.03010383744896855 -0.11762784361114569 0.5287275010612978 0.8406015227376612 -0.6131032979224347 0.02084710035559659 -0.844976708374463 0.5343966323915376 -0.0550045310070205
0.993669754243163 0.07557644659555875 0.08311811007422258 0.02836563159379124 -0.11086291531198793 0.5400812486439817 0.8342791252762424 -0.6244161079540538 0.01816131908341882 -0.8382126493814949 0.5450410268099094 -0.05554305532433867
0.9937694675046139 0.054754827378128 0.09707808369749284 0.021058892772297187 -0.11126546011221207 0.43658842441221074 0.8927544707562594 -0.6557884284128969 0.006499449330869328 -0.8979935726652234 0.43996056710839254 -0.0065421034452544935
0.9953975149735014 0.02161366431973618 0.0933629300056572 0.02254543843610034 -0.09523426623402462 0.3317476816082219 0.938548832124597 -0.6795966606821462 -0.010687456172303086 -0.9431205253106518 0.33227917933316165 0.04544391705960112
0.9950627781084475 0.010867805200651526 0.09865068896469469 0.018939096703892468 -0.09762167881073043 0.2863554479816961 0.9531372226691098 -0.6944078982040721 -0.017890652566726978 -0.958061818580262 0.2860025809838303 0.07609796978796178
0.9949311054705474 -0.00038927158714581066 0.10055816145283884 0.015709753659275585 -0.09649041255340388 0.2778708351743972 0.9557601159520963 -0.7092440669392366 -0.02831423056376631 -0.9606183672130728 0.2764247762420474 0.09579959824238919
0.9949773068941334 -0.010567771194612743 0.09954135310344686 0.016788828758415454 -0.09274128925562526 0.2769236145016233 0.9564059624440706 -0.7230080357141383 -0.037672430674057095 -0.9608338222311547 0.27455264344706654 0.1151969200935617
0.9949243204423655 -0.015939038385150237 0.09935564225368847 0.019144232973983218 -0.09137432051341338 0.27045016302280867 0.9583879396526525 -0.7329274619065722 -0.04214653180273035 -0.9626020238791774 0.2676210258569136 0.13207625079304483
0.9946613476533315 -0.01602338759372627 0.1019414269787737 0.019406861519863663 -0.09304627215546958 0.28791548455996346 0.9531248947481016 -0.7389534050532038 -0.044622804959101925 -0.9575217620506691 0.2848874873997759 0.14102062830944584
0.9945597286743679 -0.008116637196229204 0.10385117380068863 0.0193909871519119 -0.09719121511999923 0.28641333358552606 0.9531638212017556 -0.7505599720068282 -0.037480845810287024 -0.9580717731699676 0.28406630150775164 0.15224155429457537
0.9945189822821892 -0.00418729416290657 0.10447229512162634 0.019244788243008987 -0.09847687050148095 0.2982339982970577 0.9493991722326248 -0.754972269634448 -0.03513260389754663 -0.9544836032260264 0.29618702084330517 0.15600591893073784
0.9943512475306281 -0.0015170868428285489 0.10612867181767287 0.019284567096388268 -0.10078195440371884 0.3001689307546047 0.9485471051435517 -0.7576661890038484 -0.03329555827492939 -0.953884852305111 0.2983204557887547 0.15833004816500054
0.994117920902307 0.003280361364128621 0.10825339980889037 0.01937983905917483 -0.1041613641116261 0.30273399477290786 0.9473661059143135 -0.7588208743511494 -0.029664281000363637 -0.9530694453386659 0.30129497638455904 0.1565412655017325
0.993730390858796 0.006351888490681475 0.11162241619054401 0.019843162290861145 -0.10837840813431542 0.29993823773216044 0.9477822398612489 -0.7593279462658525 -0.027459623702546395 -0.9539374754451796 0.29874614977834424 0.1528708896167057
0.9934272973089586 0.010266962816834101 0.11400348431484054 0.019952527007080827 -0.11193579769119737 0.29534272945068335 0.9488113876613539 -0.7586548482640403 -0.023928688987121142 -0.9553362034567374 0.29455077017081077 0.14758084176132566
0.9930931816380436 0.013878431725304572 0.1165045995523874 0.0195238730553315 -0.11537180079263955 0.29609426093129854 0.9481653527868544 -0.7573043190259339 -0.021337295186605227 -0.9550578923690379 0.29565037131335375 0.13778241215249099
0.992316231612422 0.01842793887461296 0.12234748688609873 0.01708739578822445 -0.12232708294997596 0.2944795491484291 0.947796328284878 -0.7566801888347333 -0.01856289997444124 -0.9554800919967754 0.2944710725052054 0.12990816707819694
0.9893529923173213 0.024200648439362437 0.14350953002454356 0.010129722031659513 -0.14481979307508386 0.26139724456788466 0.9543053536819419 -0.7595398071015108 -0.01441818734938556 -0.964927877692124 0.2621188789960101 0.13325229176860004
0.9875481090739843 0.026865721628049146 0.155006339437427 0.007026540361975623 -0.1570237252844051 0.22849945608110991 0.9607973502609451 -0.7616156854746785 -0.00960635009749404 -0.9731732793146528 0.22987276146982366 0.1358057757701254
0.9857388000209916 0.030378640794336616 0.1655178428951183 0.004725558459594668 -0.16823689199640965 0.20081027372337742 0.9650759463060611 -0.7635761120269573 -0.003919987825781274 -0.9791590126994821 0.2030572863622831 0.13575231200565502
0.9825611508892272 0.031126773838085032 0.18331587141777655 -0.0015484467843112151 -0.18592623947725595 0.17634891190401877 0.9666087599148495 -0.769045965406741 -0.0022401421994764767 -0.9838354462107446 0.17906087384524957 0.13453132639259904
0.9836074447704181 0.032188913824087464 0.1774267973532275 -0.0005900657093937678 -0.18023998884944342 0.14564264134461827 0.9727804312596569 -0.7696598180082197 0.005471838059739417 -0.9888134782905125 0.14905691577132343 0.1373801444076991
0.9845698141699033 0.03801721372859221 0.17081268244994463 -0.0005833933651848283 -0.17480245396679814 0.16821902866805136 0.9701270331668791 -0.7702452091512626 0.008147583237880377 -0.9850162688272136 0.17226888004828278 0.11888818235530937
0.9865044608915529 0.0197783896795797 0.16253542365508547 -0.000660419689839333 -0.16363766207160285 0.15321053892920844 0.9745507920641031 -0.7704131283500566 -0.005627094525291495 -0.9879956204673664 0.15437936955596943 0.11913836629901751
0.9882161384288294 0.01683937408729891 0.15213579207126007 -0.00033915994485304835 -0.15273866569626346 0.17334493719133684 0.9729452362550864 -0.7708882791348847 -0.009988180521387596 -0.9847172021603318 0.17387428797666385 0.10025387705761155
0.9897824218906455 0.011798174572322458 0.14209701050000298 -0.00013306821188697177 -0.14175457325672824 0.1888829667885625 0.9717143951892259 -0.7708227811795165 -0.015375248846140437 -0.9819287285408775 0.18862548552358033 0.08252469990941477
