1.0 0.0 0.0 0.0 0.0 1.0 0.0 0.0 0.0 0.0 1.0 0.0
0.9999951422155079 0.0030973483350455167 0.00034925445949273343 -0.000744515628045985 -0.0030975704545758488 0.9999949994757095 0.0006372447370455162 0.00016592988625369 -0.00034727894411203195 -0.0006383234817427621 0.9999997359701989 0.03646457020395792
0.9999828112155127 0.005859135079304587 0.00021865416209416587 -0.0008771436098835895 -0.00585916286671709 0.9999828269363649 0.00012666040294458743 0.000396152738441959 -0.00021790828672228472 -0.00012793935615340737 0.9999999680737494 0.06913901373150527
0.9999646951036276 0.008381142945740326 0.0006041433869473061 -0.001422628690206333 -0.008380635664193285 0.9999645312512934 -0.0008373680464171662 -4.703154414216113e-06 -0.0006111400600325594 0.0008322753776101307 0.9999994669126193 0.10211206078129775
0.9999438175240181 0.010590682799455322 0.0004463556143700751 -0.001579701975968279 -0.010589708682056276 0.9999416567761287 -0.0021309889348083166 0.00039020654155997035 -0.00046889820040226453 0.0021261424346488964 0.9999976298236039 0.13352199368943518
0.9999457564274478 0.010412073698076407 0.00027004452428702855 -0.0009892178624581987 -0.010411392341623898 0.9999428898359287 -0.002412462658983633 -0.0004940319182942616 -0.0002951478409991887 0.002409520258898329 0.9999970535455961 0.1635288053723564
0.9999426777021283 0.010701221243873509 0.0003537990774759701 -0.001164806496776431 -0.010700289501793433 0.9999395289826939 -0.002538145473852387 1.0737664261780376e-06 -0.0003809389391506936 0.0025342142289670765 0.9999967163164919 0.19386865397348232
0.9999346424642539 0.011410427568777226 0.0007162000993684253 -0.001814198194850779 -0.011409768316974997 0.9999344851595772 -0.0009179191710557232 4.538586648375938e-05 -0.0007266270278485305 0.0009096875009183384 0.9999993222406769 0.22343141770451208
0.999925666075345 0.012035632252719865 0.0019508664882741864 -0.0018376908265415341 -0.012039095233587682 0.9999259552630533 0.0017731827958278707 0.0005627012809950584 -0.0019293806608308144 -0.0017965376556318342 0.999996524965321 0.25515929973708723
0.9999360849750014 0.010968837749740027 0.0027405406924086526 -0.0017539722774175173 -0.01097884882974171 0.9999330140252807 0.0036650157833244966 0.0012584761577151722 -0.0027001561511415598 -0.00369486951572277 0.9999895284931846 0.2850659141180315
0.9999404572775016 0.01022511672350033 0.003811677800102703 -0.00257354920012972 -0.01024327036530474 0.9999361404406643 0.0047739347347838445 0.0014483242599186914 -0.0037626203481445036 -0.004812694527964551 0.9999813401556532 0.3133861088639295
0.9999308219361696 0.010900279150861511 0.0044198706417093135 -0.0022638726658584817 -0.01091742495211475 0.999932899259087 0.0038738626372223964 0.001098655321864206 -0.004377347880976715 -0.003921848256934513 0.9999827288167424 0.3395384352093536
0.999918704486431 0.011730529726427893 0.0049979086140743605 -0.001991820465125582 -0.011729453670595644 0.9999311776853869 -0.00024455941058501096 0.0018662291764185602 -0.005000433457871079 0.00018591679146348332 0.9999874804717208 0.3664730381041283
0.9998941733780834 0.013373095810567923 0.005727333847489338 -0.002338306240083937 -0.013345298586466629 0.999899114945313 -0.0048644565183064556 0.0034234997009312037 -0.005791808888186579 0.004787508749006555 0.9999717669563383 0.39099567947892083
0.9998984048171603 0.012348494840690769 0.007120022420429063 -0.0022864155695962005 -0.012290819517244351 0.9998917534785701 -0.008088082661911416 0.004848553446205718 -0.00721912734979126 0.007999750041146336 0.999941942414452 0.4140575119838567
0.9999151557569442 0.009547461555278532 0.008861561116208278 -0.0022763089605550473 -0.009437311231189757 0.9998787076205452 -0.012389802411452749 0.006424306326518199 -0.008978777438575647 0.012305121897797689 0.9998839760346143 0.43462691035826384
0.9999052742431956 0.008814062921754398 0.010571415962443575 -0.00255521257207182 -0.008655605013573571 0.9998508897451969 -0.014942515771718002 0.00721929522062809 -0.010701543930137022 0.014849598329597875 0.9998324691601894 0.4538812380808545
0.9998289663232912 0.013603336239027175 0.012529459049244943 -0.0030034849991348992 -0.013370780615445657 0.9997401707551139 -0.018461126841836466 0.007937578068063037 -0.012777336445142177 0.01829044071925887 0.999751068742446 0.4724862928466688
0.999709630852861 0.018731367097645384 0.015158821414920698 -0.003307196055098144 -0.018421668703603834 0.9996238338006485 -0.020318292740023877 0.0083008363292723 -0.015533708578793187 0.02003314214864691 0.999678636919606 0.4902988389076807
0.9996373841898567 0.019922529015751388 0.018116096921730482 -0.00321270047483884 -0.019553055321532807 0.9996017355974135 -0.020348174813312685 0.008741055438115522 -0.018514269028348528 0.019986571198097044 0.9996288105162285 0.5052384084598232
0.9996691600548402 0.015037700952455827 0.020867150867212792 -0.002623532061233603 -0.01459955437941661 0.9996730244215953 -0.020992790564951663 0.009155851240047239 -0.02117601112516159 0.02068119420744308 0.9995618363858144 0.5149237214346235
0.9996863890446973 0.010326087476988882 0.022814369949479052 -0.0014532017520691438 -0.009811827305915155 0.9996978113910134 -0.022539164690331077 0.010180685127900616 -0.02304021709300972 0.022308245503323304 0.9994856129924388 0.5227662499782361
0.9996680175279156 0.007606267027415648 0.024617055748297992 -0.0008797318354192347 -0.007061612483219847 0.9997300092389309 -0.022136898072342474 0.010512141978367657 -0.02477878852857813 0.021955712902023847 0.9994518289092378 0.5332692973543937
0.9996051763147137 0.008020954537841785 0.026928716514756604 -0.0007398303849342681 -0.0074254771351082 0.9997272877472444 -0.022140741244503007 0.01093966357122286 -0.0270989626027683 0.021932040986691752 0.9993921311497365 0.5415349518774801
0.9995345815940152 0.009314793233979771 0.029049179415003974 -0.0007678152750721149 -0.008597390643641392 0.9996573453830198 -0.024724010513994737 0.012195612238375125 -0.029269524625410537 0.02446275636112373 0.9992721693709973 0.5486777451172175
0.9994546346390366 0.011087631740509286 0.03110462539457116 -0.000804965328617948 -0.01022477950437959 0.9995622239824574 -0.02776354212509568 0.013509218494673993 -0.03139884046643393 0.02743036291469718 0.9991304659591419 0.5516750955051408
0.9993491078769456 0.013492779835013936 0.03345602304334002 -0.0008232237122531472 -0.012495845333456821 0.9994768612067239 -0.02983048376675999 0.01449355181970598 -0.03384101704965413 0.029393006050427148 0.9989949132805258 0.5542320686815865
0.9992300158556037 0.01751227265332125 0.035109766728444625 -0.0011997321869335262 -0.016393770331395302 0.9993567385947003 -0.031895976543864224 0.015460444483219298 -0.035645753008339165 0.03129583569552044 0.9988743419272458 0.5583217094687092
0.999151961198595 0.01958224444793335 0.036220079174168446 -0.0010126562578983427 -0.018311997038541132 0.9992168794724268 -0.03507561178151792 0.01677867501177722 -0.03687857369072323 0.03438260431917108 0.9987280947899535 0.5607323215787436
0.9990758574110218 0.02043949138181959 0.037810822927888864 -0.0008749247952977506 -0.018995808590584237 0.9990912730368979 -0.03815478210528822 0.018021597447463577 -0.03855632755361336 0.0374012744911809 0.9985562349071859 0.5659400724500278
0.9990651282912356 0.019065346881421474 0.038799252321509714 -5.5384530961577125e-05 -0.01746015248040521 0.9989942909678031 -0.041298301285872016 0.019591351377428137 -0.039547598002635964 0.04058225181072056 0.9983932433316016 0.5673621065343971
0.9990389511208433 0.018964719663453675 0.039515991085281615 0.00042713774083168047 -0.01724161731399721 0.9989046885496625 -0.04349884855833317 0.020658502402815592 -0.040297652236366166 0.042775724442605835 0.998271674757252 0.5703209023920985
0.9989150927133791 0.02059529435664906 0.0417668696431083 -0.0012841718093910628 -0.018665102604416575 0.998762975328404 -0.04608831802009911 0.021789692644881266 -0.04266440547093111 0.04525873356069711 0.9980638233811981 0.5700287953035209
0.9988241955811665 0.02243026405068877 0.04297801270710576 -0.0015483801735394073 -0.02027645601934646 0.9985478232764924 -0.04991102043713095 0.023461976697526796 -0.04403511840487392 0.04898089305429796 0.9978285325959937 0.5700197616650985
0.9988087415601863 0.02260240684436672 0.04324614419574114 -0.001100344102138231 -0.020273787403879355 0.9983595123210638 -0.05354678050407118 0.024810523468494033 -0.04438548554718542 0.0526062293164089 0.997628444517222 0.5712066802098157
0.9987720048999857 0.023223147364423286 0.043762628515131914 -0.000994797453980176 -0.020697780890967996 0.9981423720594438 -0.0573010206343457 0.02627588975269043 -0.045012043879973165 0.05632486596556189 0.9973973257331858 0.5720551141282557
0.9988452521781908 0.022746344192815453 0.042317443530403356 -0.0004048779099724896 -0.02015548644456978 0.9979540801743304 -0.06067462591223758 0.027491960682511075 -0.043610991358482815 0.05975163336068044 0.9972601585060256 0.5741850957931312
0.998950508023123 0.022837678600938258 0.0397029338521077 -0.00048126972895700553 -0.02031438618442351 0.9978171199176362 -0.06283566593285064 0.028441352126061737 -0.04105128785184078 0.061963179674666066 0.9972338522785479 0.5745672654156643
0.999082910988117 0.023098575502532828 0.036052639033283075 4.382735720949644e-05 -0.02074424564538292 0.9977108796003233 -0.06436363103301747 0.029025885493833347 -0.037456818392843004 0.06355671905396146 0.9972750524398891 0.5748100161946456
0.9991871371497097 0.024756377955358295 0.031814881818084395 -0.0001382308940904166 -0.022593129234205072 0.9975210478910637 -0.06664315062871883 0.03025712254440893 -0.03338585727480621 0.06587018115085952 0.9972695241353672 0.5757215458094239
0.9993748645630944 0.024489497046385846 0.025497933522383484 0.00015363198793754508 -0.022698531925342685 0.9974062417863786 -0.0683049448722979 0.030773171455609608 -0.027104551793582992 0.0676834793726543 0.9973386034301904 0.5779987361251591
0.9995381804153008 0.02441002390124414 0.018099078021001948 0.0006291389275043793 -0.023097893428387313 0.997316768970626 -0.06946761583042155 0.031349159396159856 -0.019746220176035844 0.06901748374964757 0.9974200086852223 0.5781553086080125
0.9996431718997163 0.02432885613662247 0.011028854580512632 -0.0006415050466527809 -0.02348966829964198 0.9972197883852557 -0.07071724779740643 0.031866634748997105 -0.01271866177895142 0.0704329497603964 0.9974354291033602 0.578322006341852
0.9996859916886046 0.024958091815307636 0.0022386769552253266 -0.0005434229886724207 -0.024730443329789634 0.9970657580751304 -0.07244500843245524 0.03270738336383398 -0.004040197307464888 0.07236689662411348 0.997369895815346 0.579664005475059
0.9996664714886229 0.024441963670233654 -0.008338836455354907 -0.0008274572229679077 -0.024991644982782776 0.9969570714648249 -0.07383776362631535 0.03314178674900328 0.006508722035909189 0.07402153786719141 0.9972354027356017 0.5811771980869364
0.9994923119923321 0.023023888980840963 -0.022023142473780098 -0.0005704970717221899 -0.024630514835864335 0.9968262447139518 -0.07570188629355343 0.0336993134422312 0.020210294583275674 0.07620589469115721 0.9968872582229045 0.5823669105676225
0.9989848903812426 0.023637166765815162 -0.038346748718267355 -0.0018423707917254446 -0.02657799841636894 0.9965921656839669 -0.07808754892760562 0.03474622051097852 0.03637030093574154 0.07902746133229109 0.9962087439714726 0.5839854982891397
0.9980056344144695 0.02502711062277974 -0.05795168169128143 -0.002575751098099238 -0.02957926876975371 0.9964297456414588 -0.0790748307614077 0.03528552596744457 0.055765764910195185 0.08063129500866119 0.9951827840799948 0.5877685578080291
0.9963923470900985 0.027292720707831616 -0.08035793711046427 -0.003613435018140241 -0.03363737697524449 0.9963314135269478 -0.07869079545677805 0.03587810805755957 0.07791545116669968 0.0811099366031037 0.9936550511388408 0.5926531575855805
0.9932766856075507 0.027582116297714933 -0.11243065724711623 0.014239128390966166 -0.03634978149663183 0.9963918261990228 -0.07669434183122 0.038081601093587804 0.10990959563944522 0.08026553148342219 0.9906953745940574 0.5696177965471555
0.9888895785626534 0.029081990798276006 -0.1457794197456791 0.02941249384751506 -0.04019502445774813 0.9964571315207114 -0.07387519915612403 0.038439348563086624 0.14311450457245398 0.07891402190184539 0.9865550241766845 0.5586090760676616
0.9840687377099022 0.031393332763701404 -0.1749947945512309 0.026124578102811657 -0.044459288866916906 0.9964670846756705 -0.07125111080831498 0.03887644169295055 0.17213974292849424 0.07789613479472676 0.9819878314360906 0.5649523428746817
0.9815922134656887 0.03203968582884354 -0.18828219511020874 -0.00048468408323356846 -0.04561478288900783 0.9966273814943069 -0.0682140310917829 0.042860424398722494 0.18546163496938792 0.07554681322061893 0.9797431607144256 0.5387874049457879
0.9769896527036164 0.033496142600957506 -0.21064004116246274 -0.020879542432092172 -0.048220763638730145 0.9967090593047088 -0.06515987303564258 0.04731851292998839 0.20776423287988108 0.07381774536505212 0.9753896472718259 0.5203807500077797
0.9715722701352073 0.035098517389253764 -0.23412692707460514 -0.04643435421570384 -0.050825611393777156 0.9968134172592721 -0.06147982106627953 0.05370781487828165 0.2312230116808663 0.07163173353318472 0.970260178313148 0.495841583472973
0.9642816629143653 0.03985319690339124 -0.2618636997823246 -0.06785670170919447 -0.05718142104696494 0.9966256300741263 -0.05888665864524276 0.0618236913640672 0.25863325318712904 0.07175706359607452 0.9633066823031554 0.47161290895937674
0.9550709762489903 0.04296161404039585 -0.2932468755943469 -0.08317931770727766 -0.06099679364564811 0.9967493236608086 -0.052632470459515045 0.06290565078982388 0.29003244903243575 0.06815486410202494 0.9545868703305547 0.4508400463339208
0.9471825092763209 0.04459708260141297 -0.31757895765377236 -0.11364080246000999 -0.06240877681888316 0.9969840350680657 -0.0461300162082057 0.06546864870922106 0.31456388651112593 0.06351325879563384 0.9471090894190467 0.42378386349118546
0.9326568791168077 0.04790111797419633 -0.35757045282422295 -0.1182139193293419 -0.06563372397892774 0.9971345712705713 -0.03761463882204393 0.06716102747280593 0.35474407692413346 0.05855023205655898 0.9331283460560872 0.4123661966579651
0.9131448355775681 0.051253945995589203 -0.40440022536825887 -0.12244784928277241 -0.06875105551543623 0.9972165080162195 -0.028853570064227896 0.0674257207079768 0.4017957212608547 0.05415043083687376 0.9141268671342352 0.42082031459008157
0.890522727104391 0.05591803207042625 -0.4514891429480118 -0.11977056485317254 -0.073664994436298 0.9970444994209963 -0.021811344961642255 0.06741887006116096 0.4489351190375502 0.05268244360037104 0.8920099881901747 0.41866068652258526
0.8657838199150355 0.05906343558514338 -0.49692040383768665 -0.12362455343409685 -0.07727455967945178 0.9968790822933086 -0.016147374783467516 0.06768232279004782 0.4944158367201405 0.05237944122392328 0.8676458808392938 0.4236623098956165
0.8377248266870861 0.06202673863824686 -0.5425585668349496 -0.1270177975815886 -0.08157944917563696 0.996594266522702 -0.012027527022521899 0.06802195594989414 0.5399647286853942 0.05433738701833495 0.8399318663723442 0.4279376113275354
0.8069116683030667 0.06425365578585181 -0.5871669500870396 -0.13215793883691287 -0.08412916487704324 0.996433168619766 -0.006574503134423655 0.06850600801787664 0.58465018872267 0.054702908446685024 0.8094391568450474 0.43381524989985476
0.7725452382290303 0.06824189659987939 -0.631281948449426 -0.13500520107358374 -0.08779704165808618 0.996138354909504 0.00023948752491774442 0.06879583184706335 0.62886050469539 0.05523967257902214 0.7755533793412439 0.4368842417075635
0.7365114233339941 0.06884832004836842 -0.6729122023897718 -0.13995341257705385 -0.08735302605104625 0.9961574225321522 0.006311764715488324 0.06910933972926006 0.670761039520231 0.05413223033106754 0.7396954302286345 0.44163025089613567
0.6980654575414695 0.06816364546308079 -0.7127821086591634 -0.14400054628627684 -0.08607274753641533 0.9962284130991634 0.010974108868412295 0.06933514841591532 0.7108418242611727 0.05369046815875502 0.7012996752529853 0.44507910212698354
0.6587907765594663 0.06639275620590042 -0.7493908957570543 -0.14911427050331985 -0.08237566430085791 0.9964750354373226 0.015866747656017952 0.06965771168572583 0.7478027565148234 0.05127870584922036 0.6619377098151016 0.4486694068333806
0.6173978699056094 0.06609725921465875 -0.7838692636915462 -0.15647042376566234 -0.07932421592668838 0.9966157254526873 0.02155839854977872 0.0701700377267282 0.7826413859512108 0.0488697053881517 0.6205515392710292 0.45334942315647686
0.5748587296022215 0.06765178853387997 -0.8154512103788231 -0.16616740175228004 -0.07930399432190884 0.996491090891351 0.02676531820765347 0.07095292921007802 0.8144005878464913 0.049282261335423606 0.5782066596234924 0.4586259807339637
0.5275460949385026 0.06685162602601892 -0.8468919516755452 -0.17412338838143657 -0.07869585306548703 0.9964580392561083 0.02963677971996645 0.07167962805522783 0.845873560542845 0.05101211718357924 0.5309384931185701 0.46282628177369534
0.478925243237221 0.06547113039458771 -0.875410842105022 -0.18965904042088064 -0.07450662499830032 0.9966483279829053 0.033776813944551384 0.07268337575559905 0.8746881582721521 0.04904733849798997 0.4821980758617076 0.46879204654027884
0.4278471163316103 0.06430137291397663 -0.9015609677044053 -0.19842249339817714 -0.07048030741751951 0.9968025067025643 0.037646897585575816 0.07334686823151274 0.9010989797536428 0.047435177588620134 0.4310110585751593 0.4722253607587077
0.3760929488335147 0.06309651366647491 -0.9244311352398559 -0.207939361034239 -0.06860437976962934 0.9968366000345178 0.040127695025378475 0.07416085949952422 0.924038707476118 0.04832828152087565 0.37923191359787206 0.4753576304231278
0.32441349279272913 0.06865525010714431 -0.9434205543270446 -0.2186398304705644 -0.0683523787062654 0.9964566822001293 0.0490105378863399 0.07489914152353849 0.9434425462206038 0.048585359229276655 0.3279567423446964 0.4769755482915868
0.2744443134786948 0.07339002753636605 -0.9587983222020263 -0.23205089728779266 -0.06533165887059797 0.9962025203541249 0.05755269576055521 0.07591782562404817 0.9593810990156224 0.04684487483494966 0.27819680902784394 0.4799958945513811
0.2271858674342303 0.07419460496270128 -0.9710209792958061 -0.24373073320230115 -0.05959946944998616 0.9962838292519736 0.06218066268789862 0.07680463275183881 0.9720259692412733 0.04374576740044993 0.23076356505113552 0.48228328212280647
0.18350011115483372 0.07510879892628122 -0.9801461000942749 -0.25636905234118235 -0.05787898234100613 0.9961724982895341 0.06550096987647502 0.0778525884311332 0.9813142883955851 0.044710423565879384 0.1871449850122274 0.4841173534235616
0.14364149830102743 0.07340375699700505 -0.986903748308092 -0.27367670056485704 -0.057896190803466384 0.9961606589272352 0.06566561273684726 0.0794121395733405 0.9879347908927417 0.0477056607163256 0.14733980751763784 0.4860361076360187
0.10821004150735711 0.06906718986221091 -0.9917259249417224 -0.2860636007810181 -0.06083952708350106 0.9961738912490787 0.06273858731215802 0.0808016249073477 0.9922646516233621 0.05354719113274053 0.11199803328881273 0.48708049476002546
0.07877229077986099 0.06889712793304113 -0.994508980335458 -0.3131175355896919 -0.06238951732985635 0.9959940167381788 0.06405830741673668 0.08355150369816715 0.9949384274077671 0.05700091564464048 0.0827551888586585 0.488976886569787
0.05727683919625547 0.07318974993990615 -0.9956719460723102 -0.337299489474637 -0.06403037460991719 0.9955252269543431 0.06949556550469103 0.08557181955234415 0.9963029031469304 0.05977276136533149 0.06170690544633928 0.49000362304558637
0.043665796504911265 0.078493577475338 -0.9959578588026281 -0.36306126961158086 -0.06319635654799241 0.9951292154441602 0.07565755143109688 0.08809076762953809 0.9970453945205567 0.05963726070681726 0.04841361792653688 0.4911090066077636
0.035762571362062574 0.0803539773715496 -0.9961246291554819 -0.3860606927957464 -0.0646231173945859 0.9948620249510738 0.07793204737753319 0.09028330317969854 0.9972687156367545 0.06158562844382364 0.04077154867552366 0.49178248525469803
0.031521564911100385 0.07715685296486785 -0.9965205522146111 -0.407180890782974 -0.06382221290367374 0.995136718271571 0.07503090754992073 0.09213980125666918 0.9974633407226736 0.06123505522365569 0.036292587757319236 0.4926099939512816
0.03251852853105955 0.07262723250836757 -0.9968288872220501 -0.42820504327954206 -0.056206647809907466 0.9959109074588286 0.07072677814310567 0.09395624911451717 0.9978894518152552 0.05372847943787684 0.03646769053760062 0.4935423544192851
0.03701993743883924 0.06896894232516003 -0.9969316973727806 -0.4548030311999505 -0.045778635765262296 0.9966852517660981 0.06725195476281541 0.09686823540351178 0.9982654159788863 0.04314850989891583 0.04005452975641478 0.49524795686451245
0.04220013173032617 0.06791658201333717 -0.9967981173585597 -0.49096950148334056 -0.045950245654268085 0.9967631033888977 0.06596886119105563 0.10023416741616321 0.9980519644819394 0.04301922372797731 0.045184317894452514 0.4972307791583482
0.04699402988087687 0.06556178026811066 -0.9967412974907942 -0.5295890628789534 -0.04763012836287188 0.9968557993414406 0.06332366217673077 0.10344038487632212 0.9977589548722149 0.044499081871563866 0.0499689872310468 0.4992652032834863
0.05029854875039295 0.0584262623112016 -0.9970237850051259 -0.5524962492618535 -0.044449627502557605 0.9974291640039958 0.05620759209548896 0.10514680184285541 0.9977445998894162 0.04149017554351234 0.052766265026819525 0.5006843050748947
0.050400077917062934 0.047027557885969615 -0.997621291345186 -0.5599440643225863 -0.04538051929646016 0.9979669018843501 0.04475121463976952 0.1055166225035761 0.9976975697145607 0.04301710755772371 0.05243174461173197 0.4991050965791241
0.050154673813334265 0.039104733487875194 -0.9979756151898306 -0.5856440585139253 -0.05407899246491105 0.9978736120736192 0.03638292045902064 0.10707805257790648 0.9972762762989308 0.05214474226601834 0.05216277010812033 0.5002613838342337
0.046525071674807975 0.0365638107012132 -0.9982477174793141 -0.5916475846054243 -0.05989514436790842 0.9976339618452722 0.03374981265211159 0.1074382761949844 0.9971198470529029 0.058219978700708726 0.04860498630066508 0.49886348439765343
0.04230971771298559 0.04305329807697934 -0.99817648805797 -0.6175617833761382 -0.07010910621478575 0.996736251900387 0.04001946243180222 0.10900004161725903 0.9966416612869519 0.06828804926384344 0.045190057699981585 0.49981568778367474
0.037179434830207095 0.051127319736807425 -0.997999843087281 -0.6581357649725967 -0.07564477302884633 0.9959689382710402 0.04820521043071548 0.11089964729739007 0.9964414473209774 0.0737012291334777 0.04089707673042491 0.4960373466457741
0.03225795686793305 0.06026534274837958 -0.9976610209295177 -0.6936750675419657 -0.07791060783092497 0.9952948303538824 0.057603279926144176 0.1134778156067356 0.9964383379849086 0.07587021243053127 0.03680148719309974 0.4971370989864826
0.03058336159151523 0.06996038139804521 -0.9970808407688933 -0.7336499890870384 -0.07974386136440215 0.9945384743480326 0.06733602019855901 0.11641504679848573 0.9963461118348692 0.07745171448151061 0.03599524073286841 0.49794517295550267
0.030158969800611928 0.07633960230703433 -0.996625657737232 -0.7693446544823508 -0.07898395443281511 0.9941433984802972 0.07375932619132122 0.11961734205652494 0.9964195760234364 0.07649293024617493 0.036011944402285306 0.4982860534078519
0.028518641632042825 0.07643904955799656 -0.9966663226888596 -0.8050919892217548 -0.07848985782753082 0.9941645512217447 0.07400126561268104 0.12241601351720513 0.9965069138233221 0.07611778239500987 0.034351912691854634 0.4995037172371751
0.02644621298370826 0.0733356766987601 -0.996956607050656 -0.842227983421106 -0.07986960632932343 0.9942721332656892 0.07101951137604004 0.12538782213782548 0.9964544363911605 0.07774833460870254 0.032152024227937163 0.5005466808725555
0.02343303628109886 0.06741372966029882 -0.9974498893999326 -0.8781458229721486 -0.08084541738109471 0.994583943226228 0.06532073457211515 0.12881827905829407 0.9964511585116107 0.07910858948212617 0.028756212737824006 0.5021061333248552
0.018811295052352413 0.062072849422658484 -0.9978943313512739 -0.9115948267861265 -0.08065253450048616 0.9949125564631843 0.06036699156440124 0.13091858274395296 0.9965647514622951 0.07934712569740562 0.023721926280525923 0.5028095439509447
0.0005586687131400905 0.058136250785282596 -0.9983085015334188 -0.9176937572652276 -0.08075051816179542 0.9950511469929749 0.057901370316807005 0.12594116905285402 0.9967341880892192 0.08058158110010333 0.005250436318696844 0.5342400485536667
-0.006415162173060073 0.05580616908618107 -0.9984210119915435 -0.957093955600968 -0.08192172177193419 0.9950560943870285 0.05614446121526419 0.12854851061172307 0.996618120042085 0.08215254417943745 -0.0018117087597468854 0.5338709657779788
-0.012668996412457608 0.05752548035254608 -0.9982636503650277 -0.9932152202790568 -0.08144860561664444 0.9949669162838441 0.05836917117554415 0.13115984063771738 0.996597020451601 0.08204666118023224 -0.007919862130769489 0.53319423644602
-0.01907780752579383 0.06196315191266002 -0.9978960893124383 -1.0307565308442619 -0.0831167785330584 0.9945246534324678 0.063342835753665 0.1337485187053641 0.9963571841394516 0.08415035068303019 -0.013823172343104609 0.5322046527167125
-0.025366683122280503 0.0642801577365463 -0.9976094389633344 -1.0671558133021133 -0.08570567825978255 0.9941164645283482 0.0662343692329555 0.1363752940377072 0.9959975241442149 0.0871809398608466 -0.0197082628248739 0.5310055681307861
-0.03024123624361034 0.0658935902520373 -0.9973682882436936 -1.099363579861735 -0.08863709155224632 0.9937168218271814 0.068339915268054 0.1387126718781132 0.9956048079592714 0.0904705077988489 -0.024210608976247387 0.5300584971184522
-0.03282475456995867 0.06673089760412988 -0.9972309275149713 -1.1348656885408577 -0.09375639291948629 0.993163260610234 0.06954478097438864 0.141458696762017 0.9950539052102401 0.09577956503865913 -0.026343892021786025 0.5282684198894326
-0.03545527387919394 0.0678052357310865 -0.9970683896110657 -1.18354544988305 -0.09754681250034111 0.9926967977981195 0.07097666526670908 0.14481993719026406 0.9945991870724487 0.09977734035746672 -0.02858215222852742 0.5267527565334644
-0.03747592227924094 0.06654101015561502 -0.9970796604167552 -1.2271724434516584 -0.10008172209424981 0.9925139472269551 0.06999795327449183 0.14826236605092363 0.9942732039796561 0.10241268733627516 -0.030535836661073106 0.5252068473062914
-0.03955346474934997 0.06537807998871509 -0.9970763411511238 -1.2744268437360289 -0.1006737297724667 0.99251888241233 0.06907291935830709 0.15150482895974335 0.9941329506459502 0.10311146741253725 -0.03267570547073177 0.5235870799788327
-0.04051034406092891 0.06387142066770432 -0.9971355743558424 -1.3171366555327455 -0.10173029343904069 0.9925052153020233 0.06770779124363145 0.1549932182695603 0.9939868507283542 0.10418176049660674 -0.03370906938725539 0.5213936297377668
-0.04164998860831449 0.06234390687408494 -0.9971852965846437 -1.361200149942778 -0.10446566601866568 0.9923092536497595 0.06640233237118673 0.1583738983123587 0.9936559782299929 0.10693728253855644 -0.03481687135662864 0.519266331512985
-0.04259149491524064 0.05945931689197626 -0.9973216904267277 -1.4007295237681314 -0.10916897636372472 0.9919734676684654 0.06380261782635682 0.16116753729613423 0.9931103157054515 0.11159403692195137 -0.035758520143869744 0.517287519556503
-0.043741235576156015 0.05433233713700404 -0.9975643846145987 -1.4518881466999969 -0.11454183520073513 0.9916628621572807 0.05903334487284357 0.1645056217156453 0.9924549724290366 0.11684504678957493 -0.03715323325932727 0.5152183325094172
-0.043144892226772064 0.053233548307390514 -0.9976495915948375 -1.4974029423618758 -0.11530278244445531 0.9916415312985334 0.05789941074367727 0.16766210884555738 0.9923929597872548 0.11752983765198398 -0.03664629075623099 0.5134663007905329
-0.06571965667601183 0.05643924252114085 -0.9962407031586432 -1.524662328336586 -0.11508721342138026 0.9913075411789315 0.06375180082696834 0.16357360009295632 0.9911790252185977 0.11884431288630577 -0.05865295611724719 0.5651318371412988
-0.06517446680660487 0.05866117596926948 -0.996148159316865 -1.5717230256285522 -0.11515258697142197 0.99115936358259 0.0659014240843388 0.16684015655599152 0.9912074306573085 0.11900412772864556 -0.05784329687421989 0.562649375946216
-0.06343435682310089 0.05808990936119056 -0.9962939550177193 -1.6155994552741393 -0.11242519203302215 0.9915338664256641 0.0649705158307397 0.16979786187415324 0.9916333286909919 0.1161299020983888 -0.05636654386991967 0.5598390620246275
-0.06101811344521542 0.05695308313634266 -0.9965104797004659 -1.6640881534369096 -0.11185648615932002 0.9916917190922552 0.06352685092099358 0.17294634460587632 0.9918492407294952 0.11534244927654154 -0.05414058606267895 0.5568611057456705
-0.0572678935311542 0.05692054573194363 -0.9967348894485851 -1.7127048223359864 -0.11599052475591387 0.9912330822953721 0.0632706466701942 0.17629512574432882 0.9915979964367375 0.11923517952681957 -0.05016358665260598 0.5538948284302755
-0.08669756491800491 0.0543792659965811 -0.9947494295886588 -1.7501201041163168 -0.11791523395143419 0.9909301337128674 0.06444740260071183 0.17594422489134623 0.9892317877219006 0.1228835445837692 -0.07949908572468244 0.614597215074623
-0.08098462181351995 0.053461523221227214 -0.9952805416386818 -1.7957378063793399 -0.12057273196722866 0.9907017148989444 0.06302641035510562 0.17909011374780834 0.9893956273077419 0.12510786398606594 -0.07378560180118184 0.6105837153335951
-0.07084977138224813 0.053093633819257496 -0.9960729772175076 -1.837709310420243 -0.12111632111988581 0.9907360507711924 0.06142405441426636 0.18070614242070418 0.990106633981143 0.12499257478013268 -0.06376291709421487 0.5974574274343427
-0.06503419252754183 0.0519652342040915 -0.9965290604073742 -1.8827188922618798 -0.1190814869084841 0.9911028536549883 0.05945362018081033 0.18368189613884245 0.9907523168168502 0.1225346804421176 -0.05826747644262313 0.594610650973888
-0.059493477193313354 0.051002912719637 -0.9969248863708646 -1.9314004663644087 -0.11688216238913247 0.9914683019588488 0.05769892829227757 0.18705002459664807 0.9913622376743483 0.1199554463329967 -0.053024566083665806 0.5915273193998939
-0.05411092413762511 0.05129159776690645 -0.9972167166105317 -1.9789254190447014 -0.1152591221438647 0.9916836646455301 0.057261191376327764 0.19000560329656818 0.9918605459698457 0.11803677932630617 -0.047749095014185755 0.5890552226054551
-0.04857344675403288 0.05214892479572254 -0.9974573223517297 -2.0279848847497015 -0.11506706490518825 0.9916949835764295 0.057451110724247 0.19268763139771442 0.9921694365603797 0.11756508491892065 -0.04216941976678526 0.5867830816782144
-0.043288457559688326 0.05281423772788013 -0.9976656582920579 -2.079608734327081 -0.11535299736444725 0.9916588508319675 0.057501387510723145 0.19563195257351865 0.9923808721660969 0.11757287042443909 -0.036835101452498714 0.5846274595517552
-0.03742735271473824 0.051446185696134794 -0.9979741896692943 -2.1268661929800907 -0.11389013775049413 0.9919471401966141 0.05540674669146367 0.19873578368727937 0.9927881092115988 0.11573314578406556 -0.03126674231484351 0.5823685653216846
-0.03109613225434326 0.046486993057661366 -0.9984347700452328 -2.1692855933574817 -0.11202658293666092 0.9924616664644502 0.049697940743473 0.20142268689799753 0.9932185435614649 0.11339664931144025 -0.025653940254493572 0.5805513285234037
-0.027141309549874225 0.040810682884273815 -0.9987981965734802 -2.2181411698321316 -0.11078964845876996 0.9928879373392282 0.043579785229331376 0.20409866519647527 0.9934732020091439 0.11183931352065013 -0.022426877645548248 0.57945699102409
-0.008501895695312749 0.03922506696935132 -0.9991942313138297 -2.2476742350898897 -0.11195547655870218 0.9929106137849351 0.039930994249290926 0.20879534320793386 0.9936768534277636 0.1122047554895577 -0.004050161407566915 0.5554387349814963
-0.0057162285619668535 0.04113586146626904 -0.9991372106134646 -2.294366359544202 -0.11097062133532064 0.9929561527876339 0.04151625996683806 0.21034171296532064 0.9938072478763077 0.11111219349201774 -0.0011110922152690217 0.555946565317419
-0.0038816876585233903 0.04064319986915945 -0.9991661837779122 -2.3401465015728893 -0.1111377571433269 0.9929662133192946 0.04082276501526025 0.21205925306314125 0.9937974297803727 0.11120354990167473 0.0006626093810149664 0.5557935677299187
-0.0031657653599326996 0.04006053628891311 -0.9991922394424058 -2.3962213296213912 -0.11235129781176922 0.9928565659739218 0.04016248600973582 0.21448950310798146 0.9936635063288272 0.11238768987177462 0.0013577023191537318 0.5557531410297527
-0.0021590823455401287 0.040383499342454256 -0.9991819210455536 -2.4399606323898038 -0.11331751424910486 0.9927384200279401 0.040367937336855154 0.21652360385945288 0.993556480190146 0.11331196927635159 0.002432753765746402 0.555436666765851
-0.0014672497383028582 0.03982134957522154 -0.9992057382222208 -2.4957773187241323 -0.11418365299699153 0.9926649745134888 0.03972834960574674 0.2185367431181458 0.9934585751637914 0.11415125269632553 0.0030904597376925067 0.5552424545202282
-0.0006475522782488756 0.03726268715739068 -0.999305295103482 -2.553424834198677 -0.11451909768516674 0.9927283544326767 0.03709165095764767 0.2207195102769811 0.9934208357697278 0.11446355949033617 0.0036244458029947545 0.555143860153994
-0.00030814683159992616 0.035608147719995015 -0.9993657813140697 -2.611006853670675 -0.11231460878612601 0.993041305320691 0.03541743328075231 0.2225708474147477 0.9936726491650819 0.11225429053237423 0.00369331264888832 0.5554055667253966
-0.0009614839430034531 0.035512846998746295 -0.999368757389719 -2.659124014098409 -0.10870895136280394 0.993442861166285 0.03540685655834929 0.2227845044456266 0.9940731559811021 0.10867437276463239 0.0029053849978395887 0.5587044769234827
-0.0008977895039232413 0.035751961977735544 -0.9993602909805599 -2.7085655515345373 -0.10782012359695405 0.9935313735930671 0.03564029508588816 0.22452099139835652 0.9941700130870704 0.10778314757425131 0.002962798920243724 0.5585684366710432
-0.0016765078701896608 0.03800243624526409 -0.9992762401662445 -2.7292280757811005 -0.10865578079984643 0.9933544160359563 0.03795952371458606 0.2242475085699801 0.9940780203888117 0.10864077955024898 0.002463817886154548 0.5619071563326421
-0.001793818884099245 0.041179702336189304 -0.9991501460387793 -2.7789666717701986 -0.110299126152434 0.9930471986646173 0.041126195962738706 0.22616492218535864 0.9938968180771183 0.11027916095009833 0.0027607383651334794 0.5618711609630539
-0.0016516151820618235 0.04082590879994925 -0.9991649099813046 -2.838647706090242 -0.11245671412607183 0.9928205857499439 0.040752569969334726 0.22836624908552333 0.9936552518933602 0.11243011020983444 0.002951390002365754 0.5618221484580787
-0.0014509201267262632 0.03805679507377664 -0.9992745244323495 -2.887865244879956 -0.11379692137294119 0.9927780163388533 0.037974609416462746 0.23026485769097002 0.9935029720724677 0.11376946261191341 0.0028903045114401903 0.5622172389915239
-0.0013376761391837764 0.034930858819441336 -0.999388836101686 -2.9374121498995747 -0.11382755619502338 0.992888888401614 0.03485602873645715 0.2323222620120674 0.9934996215767854 0.11380461497998674 0.0026479305203357733 0.5620993596114222
-0.0015147756998393853 0.03378143031274293 -0.9994280966735949 -2.979157868592347 -0.11173407008987522 0.9931652286603679 0.03373908951277045 0.23347445366277858 0.9937369888636178 0.11172127615644224 0.0022701141480010365 0.5623852841717721
-0.001541336419296115 0.034729209178308254 -0.9993955704884289 -3.025104120623174 -0.11028486299569436 0.993294538991252 0.03468728591541672 0.23505902763523773 0.9938988244665871 0.11027166834688357 0.0022991050281443294 0.5620379342101027
-0.0023545467325190444 0.036793165186894794 -0.9993201284399381 -3.064611216534735 -0.10974563582051983 0.9932771525150892 0.03682925073724271 0.23531610046066637 0.9939569163339196 0.10975773907586446 0.0016991718333457877 0.5661127654204509
-0.002019286078283817 0.03849815720945935 -0.9992566308887872 -3.1094593923557685 -0.11125575602532226 0.993046403719539 0.03848372137571166 0.23667387560657305 0.9937897560525413 0.11125076157565857 0.0022778968078002583 0.5658313708663689
-0.00204421438760539 0.038230720643331585 -0.9992668478372678 -3.155256218383574 -0.11310030009936907 0.9928483364379438 0.03821652718181914 0.2380480453376635 0.9935814729074669 0.11309550314445073 0.002294311123720249 0.5656404029364606
-0.0023681709543305262 0.03547171150829126 -0.999367874933452 -3.197668610559642 -0.11280861512699457 0.9929819173491516 0.03551236644790772 0.23945672883665872 0.9936139130061847 0.11282140532838779 0.0016499637165937465 0.5657160650682946
-0.002371331841001782 0.033669612486050875 -0.9994302046568029 -3.24319121967196 -0.11038817909951115 0.9933161817282415 0.03372555458283302 0.24135221497355933 0.9938857211472528 0.11040525491055064 0.0013612449234076606 0.5656900483250413
-0.002165942446498918 0.03366620386923569 -0.9994307857027186 -3.2966731972240475 -0.10961012896528194 0.9934031820109709 0.03370070620462359 0.2434264871147449 0.9939722975624287 0.10962073110279025 0.001538502829474577 0.5654779628712809
-0.0019017829135219285 0.03555634473243211 -0.999365863721099 -3.348309077533102 -0.10730538715057224 0.9935901530028234 0.03555505230329643 0.24532636978195904 0.9942242891371222 0.10730495890261495 0.0019257945611492544 0.5653803544352795
-0.0016638770340842023 0.037634784087690346 -0.9992901753444234 -3.3911428494762563 -0.10653199606042157 0.9935981780803732 0.03759779688684557 0.24664629568559365 0.9943078825638452 0.10651893513377925 0.0023560834805496094 0.565038800171984
-0.0016076383298501925 0.0385959043609707 -0.999253607281735 -3.435158277024742 -0.10723768376262463 0.9934859392251165 0.038545657903505344 0.2483741691604304 0.9942321130803545 0.10721960981343406 0.0025417693103295716 0.5649413934491613
-0.0018958123327693268 0.03954019491269267 -0.999216182255805 -3.4855075482948723 -0.10956302484304188 0.9931943018428546 0.039509775678003276 0.2500879254319927 0.9939780427569016 0.10955205052005601 0.0024492333512489747 0.5657597357277977
-0.0015832639516857093 0.03822166088725585 -0.9992680310678813 -3.5363081495289754 -0.11196343826602587 0.9929794135687028 0.038158520940989475 0.25209515365599927 0.9937110655351022 0.11194189951833529 0.0027072800589067166 0.5653420534914866
-0.0018114363418267306 0.033603797390421734 -0.999433591340277 -3.5917898494418483 -0.11417828081598493 0.9928922288971035 0.03359080209889825 0.25431807284094937 0.993458624648397 0.11417445684864924 0.0020382627479862965 0.5649650438471191
-0.0019502519571254506 0.03133933156214085 -0.9995068998333844 -3.6407211045281747 -0.11638175365800926 0.9927095540753308 0.03135328791441406 0.25570833714603597 0.9932026399143273 0.11638551260700483 0.001711292614980025 0.5646848702318807
-0.0018329752954864755 0.02900407627321117 -0.9995776126750264 -3.685480899812934 -0.11791722328869952 0.9925993624607694 0.029017823735700304 0.2571555637371794 0.9930217362442013 0.11792060550222166 0.0016006700284853315 0.5640832569052097
-0.0014049913154852572 0.02855085850605029 -0.9995913537431045 -3.7354974403768586 -0.1170048300701446 0.9927217789717654 0.028519104042535326 0.2587913670062831 0.993130351836887 0.1169970855778024 0.001945822869709606 0.5636805803366438
-0.0015600450250479064 0.030066009525200152 -0.9995466979239898 -3.7803725744735 -0.11745855038554102 0.9926233034003352 0.030041080006083323 0.26012705752659543 0.9930765605938173 0.11745217161821613 0.0019829728484924204 0.5635704937033121
