1.0 0.0 0.0 0.0 0.0 1.0 0.0 0.0 0.0 0.0 1.0 0.0
0.9998055147205177 0.0015206829490397584 0.01966266151386988 -0.006588163050749422 -0.0016958455969546687 0.999959002600579 0.008894786437376125 -0.0014735249572580761 -0.019648329245811447 -0.008926401370302622 0.9997671041379709 -0.001981738317284295
0.9997995693652574 0.001818776570018674 0.01993773178759181 -0.006197425074326847 -0.0019929734074248073 0.9999599882827755 0.008720658834576117 -0.0021503915417998413 -0.019921073114741963 -0.00875864631664756 0.9997631904409446 -0.003557925483262601
0.999373376558837 0.0008522296781300858 0.03538541973700946 -0.011598186652583494 -0.0014765451569652636 0.9998436493546167 0.01762091540307385 -0.0059429487110468915 -0.035364870136734075 -0.017662121894567392 0.9992183822420369 -0.005384588466040447
0.9995650387828833 0.0003313015367593708 0.029489379143418874 -0.010751802396709503 -0.0006667987308941018 0.9999351624272459 0.011367775554187125 -0.001812615971172809 -0.029483700962142537 -0.01138249449328385 0.9995004503234028 -0.007788071627704132
0.9997256761082438 0.002583305928549414 0.02327872548903326 -0.009144810291811481 -0.0028426150506606516 0.9999342068784074 0.01111312080941762 -0.002660131252037973 -0.023248485318144965 -0.011176244670302975 0.9996672443795893 -0.009631835271551446
0.9992337600917303 0.006621254655996569 0.038575272905354334 -0.01441511337251718 -0.007184345405317043 0.9998693936596682 0.01447690587608782 -0.005420942198574577 -0.03847437944969638 -0.014742951177713738 0.9991508232076539 -0.01257677343864078
0.9990741511684599 0.00913261123976114 0.04204088342274301 -0.016070538457526984 -0.009849237626776426 0.9998091713580377 0.016870488627358828 -0.006399540482121458 -0.04187878920399406 -0.017268939756045865 0.9989734484632261 -0.014359972187715215
0.9980561518724942 0.011141714113848837 0.06131704425421882 -0.02183704235519765 -0.012589972920148481 0.9996496188071238 0.02328373253244651 -0.009033791954353332 -0.061036139223729524 -0.02401045241926612 0.9978467256464212 -0.016251538841613303
0.9972372251766672 0.00883956669808228 0.07375485599288446 -0.025999121813677695 -0.012087144931741851 0.9989714646688925 0.04370255947524103 -0.014625488160738533 -0.07329268482829675 -0.04447330477801337 0.996318376580891 -0.018318944330396426
0.9969269336674249 0.011656163453692121 0.07746497777710037 -0.02801035845356823 -0.015239392127381964 0.9988331364273745 0.0458271371813961 -0.01504388705109934 -0.0768404181147769 -0.04686682652148983 0.9959412887895304 -0.01985805922072649
0.9953238833618697 0.01778512756731694 0.09494238488083956 -0.03325963488079317 -0.02201370074908505 0.9988030853060478 0.043678298529706956 -0.01516307597969707 -0.0940519228340226 -0.04556408696039821 0.9945240820566833 -0.021867863558502457
0.9931785374036748 0.021146432649507208 0.11467005374943003 -0.03844637725446838 -0.027047286007214517 0.9983753899984232 0.050150024577673306 -0.015980558038883617 -0.1134232655161244 -0.05290944180103542 0.9921369632303604 -0.023799964391608322
0.9919992026369759 0.021132079196058737 0.12446291494439343 -0.04084203273129466 -0.028770916983548514 0.9977896558465282 0.05990022555544846 -0.017865142158560686 -0.12292199275772246 -0.06300188818217549 0.9904145322954176 -0.025198669092429554
0.9905100705710402 0.025314103313206382 0.1350888458415461 -0.0446418648761991 -0.0346626635959834 0.997130096220102 0.06730580186375702 -0.020158470298029973 -0.13299736783028596 -0.0713496137728856 0.9885448562228604 -0.02667201169960663
0.991471093241734 0.026872952410729435 0.1275261373004419 -0.04145121285451359 -0.033651460554841764 0.9981161574816647 0.05130024733433666 -0.013048476257899837 -0.1259073090355219 -0.0551541530872233 0.9905076319386261 -0.030982392147452877
0.9900756374812911 0.026393960601206863 0.1380347452991326 -0.04374699465290462 -0.03476025025935719 0.9976788431222154 0.05855468374286012 -0.014542007591300733 -0.136168854984983 -0.06277168812531211 0.9886949772816577 -0.032876679120081735
0.9894221997985925 0.026714067875693467 0.14258355137688986 -0.045319416313277766 -0.03418453599932007 0.9981538099409646 0.05020347795571007 -0.012440513671458703 -0.14097917592405107 -0.05454658814143302 0.9885087463841201 -0.03557273128749434
0.9878803164625249 0.03076486948821758 0.1521381055201931 -0.04916815436645453 -0.038012963879605996 0.9982651143218199 0.044964164677365734 -0.010283271148704563 -0.1504908466418747 -0.05020243354079999 0.9873359209223544 -0.03799276240224503
0.9865668805561525 0.03324460812896983 0.15993932043138265 -0.051159509894706606 -0.04168929374716661 0.9978919421434846 0.04973604921953734 -0.010905783549604618 -0.15794870362419478 -0.05573569624089238 0.9858730847264163 -0.03935994178949784
0.9837172845854575 0.035843186003584014 0.17611237896560672 -0.05563080070682999 -0.04527225849540241 0.9977318215909855 0.049816009429304225 -0.009804260938029493 -0.17392736017814583 -0.05697787466944997 0.9831087402620395 -0.041317719220985434
0.9825328417994004 0.03631345930128704 0.18251177348096506 -0.056776981227598604 -0.045670970615543066 0.997834641611184 0.047330650150990895 -0.007568342787288324 -0.18039783044323882 -0.05483940804070616 0.9820637770008209 -0.043777676704656106
0.9791125630824824 0.034967495144839905 0.20028944829258113 -0.06182061440309706 -0.045562346505412826 0.9977818290695728 0.048533433419654215 -0.00787077676932669 -0.198148079463243 -0.056645351635195254 0.9785339251876523 -0.04511886304336266
0.978745400584445 0.0318457963014071 0.202591426503498 -0.06260205939475617 -0.04547363664872098 0.9969787920093885 0.06297171312138336 -0.011892986436046579 -0.19997397131810205 -0.07084584350144331 0.9772365513292245 -0.046820269215916234
0.9787628818237689 0.03477761630517732 0.20202410392861428 -0.0628603771081297 -0.04638893458331967 0.9975150567346965 0.053026204237159716 -0.007831399065116583 -0.199677960507048 -0.061271763412736525 0.9779440081599965 -0.05047584133979107
0.9778593029550616 0.033486250235647094 0.2065668285795063 -0.06450084220677788 -0.045292923521407506 0.9975830363305156 0.052693801385689534 -0.00838461088633609 -0.20430304624044032 -0.06088313946197418 0.9770125427168939 -0.052193875228548944
0.9753086639278912 0.03247610108288396 0.21844521721851565 -0.07022303227166458 -0.04548830811823278 0.9974604828034622 0.05480327608844434 -0.010319221933249275 -0.21611067509896625 -0.06338681332848221 0.9743091336964512 -0.053476807275591565
0.9789927104009385 0.040481605091238895 0.19983621451343478 -0.06602520440002328 -0.0435096972156891 0.9989948152174348 0.010782644243591289 0.0054656469681623795 -0.19919884344549207 -0.01925094329953165 0.979769984206526 -0.061481969438546544
0.9768421576235258 0.042734710416873545 0.20965005035773088 -0.06769756407595239 -0.04638059031411772 0.9988455985170821 0.012502446367300525 0.006976625639345628 -0.20887374160369504 -0.02193660977998242 0.977696550684226 -0.06297965973150178
0.9747982020721476 0.04217379322374629 0.21906582664128 -0.07023248238380703 -0.04518311877658952 0.998940460674735 0.008743100398028112 0.006166354764472354 -0.21846498807481102 -0.018420835813558904 0.9756709085513425 -0.064688588755545
0.9663363846974582 0.05261736959380278 0.2518440073276969 -0.08215481210654177 -0.05413659400397514 0.9985331360090363 -0.0008974862725906594 0.009193999522959321 -0.2515218097889182 -0.012766703137062938 0.9677674258268443 -0.06616088658051353
0.9617394696280687 0.055737502127944 0.26823594728532674 -0.0867382566184654 -0.054665840998928836 0.9984388442145704 -0.011468225292253987 0.01598179085569149 -0.26845639941599286 -0.003633898734349297 0.9632849819199865 -0.06813097895409916
0.9609644057508774 0.05327364578510458 0.271494621575869 -0.08687044400044117 -0.05385882625835753 0.9985344899446832 -0.005300870210125112 0.014973646650100477 -0.2713791401599122 -0.009528434062097968 0.9624253587839373 -0.06990185797676376
0.9577930065759923 0.05367546671190152 0.28240308218462973 -0.09006854514177748 -0.05468360902771182 0.9984944007013458 -0.004316789520695893 0.012640230572356297 -0.28220960199437517 -0.011308228920622122 0.9592861223330893 -0.07156843115484582
0.9572194350953293 0.05546908954876307 0.2839967133267711 -0.09087779082711199 -0.05048893451759455 0.9984158628649815 -0.024832081484519715 0.016960722656439824 -0.284924236538514 0.009431059548485624 0.9585036434718116 -0.07540729207727981
0.95712621217199 0.057144934075919744 0.2839786444131947 -0.09186679625799375 -0.045397000917259324 0.9978254733049025 -0.04778532339084103 0.02344623915814293 -0.28609181442504666 0.03284480679358131 0.9576391242977059 -0.07853434135543097
0.9595507334505333 0.05442621437794869 0.2762248669526823 -0.08997118433603549 -0.043362606683816876 0.9979994468627238 -0.04600856880281603 0.02535146632879217 -0.27817633665739094 0.032169725677792534 0.9599911637477136 -0.08146858001029765
0.9586923603499566 0.05656887871483584 0.2787631972975864 -0.09030013622760914 -0.045122566986315844 0.9978604176390943 -0.04731322074958582 0.024629999142724155 -0.28084321632397036 0.032780312232798904 0.9591936921053682 -0.08340278903047645
0.9527196091426934 0.07016113757271088 0.2956395797749259 -0.09598529722004903 -0.04883502466716152 0.9956839770561353 -0.07892121514166173 0.03309020107613137 -0.2999007947984624 0.06075222307193248 0.9520339703346037 -0.08669520938059898
0.9513672774250534 0.06373809615375448 0.3013930300181712 -0.09709090888357598 -0.04791126933514256 0.9970704728129871 -0.05962367411677374 0.029909621941789928 -0.3043103904166517 0.04228388987761822 0.9516339942127346 -0.08765937130964564
0.9502402255107997 0.06071918187115704 0.3055432780705217 -0.09833260079061885 -0.04588930988506075 0.9974039483974292 -0.05549355781973669 0.029461257276324735 -0.308119595383766 0.03871104072634756 0.9505597142033888 -0.08897268638458883
0.9476749412622743 0.06266445959266159 0.3130261509962112 -0.10098672993118987 -0.04620611870930181 0.9971445664349009 -0.05973029568968125 0.029059575242421472 -0.31587529231860645 0.04214118096725002 0.9478643998849842 -0.09061044660036133
0.9450942944899939 0.0606459505743421 0.32112122820111644 -0.10405544014091118 -0.04409134274238634 0.9973083716773927 -0.05858297770993352 0.028980767388857496 -0.32380970957899413 0.041207771853421005 0.9452244133121217 -0.09219052585066607
0.9444774019400106 0.06148267744239102 0.322772857593635 -0.10640405922451705 -0.04337027072599411 0.9970696270648834 -0.06301728653194683 0.02851601457391751 -0.3257014842486907 0.04551965684416349 0.9443762512891725 -0.0940406656774181
0.9418894993567122 0.07409075638711311 0.3276503178993515 -0.10989525839946822 -0.05135603189060144 0.9956675494697619 -0.07751573337930885 0.031703045400978624 -0.33197398842381043 0.05618443512990062 0.9416138169436143 -0.09619621088327543
0.937107782656044 0.08175342728437819 0.3393307837681834 -0.11153544071264768 -0.07043016860134753 0.996475097313349 -0.04557380591017513 0.022918733852574945 -0.34186049060436496 0.018808443891259734 0.9395624765826555 -0.09720492665002535
0.9334329840868569 0.08289166385484303 0.34904417525877784 -0.11246484189004088 -0.07045392070654735 0.9963496826515468 -0.04820326687309601 0.02212863077092379 -0.35176570224480364 0.020402988593324137 0.9358657001838896 -0.09983929107438945
0.9243891278192194 0.0806017111779671 0.3728379065020154 -0.1201596951002291 -0.0683733860714139 0.9966020130291023 -0.045929377346873926 0.01743083697356671 -0.3752729945609609 0.016964426943635726 0.9267590775232385 -0.10081887613280499
0.9219615093574022 0.09002724237118453 0.3766723654510112 -0.12273867999788607 -0.07166334768368127 0.9954677338154723 -0.0625168419792378 0.021822468605386884 -0.38059340491157684 0.030644519303284982 0.9242345879561552 -0.10266461842459326
0.9180469998336978 0.09577611229744545 0.38472931056722554 -0.12445848479149677 -0.07739018796716873 0.9950064343282912 -0.06303137672387711 0.02342684973267544 -0.388845039704445 0.028091492635465305 0.9208748031837775 -0.10440593039643717
0.9125635319047098 0.09718039002819676 0.3972200549211583 -0.1270692758567164 -0.07810247092409812 0.9948908302573795 -0.0639706175156503 0.020688682162301 -0.401407279795908 0.027353384868257866 0.915491118505854 -0.10595010176541475
0.9197328455563211 0.10587594857999097 0.3779970586091356 -0.12145508744874654 -0.07382435342022918 0.992410418429193 -0.0983439181407786 0.02863664246516358 -0.3855404747195238 0.0625447432282075 0.9205686815482931 -0.11209462541365521
0.9180706820825243 0.11830515549059206 0.3783518374276438 -0.12236112715388438 -0.07653019201560728 0.9893690457040532 -0.12366091182223345 0.039148292784991545 -0.3889593197374002 0.08457411889578857 0.9173646308869885 -0.11515412427556784
0.9138328278368748 0.12119881464392226 0.3875827783797515 -0.12403517327947029 -0.07993100632461533 0.9894362717728619 -0.12094171459076732 0.040692776488263804 -0.3981464516928327 0.07954062753793643 0.9138668894184093 -0.11647114696827116
0.9043988530565596 0.124874394342903 0.4080062502308891 -0.12962827157684417 -0.08213244038249198 0.9892827219492863 -0.12072265027503461 0.0394794715520562 -0.41870870163730006 0.07567087742391611 0.9049623978282755 -0.11713153688677024
0.9018877647585087 0.135789618084005 0.4100727245251738 -0.12875613234126612 -0.08511902137831685 0.9865597795923639 -0.13947958090797713 0.04579988186426799 -0.42350113574640635 0.09088993844902545 0.9013244738218513 -0.11965624475990294
0.8958629864794765 0.13956274296486473 0.4218432768602511 -0.1290259775725195 -0.09668093849575422 0.9878708135255565 -0.12150741506564977 0.04454719855127332 -0.4336845692293547 0.0680697918351403 0.8984899542298012 -0.12047291947653305
0.8954864957441258 0.1315510784449951 0.4252037743245732 -0.1282822188606973 -0.09222923526761105 0.9894327178267582 -0.11187790244685054 0.044695350781670466 -0.43542818478120465 0.060968931874475385 0.8981564926248828 -0.12223256180968634
0.8950078482696467 0.13301298955270593 0.4257563812158151 -0.1291651481597852 -0.09471341603957935 0.9894081557219724 -0.11000395544233697 0.041156976503618645 -0.435878790901608 0.05812956219599617 0.898126179131337 -0.12471119457865246
0.8946648801690114 0.14635386175823015 0.42208446943783545 -0.12701047545412908 -0.10004231951681224 0.9864552073393674 -0.12999099283697357 0.045573317226181534 -0.43539210660950417 0.07407206667495678 0.8971884096669102 -0.1266072013046317
0.8922533040602726 0.12915016669431328 0.4326710942925995 -0.12733736997180242 -0.09765011784018315 0.9907377632242899 -0.09435644655840947 0.036684192453370096 -0.4408497429729573 0.041939467857412815 0.8966005716909369 -0.12960396178964395
0.8919270572731127 0.12494671211952128 0.43457386441736756 -0.1274796908555879 -0.0899927983366101 0.9908897967418163 -0.10019334788551944 0.03651582724553582 -0.4431336375763739 0.05025663979499788 0.8950457247564769 -0.13234000718599173
0.886186826902693 0.14215313324892653 0.4409823063702749 -0.1325117830923505 -0.09142926237687803 0.9867087727090593 -0.13433721688423753 0.04220926705749559 -0.4542175665970592 0.0787291849728915 0.8874052724816045 -0.13460928195240582
0.8846570260811945 0.1562456224096104 0.43928265579579634 -0.13307660875732527 -0.08991208807376262 0.981662614457766 -0.16809023705783857 0.051756676374871705 -0.45749072408453306 0.10920538839168133 0.8824830992845314 -0.13752980668513648
0.8773258808562645 0.1543103445480038 0.45440908479612757 -0.13753535643140374 -0.0862993232043982 0.9821867869173431 -0.1669177714308735 0.05191900827043601 -0.47207173776264194 0.1072260843753187 0.8750147662955734 -0.138816255610982
0.873102820881711 0.1551828960115231 0.4621793298643654 -0.14079917753259774 -0.08649943404374989 0.9822570544649675 -0.16639990043241568 0.05133683295100388 -0.4798013256322954 0.10530597200198959 0.8710346377625912 -0.14040906649677207
0.8684713349125994 0.1584609701214694 0.46973147795659637 -0.14448804638762186 -0.08789501697628894 0.9817442900062202 -0.16867902961222325 0.05179540464768466 -0.487885238991572 0.10520584578979587 0.8665447037434308 -0.14175524910062692
0.8648817749734842 0.15673222823213567 0.4768799890455701 -0.14735312552497284 -0.09091836454395494 0.9832043750342464 -0.15824982749491473 0.0489400553444439 -0.49367333967651694 0.09351024300528596 0.8646053829035107 -0.14340505244929586
0.858398522695868 0.15369690916261602 0.489417241571451 -0.1516157074818536 -0.09049034742046266 0.9844675152312037 -0.15045001986781115 0.04727581352668944 -0.5049390787582927 0.08485853857072677 0.8589735474241144 -0.14431901686751558
0.8576722193573126 0.15153755411704273 0.49136008571609097 -0.15306035665659526 -0.09163703983541628 0.9853360595129932 -0.14392881140901032 0.04528808576704986 -0.505965430709354 0.07841695936232577 0.8589818178584837 -0.1464069737626461
0.8521317911617348 0.15848017928452512 0.49875389047649193 -0.15720401188098176 -0.09305159336392382 0.9837412251710508 -0.1536053477955621 0.04754782675329943 -0.5149881663338747 0.08448215594375878 0.8530240054436732 -0.1477714997459308
0.85164071513786 0.16714329520160534 0.49676071824231594 -0.15764831632551154 -0.09377798755325409 0.9810874906607059 -0.16933110972157986 0.0545801339042733 -0.5156682861781731 0.09762404692609901 0.8512084140161189 -0.1509048533670431
0.8512080492405091 0.1670985829238705 0.49751675398221457 -0.15719926364517536 -0.09562809904433664 0.9814728232997935 -0.16603121332177134 0.05689906056663868 -0.5160427536370717 0.09375052377863052 0.8514168871416052 -0.15291507870141727
0.8454731935075647 0.1727131539667307 0.5053169752808453 -0.1595012872192438 -0.09753142353896906 0.980280316824393 -0.17186658159494125 0.05783894311480966 -0.5250359039937936 0.0960243036607553 0.8456456897684083 -0.15435901570134528
0.8388041684331171 0.17738125764218593 0.5147265841750367 -0.16353547335541394 -0.09530515177135275 0.9786774671735105 -0.18195423406088262 0.05909753382442473 -0.5360265805583376 0.10356787476877036 0.8378240866976886 -0.15506055792601045
0.8327854730475848 0.17142886399504312 0.5263843657160396 -0.16919494559666307 -0.09058319242074574 0.9802274822024949 -0.1759226204495163 0.05827936085628652 -0.5461346364512826 0.09882422640389173 0.8318477812339811 -0.15551573870204435
0.8313898982262894 0.17275291514641686 0.5281545866843275 -0.17082177743055166 -0.09156581531731346 0.9800461294652569 -0.17642359701991514 0.06024627416513282 -0.5480935491251048 0.09831589102777277 0.8306187133570136 -0.15715071446405243
0.8277780307619194 0.17169706204869264 0.5341382318012482 -0.17343033345871614 -0.08937153760244092 0.9802195274174379 -0.1765854080497904 0.060209661762794624 -0.5538919209146241 0.09843676626841769 0.8267490205570999 -0.1581512883764769
0.8327475283921909 0.1671644343715723 0.5278139879142342 -0.17393160524599954 -0.08072924705355611 0.9798029305665957 -0.18294536321885277 0.06190953117379041 -0.5477356503157897 0.10973727322265917 0.8294235276617089 -0.16124288023973546
0.8398441889555677 0.16393469051304266 0.5174815509020156 -0.17554571542108416 -0.07593794470084547 0.9794149240029858 -0.1870289688653549 0.06288913098724914 -0.5374896899775604 0.11777870727181383 0.8350047959629965 -0.16435087344698643
0.8502568713902252 0.18562408007270062 0.49255147299634305 -0.17380956921610421 -0.08778975296954343 0.9726574495965639 -0.21501266245934303 0.07025770724315278 -0.5189953871926514 0.13957502155282858 0.8433045721631517 -0.16853888760117133
0.868069256264655 0.19704771608054128 0.4556621159538817 -0.16446735563396758 -0.10418926492708507 0.9697239910971777 -0.22086189839923892 0.07401710457886472 -0.48538681832336555 0.14424832296427076 0.8623178404277129 -0.1798489418557749
0.8573190277500006 0.1876032374031281 0.47938409441037616 -0.16992235327615093 -0.09386018361291847 0.9725866346985905 -0.21275691278503897 0.07307417575486068 -0.5061564487289875 0.13740547049348975 0.8514255023714767 -0.18185465391937772
0.8635313457424384 0.18684259362331732 0.4684052306799771 -0.16826181129409937 -0.08929092376177 0.9708047957213278 -0.2226323865439206 0.07737842106402834 -0.49632725681149176 0.15042570861586138 0.8550037194851227 -0.18543203538414194
0.872449462604921 0.1907647016033838 0.44993417721101614 -0.16508138769288694 -0.10289761992273135 0.97173384356538 -0.21247450925673764 0.07507905618181832 -0.4777489037293746 0.13907611546137802 0.8674179033738889 -0.19013449119178766
0.8726181389227373 0.1947640553860011 0.44788898887181217 -0.16401923771943833 -0.11155703451982223 0.9722880970900561 -0.2054528761203931 0.07417232529418459 -0.47549196804168914 0.12931673900387908 0.8701635302293719 -0.1935860678574869
0.8615861937632413 0.20695795125431812 0.463505811321911 -0.16897318301275424 -0.11207671617374258 0.9681361148473081 -0.22394479860017102 0.07926052645072182 -0.4950838720946967 0.14099953737858992 0.8573278777986546 -0.19456025298117588
0.85981355274714 0.2015852630721099 0.46913115034549413 -0.1713054409050171 -0.1099128112099451 0.9703002854884194 -0.21549136853484335 0.07727937844993983 -0.49863797332760906 0.13371887560565723 0.8564341386601148 -0.19669728636969774
0.8637914576123575 0.2030965368561394 0.461103149493645 -0.17225217234204127 -0.11170719369165473 0.9695803945891834 -0.2177966053588061 0.07657251701566542 -0.4913103099197604 0.13662230837358688 0.8602026064952495 -0.20016517914824017
0.8769800235498291 0.2009386008652897 0.43649709847470725 -0.16800194393050288 -0.12355831149203268 0.972124611861838 -0.19926636111925647 0.06783399567412718 -0.4643698762363642 0.12081977360834692 0.8773614992404504 -0.2083532688921823
0.872996881163564 0.21865182069650094 0.4359676900697947 -0.16939407399795373 -0.12926810254766072 0.965640968198247 -0.22544905899311482 0.07518216810439787 -0.4702831095653073 0.14045960929483958 0.8712662595408623 -0.21105053127551474
0.867119860645867 0.2329011307803996 0.44029559452111344 -0.17193657925390662 -0.13662692238826554 0.9612600419044741 -0.23939969907358072 0.07870074504506906 -0.4789950222624452 0.14743200167881337 0.8653482382999211 -0.21311380429973548
0.8597010050693218 0.24520413963187176 0.4480949807687973 -0.1748531802973636 -0.14560432627989683 0.9584894608646651 -0.24514757510516477 0.07917021640283779 -0.4896055167697486 0.14550904892397218 0.8597171364058458 -0.21494149378633517
0.8488884890137172 0.24338444964273492 0.469203945946865 -0.18265959648793303 -0.14494537709334004 0.9608408825734452 -0.23616866014514648 0.07372119650548686 -0.5083101129028175 0.132471914184055 0.8509242158225 -0.21693342992627226
0.8484219615502439 0.2441412865923652 0.4696543487930868 -0.18459885681136406 -0.1446454952564217 0.9604418367120243 -0.23796881937610914 0.07373555937722108 -0.5091736991059713 0.13396458664236494 0.8501738843698278 -0.2192473612397799
0.8514253785568561 0.24589505993131627 0.4632606655552425 -0.18497160937491414 -0.14703047723760262 0.9597706914054913 -0.23921174444895005 0.07429293385104502 -0.5034449955184722 0.1355575133306955 0.8533271922697666 -0.22222733322994284
0.857278813241477 0.2584493878873785 0.44528300020090766 -0.184123350518631 -0.153947050305562 0.9539841402553664 -0.25732191092763135 0.07569131854676442 -0.4912976104862496 0.1520466179889272 0.8576179125278518 -0.22625856699321378
0.8800473605572188 0.25030006972799734 0.4035672413247012 -0.1730745588688577 -0.18721108974265582 0.9638569874906954 -0.18955662885462593 0.05614459740778884 -0.43642714289287365 0.09126654786680229 0.8950987466122601 -0.24440733122738614
0.8685145376336958 0.2659207382966913 0.4182925517657081 -0.17159599942660403 -0.20059257472501152 0.9602783018667999 -0.19397990083770925 0.06428420929864667 -0.453260539738587 0.08456798393931371 0.8873573909132237 -0.24679098380778944
0.8282351700461802 0.2713140039183919 0.4903215418236714 -0.18531394234813692 -0.18441258595976262 0.9582058370666202 -0.21870887487958016 0.06899467572923794 -0.5291677439510133 0.09072091869701564 0.8436534914718035 -0.2384884514799525
0.8307048033218383 0.26391792546889936 0.4901804344873581 -0.1852722564021763 -0.17397791068164484 0.9594590459490897 -0.2217431526368139 0.05961593907866119 -0.5288300448469933 0.09892253414999638 0.8429431273250111 -0.24779115262878362
0.8193068199664023 0.235247932107872 0.5228716335732013 -0.19355631140089444 -0.17422856549767707 0.9709772495943932 -0.16385233515189931 0.04246360881553603 -0.5462423836733655 0.04314616100048476 0.8365151923723562 -0.2462211401729728
0.8322800942072147 0.22937783171146717 0.5046738106002459 -0.18449808656776961 -0.17012814562851736 0.9721349499026473 -0.16127632573561837 0.043479634306511424 -0.5276042634886772 0.04836785603193502 0.8481121928444638 -0.25476840966051123
0.8179912784859283 0.2262334506077822 0.5288749324245284 -0.18897723562845362 -0.16349175943495647 0.9729324392385794 -0.1633184413167464 0.043915409451533535 -0.551507672582908 0.04712636738988326 0.8328375547361068 -0.2553059185509586
0.8311095558300842 0.22737750239679308 0.5075001257258105 -0.1858412538331804 -0.1540474548972458 0.9710120377923451 -0.18277035892627538 0.04700888481290319 -0.534346598985713 0.07372308909802713 0.8420443089803802 -0.2625274526608074
0.8455413510275479 0.22015836994984936 0.48640529997475485 -0.18189495824079654 -0.1747096586227234 0.9749601459672482 -0.13758360716108128 0.0338787846348059 -0.5045159649470348 0.03135292516734994 0.8628329126760365 -0.26982995286292405
0.8071437456869166 0.22114101967990982 0.547371558644967 -0.1983418850350453 -0.16518019409600074 0.9747539157514882 -0.15023417455941715 0.03773041310974483 -0.5667755087130169 0.030845634084462583 0.8232946432359608 -0.26555247199033094
0.7833480320898393 0.22705604110474478 0.5786289094219309 -0.20242268878331574 -0.1626976394390736 0.9733388758625828 -0.16168151055553082 0.03857419285253708 -0.599912775944909 0.032511335444832624 0.7994045748716143 -0.2680870368221222
0.7660432443591246 0.23835173123393005 0.5969641530188652 -0.2094642773396422 -0.1654620839545423 0.9705327199111189 -0.17518144409539244 0.041730473747492745 -0.621128043599034 0.035421628981689955 0.7829082076815388 -0.2705223983544261
0.7712873939628194 0.21553432670932698 0.5988828849816928 -0.21031198207299545 -0.15067910112862332 0.9760038020762251 -0.15720173922646222 0.041135311719728763 -0.6183943437622222 0.031008584984041316 0.7852559476121 -0.27116489336927974
0.7707108406019653 0.2171127899982973 0.5990549529031233 -0.2111343485009193 -0.15526067304840327 0.9758105284521459 -0.15390885603662424 0.043496354292739736 -0.6179797113038307 0.025609548631353788 0.7857768305541541 -0.27298747094160924
0.7760202279074867 0.2076536924450729 0.59554391096907 -0.2084691234691593 -0.15757217749469538 0.9781349290781011 -0.1357316079509875 0.03543891842227107 -0.610707470691156 0.01148932249127003 0.7917729350708455 -0.27833160319640166
0.7894466471495127 0.21769846478161323 0.5739175635368878 -0.20350099666292246 -0.14864177886973085 0.9749672080923095 -0.16536192040228467 0.04263238560892929 -0.5955498408016172 0.0452362860590819 0.8020436805715435 -0.2854224429331701
0.7972612621126847 0.22678187642540193 0.559414390643876 -0.19986486198750839 -0.1575483505020299 0.9727980425914882 -0.16983075570773698 0.04593084605130052 -0.5827117616700176 0.047264668148059 0.8113033057718163 -0.2908334034372465
0.7778605867810238 0.2241839751232303 0.5870898166640468 -0.20718172202087057 -0.15076137871735099 0.9734948316588382 -0.17198493951731975 0.04659996971473119 -0.6100851696443059 0.04526983577925084 0.7910415461583524 -0.29027849408334944
0.7612611601310856 0.22321426658978524 0.6088159305296255 -0.21464818032323116 -0.14276786691102755 0.9735418443672129 -0.17841976752524563 0.04820227630809648 -0.6325336214412205 0.04890468747341824 0.7729874185842747 -0.29325156749270126
0.7674542465824066 0.2182106655787022 0.6028250864308206 -0.21664236004619594 -0.13351324189229283 0.9740758858391619 -0.18262087193435614 0.05024712028067464 -0.6270472020845298 0.059668032097221116 0.7766926884576721 -0.29704702467300603
0.7631356223369563 0.21870408423277862 0.6081057025388629 -0.2245107687158009 -0.1349493420058789 0.9741789465539856 -0.18100843953570012 0.05214639076940103 -0.6319910576998408 0.056070523725673546 0.7729446289072486 -0.2994265314014686
0.7385043849384959 0.2251532389842714 0.6355448783536074 -0.23347642954489067 -0.1315682047139616 0.9725992152212604 -0.19167830878671502 0.05529495504096393 -0.6612874419909668 0.0579377728764448 0.7478917926673355 -0.29934977416721203
0.7685294026984507 0.2159130497879811 0.6022824189026375 -0.22048167717638026 -0.1502938121513321 0.975921316372366 -0.15808021469826578 0.04359423061347435 -0.6219118323500363 0.030969972251895853 0.7824746216981965 -0.3169927250968969
0.7440784485120432 0.222605429488734 0.6299159350437513 -0.22996820468079926 -0.14163723878372986 0.9739861731551249 -0.17688930745626524 0.04881997104269355 -0.6529059312409626 0.042399967744957065 0.7562513389644984 -0.31223874725807693
0.7424168200764493 0.22289764370023415 0.6317704533297304 -0.23768838878602125 -0.14438208110165823 0.9741020921813976 -0.17400841549930823 0.050149373135968005 -0.6541949861656878 0.03797044167125108 0.7553722033772253 -0.31627947790637506
0.7407609383830794 0.233903257715094 0.6297320844582102 -0.23686663870454527 -0.15383931997646824 0.9715784343692426 -0.17991333885454727 0.05234623508203743 -0.6539164287544659 0.036395218077110124 0.7556908708632941 -0.31925959947092325
0.7906056333082773 0.2076667704742408 0.576035801857848 -0.21554878712386588 -0.17448077818130972 0.9781372539568092 -0.1131546307805369 0.029012972877365338 -0.586940534148443 -0.011046486438443994 0.8095546828416865 -0.33845945510015313
0.7724182951680543 0.21982852262756641 0.5958568602685173 -0.22380477263422527 -0.17252000705183404 0.9755354410412602 -0.1362624322374712 0.03477781975017073 -0.6112338541479104 0.0024543658689091478 0.7914462405190075 -0.3362018877470925
0.7822474443288537 0.22308168891404503 0.5816558225550842 -0.22089251528521447 -0.17129717258847996 0.9747184966074224 -0.14346125272895568 0.04240459323651234 -0.5989542674563451 0.012586200484126247 0.8006843154784568 -0.34160928301501575
0.7728435576418421 0.2224356666298565 0.5943359400393262 -0.22372930919323217 -0.17320959948735618 0.9749346540848821 -0.13964546147234264 0.04418140647115029 -0.6105008354268876 0.004979405117666431 0.7919999592599388 -0.34012047325307676
0.7566457709451601 0.21654292843456535 0.6169249042272363 -0.23083539162271885 -0.16892177686816628 0.9762716349060524 -0.1354958603705935 0.04135469458351743 -0.6316269552595926 -0.0016896812863052238 0.7752706200847841 -0.3378676328907714
0.7414980884962921 0.20569994502546882 0.6386455334321707 -0.2407336959540205 -0.16820734165749135 0.9784391140941869 -0.11984652778910745 0.037063320794946154 -0.6495281941292946 -0.018558896171517642 0.7601109737426704 -0.33592977822507086
0.7375913881994776 0.211187273542788 0.6413726526345888 -0.2428071860779988 -0.17557322177250295 0.9771455488854113 -0.11983580470733463 0.04047641479911972 -0.6520222295676648 -0.02421800542974936 0.7578129718885882 -0.33721889831486135
0.7224263191649645 0.21411682988483433 0.6574604144264714 -0.24712732217949235 -0.17551470690095008 0.9764886809175043 -0.12515767535979785 0.040660270877337326 -0.6688010175225753 -0.02497677321161962 0.7430217761012805 -0.3357701097467075
0.6940662650108812 0.2290805993045318 0.6824910979610791 -0.2576148496917336 -0.1744063879100583 0.9732857719053978 -0.1493225303250752 0.04431270455759421 -0.698465769834148 -0.015391076271465232 0.7154779403595857 -0.3309635406260575
0.6697865724020649 0.2576028753376486 0.696438587420073 -0.26675774050421 -0.17622121974070226 0.9662457714907555 -0.18792336413904556 0.05947614322531935 -0.721340439142982 0.00314128859129681 0.6925735362854936 -0.3278939289493889
0.6682941893135121 0.25328100989541813 0.699450932200501 -0.2683209549965271 -0.1770279433192151 0.9673888332623233 -0.18116277918913784 0.060612297537154275 -0.7225261128941719 -0.002752327328177442 0.6913381523395873 -0.32847640128849365
0.6609355370260505 0.2593984664719785 0.7041850974623571 -0.27161704393481884 -0.17777439664918346 0.9657703267246842 -0.1889019320020799 0.06089972528909585 -0.7290819431258069 -0.00033408095766656237 0.6844263354063818 -0.3288042898024781
0.6262496301648546 0.26518959676174586 0.7331342840760637 -0.2844744296739116 -0.17690954260771644 0.9641780920448577 -0.19764518854520413 0.06236530824869765 -0.759285463085333 -0.005923224635637754 0.6507307438235913 -0.32206545950709503
0.6112028825777749 0.26630812156979944 0.745326117021657 -0.2899356334893396 -0.17742896107473938 0.9638287102155311 -0.19887981580896422 0.06431554451145606 -0.7713300202251656 -0.010686521896049057 0.6363456593308452 -0.3197132433570529
0.5909070544864395 0.28314647195221904 0.7554183796937749 -0.2960959687739188 -0.17694906192830756 0.9590718571892627 -0.22106605852150543 0.07015644704039335 -0.7870945829065583 -0.003041080162348606 0.6168248287728003 -0.31669504948474514
0.5665637068733814 0.29407589669736384 0.7697564114936176 -0.3041581924229751 -0.17419263905219504 0.9557820587538816 -0.23693370520934096 0.07549122770013486 -0.8053958595336346 0.0001521375612258327 0.5927372826980244 -0.31237980522752107
0.5511452256059163 0.29837471513515895 0.7792377491239845 -0.3100188959794013 -0.17303884151380414 0.9544484141380728 -0.24307567561745455 0.07795037948362936 -0.8162698693565514 -0.0008683992947488382 0.577670101583335 -0.3099599452613217
0.5287797352679661 0.3109803218417476 0.7897361780981925 -0.31539820061948665 -0.17451535921415162 0.9504148089417698 -0.257402564755168 0.08276254908249342 -0.8306240912520493 -0.0017118327566867644 0.5568309336417273 -0.3065476266556329
0.5308979988440649 0.30437058924343874 0.7908892837982865 -0.31597818000152794 -0.18877043393387105 0.9522995774508581 -0.23977330556035273 0.07642805334770011 -0.8261434730697707 -0.022001345198035892 0.5630301081768996 -0.31171034993181557
0.5046148820572388 0.289030793449221 0.8135262879861168 -0.32413739558891713 -0.184851264283951 0.9566146060247424 -0.22520769443505922 0.07200303329606131 -0.8433230880860441 -0.0367382086967358 0.5361496741794878 -0.30562547171289073
0.4925319100872372 0.2860874472067259 0.8219283971834493 -0.328848964583317 -0.1858062068899847 0.9572174888177241 -0.22183492191864132 0.07250669815860232 -0.8502284228529245 -0.04345861999918252 0.5246169815406213 -0.30367864633354247
0.47931602936604745 0.29750413061161407 0.8256799841717077 -0.3327234894778679 -0.18581713371618497 0.9538657017595149 -0.2358224243458045 0.07453770410309206 -0.8577459628644517 -0.04039201995270818 0.5124844855348035 -0.3019520292173145
0.4559435607805558 0.3315319227646619 0.8259552370260216 -0.3348345127481044 -0.19524082429594627 0.9426833275223634 -0.27060887742202194 0.08204263472925317 -0.8683297126731209 -0.03787780615789116 0.4945389589200009 -0.30042780685752357
0.42691630521413326 0.3274931120081909 0.8429061216585755 -0.3425381531560548 -0.18966563828699237 0.9438130086992633 -0.2706361954048923 0.08340309303273062 -0.8841772525888112 -0.04433132298092277 0.46504335261055013 -0.29360867040452604
0.41425260918640056 0.3316243390073358 0.8475966455574282 -0.34673054354032323 -0.19038221744860132 0.9422301403722393 -0.2756029278753529 0.0863003477632722 -0.8900277451077637 -0.0471980969114457 0.45345667112341087 -0.2916550464442578
0.3833787341197674 0.34220221299225945 0.8578568596496285 -0.35373864061711474 -0.18819618382000888 0.9382845732883558 -0.29017969592078036 0.08991284300708631 -0.9042139916083513 -0.05019666276051193 0.4241195025313002 -0.2857021678135805
0.3717436375685154 0.3494217391152671 0.8600645999929238 -0.355486790878195 -0.1843139738040038 0.9357958229095675 -0.30052377091602117 0.08949804376212075 -0.9098543987847191 -0.04680412437672054 0.41227945249966497 -0.2837225122838342
0.3315977832017337 0.3557504691284473 0.8737760089923409 -0.3652306068662371 -0.1728390342971067 0.9334106853288875 -0.31443784876681613 0.09299581903532543 -0.9274532755880143 -0.0467557079804207 0.37100448160677296 -0.27372201329469786
0.30341416812583616 0.3516575015690862 0.8855940628587641 -0.3733414194722171 -0.16274440467479456 0.9348762961897602 -0.3154688091865268 0.09584441810055709 -0.9388578706745505 -0.048407772234506694 0.3408850044512649 -0.26585501113681337
0.3067309434930639 0.3491456730814786 0.8854453270938495 -0.37544541811093696 -0.16436614871290084 0.9357429018044447 -0.3120400469168802 0.0956363332448408 -0.9374966119731531 -0.049824900311818916 0.34440903276159046 -0.2672930161890311
0.2872547033558965 0.38175432631955897 0.8784920999850901 -0.38019461780603403 -0.16501016105756786 0.9231568154041532 -0.3472076337303386 0.10532367278166554 -0.9435339856876747 -0.045223097076232295 0.32817448003030747 -0.26358008492406754
0.23455498527913102 0.39508867159471517 0.888194179477792 -0.3880840743215196 -0.15448925710104044 0.91722137057848 -0.36720297764929205 0.11229911806638704 -0.9597484192855297 -0.051087169932012205 0.2761758004374441 -0.24990420191202883
0.24115248845653273 0.382447383866796 0.8919526197532375 -0.38784181391938966 -0.15353762543049562 0.9225371087608982 -0.35405011020510974 0.10961526324963859 -0.9582649293845539 -0.0515682221191528 0.2811921826421986 -0.2528200563658741
0.2408512973356925 0.38261864286060643 0.8919605522147377 -0.39255219129006996 -0.15004125854613962 0.9226448438177247 -0.3552662563633925 0.10923408345856495 -0.9588942972536658 -0.04826454508309391 0.2796287903316077 -0.252635488302139
0.2564182203626293 0.374963057951094 0.8908717087426364 -0.3965459690040181 -0.1595690212300079 0.9254626428633311 -0.3435936904661062 0.10500259493747337 -0.953303426895003 -0.05405184396842294 0.29713797204977777 -0.2582681932298379
0.2309104754545781 0.4231846564776378 0.8761250474945017 -0.3965453392325939 -0.15661513306409164 0.9048841007807448 -0.3957985147136642 0.12173184118062595 -0.9602874842570088 -0.045820417677389716 0.27522433922749756 -0.2547347287229683
0.23466084641440393 0.4089316246816504 0.8818782305371303 -0.39677707641643917 -0.1569135065589422 0.9112474511687433 -0.3807968411080225 0.11698667974234604 -0.9593291607261032 -0.04902049646523925 0.27800099335586886 -0.2572998391393597
0.235353542141097 0.4016720142933997 0.8850244647099424 -0.40042552392350106 -0.15471634804340886 0.9144754907541084 -0.373894943076456 0.11524201168065955 -0.959516316614651 -0.048930253867310106 0.2773702731129124 -0.25742646830885857
0.22579861366163612 0.40065612341257045 0.8879694008469506 -0.4055297056544793 -0.15379313167902386 0.9147403674216862 -0.3736277998993115 0.1160705142648424 -0.9619577218967782 -0.05219895574869006 0.2681652667701493 -0.25496410925050106
0.2016604301469644 0.41145083575909447 0.8888426636171795 -0.4087583613878536 -0.15041906150213358 0.9097309670141984 -0.3869931182750304 0.1225745750130646 -0.9678363378432101 -0.05565768058909779 0.24534678669524895 -0.24889191175869396
0.1898546545118909 0.4051319614273222 0.8943284094728401 -0.41202938153804075 -0.1489680502513579 0.9122360517086793 -0.38162010686974007 0.12061243951411882 -0.9704451196046467 -0.060774005899024375 0.23354397881877964 -0.2463286062526511
0.15549847491800706 0.40610583530430994 0.9004989032919258 -0.4182004815191966 -0.13657122257459178 0.9116713337360021 -0.38756119569495534 0.12169807497583626 -0.9783498993011922 -0.06271706128169531 0.19722587244459963 -0.2364345193922093
0.11457339661880463 0.4366450298000139 0.8923082733776335 -0.4189965590645626 -0.1270543673534832 0.897287427325411 -0.42276761997597967 0.13543211191490725 -0.985256375023087 -0.0649337409571809 0.15828292631130536 -0.22534646238404923
0.1133346898573685 0.4323759881376996 0.8945424824774285 -0.421164506160503 -0.1266666029690954 0.8992846455801481 -0.4186199922555779 0.13468178618910215 -0.9854495521167997 -0.06586449047658027 0.15668774402312857 -0.22512527696972134
