1.0 0.0 0.0 0.0 0.0 1.0 0.0 0.0 0.0 0.0 1.0 0.0
0.9999985743115817 -0.0009731806095897894 -0.0013799617041783455 0.0003835864257284763 0.0009631309554521347 0.99997314848494 -0.0072646189080052236 0.0017570017942424034 0.0013869944363732018 0.007263279467087551 0.999972660135174 -0.0016978712654348324
0.9999910828210655 -0.003027126075435379 -0.0029446198525804284 0.0009095767298183421 0.002996256950118034 0.9999410987696923 -0.010431751317443734 0.0023749586516101768 0.0029760246372738546 0.01042283545795187 0.9999412521635331 -0.002937103589271875
0.9999842918326082 -0.004233279592588656 -0.0036736129257419156 0.0011483430046733774 0.004176456238756129 0.9998736099317659 -0.015340188242138812 0.0035193752641388067 0.003738087923385515 0.015324604592271574 0.9998755838566953 -0.004411950409854375
0.9999633514795018 -0.00635128542368995 -0.005740807552021122 0.0018183221087349323 0.006250201366273118 0.9998280675827955 -0.017457670421156708 0.004069975539179967 0.005850699168779473 0.01742114942015929 0.9998311221761987 -0.005584417216270399
0.9999498901121779 -0.0070825429398839075 -0.007074945239943416 0.0021671730004006917 0.006918359333895258 0.9997122780294612 -0.022967312887496108 0.005460013688619977 0.007235576602496972 0.022917214984586196 0.9997111821364105 -0.007121144586477118
0.9999361651554995 -0.008463262461295754 -0.007485906934041229 0.0023135500129209253 0.008268023583309497 0.9996345263372088 -0.025738172829662544 0.006112626208909368 0.0077009999441463575 0.02567463618232913 0.9996406892762846 -0.008458234732702668
0.9999212990851002 -0.0092900888202321 -0.008431481819841782 0.002585333201242278 0.009011326243883521 0.9994305019070525 -0.03251873086611521 0.007772765234637918 0.008728782005092106 0.0324401927788467 0.9994355618333675 -0.010054479890075895
0.9999009474392392 -0.010705767600745335 -0.009136840273936056 0.002824434563360538 0.01035886172726979 0.999253927938258 -0.03720593344720076 0.008853327340532497 0.009528341609529598 0.037107600839195454 0.9992658488441059 -0.011439502020945498
0.999885170957423 -0.011264484824428194 -0.010136877284750276 0.0030713823594563615 0.010812860366227141 0.9989924915538271 -0.043555526282855576 0.010479300441142352 0.010617294860101276 0.04344091620484398 0.9989995795039845 -0.013086322721921034
0.9998537247923778 -0.012876719296986165 -0.011256958690333312 0.0034505268547498887 0.012349290107040846 0.9988774981267178 -0.045730064180584236 0.011090606564190472 0.011833175933002475 0.04558435955736174 0.9988904054555154 -0.014318814288553732
0.9998324977105177 -0.013838556301870863 -0.011977933103372251 0.0036639803012227007 0.013208704949345099 0.9986033510845798 -0.05115542313584917 0.012434655276518665 0.012669121339305905 0.050988641501089026 0.9986188721441046 -0.01580783411372252
0.9997983030558564 -0.015362524997836205 -0.012936229447645001 0.003992280019713623 0.014614462796325828 0.9983204261577655 -0.056060183672118846 0.013659092433886313 0.013775728068093806 0.0558598204603967 0.9983435830285715 -0.01719622730710794
0.9997502676984751 -0.016884639947730106 -0.014639370569266067 0.004532304706899994 0.01600528540553824 0.9981745675800275 -0.05823541427268967 0.014310265253726234 0.01559593138982218 0.05798656370453456 0.9981955346292749 -0.018414782931767924
0.999701412038036 -0.01855195551897175 -0.015903198281489353 0.00495450857868072 0.01756471658068862 0.9980367526944544 -0.06011755985191133 0.014802267550047475 0.016987274666595397 0.059820274301696064 0.99806461077521 -0.019610022294943415
0.9996715422990904 -0.019413303952856134 -0.016731143027104444 0.005203791489419357 0.018246030936514043 0.9975659081338379 -0.06730038101061947 0.016628200809913694 0.017996940640652704 0.0669729987289266 0.9975924656736498 -0.02124596627632827
0.9996284820700602 -0.020586886694405927 -0.017862752602566617 0.005549362315045384 0.019212095226388087 0.9970738113892111 -0.07399128353261276 0.01836567969082046 0.019333732989803166 0.07362061354011522 0.997098897818394 -0.022779225390318333
0.9995892972444879 -0.02174935533565875 -0.018660181584204988 0.005814567520805061 0.02020086184944059 0.9966301059178152 -0.07950067395176011 0.01976528465855963 0.020326387155913 0.07909107105563506 0.9966601429095379 -0.024167357328930394
0.9995729672746342 -0.02230578806450247 -0.01887683534403484 0.005872026582159203 0.020576872048369815 0.9959701496213418 -0.08729291723815019 0.021744291764061376 0.020747901833422084 0.08686721408024452 0.996003821120907 -0.025697477151433994
0.9995533819400099 -0.02275427784974674 -0.01937213183484715 0.005975954121546711 0.020860195033922332 0.9954553669382246 -0.092916439326046 0.023260925788016085 0.02139833908126737 0.09247083471787526 0.9954854372672371 -0.027268822582185423
0.9995075096209681 -0.02404340043372522 -0.020165641742204043 0.0062891332966047665 0.02190052123478989 0.994698265393506 -0.10047749993304034 0.02525084491537061 0.02247454962698687 0.09998637766582588 0.994734949069515 -0.0287041778389952
0.9994556094088494 -0.02554695635029584 -0.02087672968696103 0.006574148097663554 0.02323167188173581 0.9942557033322968 -0.10447911663475445 0.02630456520190017 0.023425930990373125 0.10393723785263566 0.9943079383897118 -0.030005412843294013
0.9993948081484433 -0.026880762710514896 -0.022078089637416157 0.006972073971129696 0.02424171039567875 0.9933949522166104 -0.11215528693579274 0.028296436558010764 0.02494708245524572 0.11155220081495022 0.9934453933509944 -0.03149118860691372
0.9993652246578514 -0.027929789376787632 -0.022115031312010917 0.0070171879427545275 0.025099054244689136 0.9925408861529835 -0.11930057330403913 0.030143131975816913 0.025282112660636003 0.1186697778712785 0.9926118569709895 -0.032926027773457094
0.9993149185493609 -0.029038659696590866 -0.022944494060891885 0.007304480029133893 0.025920647800078165 0.9916748550217772 -0.12613128848609087 0.03199568385802707 0.026416161384822983 0.12545014213050057 0.9917481778441181 -0.034375413300939184
0.9992532123531972 -0.030147176142900033 -0.024169513284828966 0.007685648799260082 0.026639879127324784 0.9905954396424261 -0.13420503641708129 0.034179684485022364 0.027988112510458546 0.13346094084127227 0.9906587923335988 -0.03588022536760336
0.9992159252190745 -0.030920377894076697 -0.024727818736734724 0.007859077093649738 0.027182223339594757 0.9898679922363458 -0.13936457469637764 0.03567016746583557 0.028786481599975038 0.13858314535640096 0.9899323463248492 -0.037277496894609304
0.9991207200921404 -0.03324644315758526 -0.025543310277504103 0.008239999976129104 0.02925218724127907 0.9892367874739473 -0.1433697591887001 0.0366977145173512 0.030034916749752113 0.14249649934505126 0.9893395026229578 -0.03848230276569363
0.9990665824880691 -0.03443948715715917 -0.026074613706873785 0.00844368266453051 0.030184425967489104 0.9883869654050459 -0.14892987291479898 0.03819184725562587 0.030900876761412233 0.14800381191630474 0.9885039238534259 -0.039797828476835315
0.9990184779933072 -0.03544154332724789 -0.02657023963985285 0.008620429117633319 0.030917153669652128 0.9874751430060706 -0.15471577668133166 0.03976278448855639 0.03172081709072935 0.15374244355975164 0.9876016660634861 -0.041103315393670126
0.9989394071575292 -0.03696577491776078 -0.027451635880103534 0.008961171751909408 0.03209786052301506 0.9865262343021831 -0.16042355308183254 0.041398802081121434 0.03301193992496359 0.15937227023006215 0.9866664539266079 -0.04241555728585972
0.9988856751617043 -0.03805003815566033 -0.02792136373995352 0.009143913226956107 0.03292348245093777 0.9856766028955265 -0.16540156833487946 0.04276528453597553 0.03381497094555582 0.16429798872989237 0.9858309787378686 -0.04365367792165635
0.9988511512405737 -0.038816728416508246 -0.028100520643209972 0.009215147878273405 0.03341847055606819 0.9845155945433183 -0.17208210228466553 0.044603973449680166 0.03434506501775219 0.17094532955321115 0.9846817307195616 -0.04499871376866659
0.9987543267166188 -0.040448492602174334 -0.029218389946146985 0.009631594591879566 0.03471958584347719 0.9839072684118308 -0.17527417814734564 0.045537793264564676 0.03583776253745017 0.17404139338841762 0.9840859963253861 -0.046118686607159454
0.9986856849915495 -0.042014296829740456 -0.029354751827629925 0.009746047798011082 0.03609777766191174 0.9831715696436021 -0.17908270461551368 0.04662720642136445 0.03638479133965812 0.17778769222428933 0.9833959952393194 -0.04737502398528803
0.9986664185250554 -0.04247358516901486 -0.029349260181972526 0.00977455119050053 0.03621176867628818 0.9814668042719288 -0.18817975428186476 0.04920306918533072 0.036797993419120906 0.1868660126270652 0.9816959819644717 -0.04869167213895817
0.9986044643958878 -0.04344691326182854 -0.030024813348643924 0.01000905963938629 0.03676773637132568 0.980053824984345 -0.19530139194507606 0.051238391686435604 0.03791117580253148 0.193924897477283 0.9802835696305918 -0.04999455962289729
0.9985846524966755 -0.0439891919785593 -0.02989385868647495 0.010000864194263869 0.036978677009192586 0.9782256809994647 -0.20422314873633635 0.05372011613527486 0.038226551567507185 0.2028286666677259 0.9784678138462447 -0.05132651049429745
0.998522972460011 -0.04512713284056456 -0.030255831689341848 0.010163307213020818 0.037794128961463516 0.9769929333717443 -0.20989619329020542 0.055401566931875174 0.03903174715110767 0.2084426780274738 0.9772554285810171 -0.05257921033889364
0.9985212634693589 -0.046205740574315465 -0.028641158103924015 0.009772229693481325 0.0390086139559496 0.9759459047178467 -0.21449456660181318 0.05679948663770537 0.03786310125690451 0.21306013377082786 0.9763051597532235 -0.05421312375620393
0.9984740858327797 -0.047044512667795114 -0.02891908968560527 0.009879802040649123 0.03954010085669777 0.9746283092810846 -0.22030941689391514 0.05850094807921545 0.03854971264012975 0.21882977991065208 0.975001254911818 -0.055473270550562635
0.9984202147726908 -0.04794252957449557 -0.029301682396279206 0.010016357234717062 0.040074044320456886 0.9731320334662247 -0.22673358025156484 0.06036441406124313 0.03938458715101447 0.22520115297193613 0.9735159449105371 -0.056738865480487184
0.9983583165335941 -0.04910924649474646 -0.029478020912636228 0.010120144590203514 0.04094987576080316 0.9718219120922843 -0.23213202892421203 0.06199204767512714 0.0400472156757791 0.23054382031625717 0.9722375056695787 -0.05796292037506009
0.9982850760104516 -0.05040359236258231 -0.02977221677593602 0.010279435191497236 0.04194062650590488 0.9706201280934055 -0.23693364216217416 0.06341277174366858 0.040839819577207684 0.23527865355124686 0.9710695465928353 -0.059143555065874785
0.9981523615782311 -0.05233671185166493 -0.030866351717618208 0.01069902644595104 0.04346695032182681 0.9700161764078055 -0.23912181359487272 0.06418806406133777 0.042455709928344736 0.2373383367678661 0.970498854504602 -0.060251043336110886
0.9981020258272933 -0.053122729007441465 -0.031149987195097158 0.010844205156391801 0.04380974631366083 0.9680048488052615 -0.2470775562802816 0.06654074606077048 0.04327877271117395 0.2452439364231152 0.9684948938844806 -0.06134344888461895
0.9980475519606633 -0.05409133593336452 -0.031228374954051057 0.010905576869990196 0.044440059728058985 0.9663167486657482 -0.2534896888226906 0.06844894795326585 0.043888097665465496 0.25160697252858844 0.9668338876240876 -0.06252946926305372
0.9979400258629987 -0.055667441735215636 -0.031887939902316406 0.011219318707069686 0.04555013263391066 0.9648438190676668 -0.2588466538782244 0.07011300468922735 0.04517621274067261 0.25686093657381326 0.9653919251085722 -0.06363334123603355
0.997799641886135 -0.05775697885099665 -0.032557734041332324 0.011520016149572944 0.0472550457057984 0.9639589569231384 -0.2618207211490308 0.07107015948640484 0.04650629320042074 0.2597061045906721 0.9645672106862733 -0.0647519265305901
0.9976528513352821 -0.05982330479518749 -0.0333160685850451 0.011893101971447459 0.04889231959628477 0.9629859265254568 -0.26508045269012764 0.07209183607885959 0.047940893891082914 0.2628293695866014 0.9636505555312235 -0.06577535932664968
0.9975704324984753 -0.060964246768013104 -0.033713392306523635 0.01206253293468099 0.049541337960205566 0.9610382878693009 -0.27193945113270335 0.07413632651161484 0.048978444625339505 0.2696085493178063 0.9617236308299972 -0.06692051634453175
0.9975183072373172 -0.061874691830727455 -0.033596863503154197 0.01208616143818591 0.05007784950432655 0.9589293567019063 -0.27918935840087206 0.07635454835423837 0.04949177421975371 0.2768140375163821 0.9596481401630819 -0.06808408625812887
0.9974437026749937 -0.06292993035607396 -0.03385090633022725 0.012222967671057336 0.050772969975493104 0.9574945532280956 -0.2839476819035468 0.07791396414651547 0.05028086627998569 0.2815031161531072 0.9582420519275004 -0.06921932439746734
0.9973710563171119 -0.06418793243968819 -0.033628638836648204 0.01222480843727288 0.05172906295273699 0.9556596825348225 -0.2898942483449347 0.0797730158550973 0.05074524674212808 0.28739255471664693 0.9564676886474114 -0.07038058566272362
0.9973073249407491 -0.06491337530418535 -0.03412262191192318 0.012400153754373025 0.05193700033662047 0.9536873644661248 -0.2962818908635683 0.08181928329311486 0.05177497093731635 0.2937118733798066 0.9544908002805298 -0.07149952290036247
0.9972211120096666 -0.06598129093633646 -0.03459079369685094 0.012580754349571205 0.052450155188396005 0.951552815084944 -0.3029789123431402 0.08387356370639464 0.052905906881148365 0.30032267538481605 0.9523692853440788 -0.07256692095186687
0.9971185501103282 -0.067214864393367 -0.03516758493922512 0.012835221350618533 0.05310018752667825 0.9495110412896578 -0.3092072970575927 0.0858405083515406 0.05417533673645155 0.3064489263704672 0.9503441947083605 -0.07360584631231297
0.9970151789951005 -0.06844092158378355 -0.03572916324418639 0.013052814962778533 0.053893643907583326 0.948328980396129 -0.3126781413645697 0.087099899044505 0.05528298110386163 0.3098192782794537 0.9491869187924318 -0.07464002641145041
0.9969035627575317 -0.06968964415580556 -0.03642307041940286 0.01332716624380621 0.054458095517900096 0.9460135568231747 -0.3195194299871767 0.08922587285033758 0.05672391377455224 0.3165465270765172 0.9468794505119935 -0.07565773936077139
0.9967420032553533 -0.07133393004890376 -0.037641059632838036 0.013800558717769685 0.05545357623721545 0.9449745618355546 -0.3224096437239526 0.09031271751501799 0.05856859080606332 0.3192719027842582 0.9458515593175882 -0.07660493994033178
0.9966506424701276 -0.07258227441173479 -0.037673734950242094 0.013852608675584206 0.05632200729544448 0.9432484029441142 -0.32727707197051115 0.09195954266002537 0.059290204571188235 0.3240590436704381 0.9441771061921114 -0.07771249411352513
0.9965915507608467 -0.07364267890012097 -0.037175755493388765 0.013831031285855014 0.057068837170080274 0.9408705441568591 -0.33392479237401923 0.09401325877678018 0.05956868956209629 0.33066504953259074 0.941866336717406 -0.07870468469660775
0.9964783985791529 -0.07503765221604802 -0.03741860386265241 0.013935937395888706 0.05798849164389515 0.9390479723958438 -0.3388602077201181 0.0956366074054128 0.06056513850386684 0.3354970287337268 0.9400923399905196 -0.07977758208801554
0.9964677451949826 -0.0754191857665347 -0.03693208908713367 0.013944294158396821 0.05795601878909351 0.9358949401601032 -0.3474791517038629 0.09833696207235904 0.060771149998541905 0.34411132995155924 0.9369601165080752 -0.0805700909680367
0.9963910487282271 -0.076296160117706 -0.037199112429690886 0.014087486692818103 0.05840615151224626 0.9342640192767804 -0.3517662060947946 0.09983730062543579 0.06159220307629806 0.34832404200125255 0.9353484710438777 -0.08156384533535545
0.9963466642609838 -0.07680395525744699 -0.03734269771752101 0.014165968702268302 0.058469166888106286 0.9321847414197602 -0.3572295681877221 0.10171808187701434 0.06224693678745034 0.3537410922143308 0.9332698208661808 -0.08249037059075254
0.9961062998034106 -0.07955399463594566 -0.03799212325498242 0.014374594317402217 0.060674774716593195 0.9312735954425067 -0.3592326017285712 0.1025759888308241 0.06395944969313372 0.35552869415709826 0.9324744159631952 -0.0835615645525016
0.9960128316857232 -0.08066968046887747 -0.03808991691296513 0.014498127969805494 0.06118974514661652 0.9284697507330664 -0.36633282280266766 0.10490910485189794 0.06491728742237687 0.3625414798705492 0.929703942751129 -0.08451230429824484
0.9959525660388056 -0.08159464351811445 -0.03769350540703944 0.014391403799026292 0.06177276116352963 0.9260256429815534 -0.37237163495469816 0.10688471636435391 0.06528868339116821 0.3685360534462718 0.9273179417714813 -0.08554005710463217
0.9957179919412177 -0.08438942645076955 -0.03773731876881686 0.014654645806554093 0.06396348158827796 0.923665723707478 -0.37782311188047746 0.10860430689998912 0.06674094356281722 0.37379145997635094 0.9251084211599714 -0.08647425017461872
0.9954666562755469 -0.08756482197930254 -0.037128670799199355 0.014421784950859839 0.06676144002328806 0.9213481499899587 -0.3829627875343744 0.11006567041527804 0.06774250046757321 0.37874792205610125 0.9230173157468871 -0.08763475222267446
0.9958385162368044 -0.08349339338748857 -0.036530847785420685 0.014391683320698123 0.06247754915021838 0.9172724920150293 -0.39332903686954174 0.11379045991407373 0.06634911778962492 0.38940984663100314 0.9186717400221689 -0.08776059749188671
0.9957437099180213 -0.08443311570858737 -0.036952850098948824 0.014465500348978335 0.06277737162469488 0.9148880577402059 -0.3987967444905364 0.11585709152201198 0.06747937292676938 0.39477954705898277 0.9162945178561951 -0.08861279521809008
0.995597152671158 -0.08634763288710673 -0.036474592360654694 0.014383306441717807 0.06424182436602956 0.9119217980786649 -0.40530435747855015 0.1178469316430425 0.0682590477168168 0.4011766699146022 0.9134538750922381 -0.08952745856249508
0.9956207605523936 -0.08600478132217741 -0.03663985189377032 0.014646494487304353 0.06337384033083526 0.9090704122402111 -0.4117945385154301 0.12014576661897526 0.06872450450017631 0.40766918350439346 0.9105398285094777 -0.09012748655838448
0.9953780746489305 -0.08806713188642191 -0.03829711202541638 0.015105726777382552 0.06444607441798715 0.9082186976697769 -0.4135039306888478 0.12090983503257291 0.07119825840776554 0.4091246478572464 0.9096965595820333 -0.09112182969692947
0.9952452130140041 -0.08961694545720615 -0.03815454179555605 0.015121344263335293 0.06545712169651292 0.905469169299576 -0.4193339345523393 0.12272480083460467 0.07212718760576044 0.4148426045319573 0.9070299235820328 -0.0921081557055064
0.9951839131142163 -0.09119397745152677 -0.03595326904810929 0.013967599427185399 0.06742297404342804 0.9030339286635544 -0.42424505448338207 0.12425258127343596 0.0711556157292909 0.41977777711431924 0.9048334079769322 -0.0931415935858199
0.9955927869604928 -0.08781710165131819 -0.032911384197572606 0.011911524915801386 0.06514398576627549 0.9000390705555942 -0.43091290604008087 0.12505317336271393 0.06746305411646773 0.4268698023179742 0.9017931626477855 -0.09430578391990789
0.9956610622379773 -0.08774243846377157 -0.030988927628643734 0.009597285925190874 0.06595919103081575 0.9003737818192112 -0.4300888723637639 0.12565060943678297 0.06563866438085397 0.4261787389171415 0.9022545362774829 -0.095181623091038
0.9958245194301191 -0.08629138611741868 -0.029787970452964843 0.008982474991678356 0.06543613945379086 0.9022682281911518 -0.4261808959235335 0.12413910463174353 0.06365247956801175 0.4224521760847449 0.9041473999111598 -0.09742549778138407
0.9949699943883796 -0.09316959103914745 -0.03679860829413996 0.010243148165352642 0.07009829835053767 0.9099928047491438 -0.40865550757716207 0.11421783742784873 0.07156073528930865 0.4040204482577424 0.9119465656245817 -0.1039084173590044
0.9940628406607227 -0.10096998948115132 -0.04054787345484146 0.008658206124783335 0.07585796034314116 0.9102745164589919 -0.4069961603478944 0.1104561915192409 0.0780040939317415 0.40150388031689915 0.912529449070201 -0.11361539473497803
0.9931594535297217 -0.1075564103701353 -0.045452375656664726 0.008957451498039894 0.07901069175671555 0.9056364447433328 -0.41662926030318986 0.10858015908690974 0.0859744755882155 0.4101880648445895 0.9079395029441033 -0.1232276000456777
0.9891533429650402 -0.1312428568006832 -0.06596193326365914 0.01642987878448084 0.10579695369202907 0.9480915080307526 -0.2998824719610363 0.05012843505329044 0.10189538110518295 0.28965117803794677 0.9516929790487382 -0.14935910166832866
0.9858725180446405 -0.13822965229610665 -0.09459355892668345 0.028920969358974345 0.12392789522941759 0.9818972784616997 -0.14324668000870178 -0.034218240461425284 0.11268209684029157 0.12950018446166944 0.9851560522455679 -0.16964794490832585
0.9831274848165453 -0.13630972762088853 -0.12198363314072402 0.040444506836669655 0.1371417537836111 0.9905501579516128 -0.0015886948077402782 -0.1074754179803681 0.121047461631572 -0.015167159851342173 0.9925308404752972 -0.17613494915628655
0.980792981315897 -0.12726322078625663 -0.1478147504025927 0.049600920514293136 0.15007924463739883 0.9764240825570737 0.15515228432622744 -0.1817850637809862 0.12458470263455416 -0.174356197588982 0.9767694550055168 -0.17148285383979656
0.9772606856085625 -0.14302449018789862 -0.15654247848546304 0.050263446460349755 0.16800089419053876 0.9727011395899055 0.1600880776062995 -0.18489085112358478 0.1293725315322366 -0.18274706084365272 0.974610824810575 -0.1728125643673334
0.9743026092576001 -0.15010639495306685 -0.16793598717375458 0.05290483859164093 0.1779463767237284 0.9700548080185781 0.16531411449400835 -0.1862554759878763 0.1380924060356929 -0.1909495735377169 0.9718378196803416 -0.1752755667937598
0.9699830169820315 -0.1689096803846706 -0.17493560712096842 0.053411604695764905 0.20009809626025438 0.9631951883991283 0.17948755087133728 -0.19239551685491368 0.1381799502078923 -0.20910415805793608 0.9680814802708647 -0.17722906722397883
0.9666652996118125 -0.18040041242715654 -0.1816972474269033 0.054987983553877476 0.2135537145254766 0.9595538193663027 0.18344284873473268 -0.19833823854327245 0.14125512216827127 -0.21612995844087743 0.9660925584671345 -0.17976884313588457
0.966815431836481 -0.17888881363188402 -0.1823916476163655 0.054752178645680744 0.21046391835137443 0.9624058580257164 0.17169712726185118 -0.20070717872485644 0.14482009472107757 -0.20438629307065617 0.9681184758952883 -0.18130822684034076
0.9678965395082485 -0.17072083420013806 -0.18447407833612717 0.05470304632528417 0.19982827770238176 0.967848968479969 0.15276463479078492 -0.20050711068940355 0.1524629405411516 -0.18472349872788735 0.9708925176245182 -0.18151382719617778
0.9674715485237472 -0.17037932093942063 -0.1870018443579679 0.052515638366105 0.20119161535687344 0.9663202119009578 0.16045928449853583 -0.21168134681651085 0.15336471793457587 -0.19286299558990777 0.969166202580825 -0.1849568532681601
0.9622231633022871 -0.1795461340051707 -0.20466990440300326 0.05778392687859245 0.2121710752806057 0.9655845833964339 0.15043220107878816 -0.2166688321248449 0.17061658424317716 -0.1881743820793238 0.9672023485859912 -0.18817685557854638
0.9551198952391428 -0.20529360670815666 -0.21354278438552496 0.06070465041506288 0.2415337645762975 0.9570754276390518 0.16021256623352007 -0.22852020663633948 0.17148593612296165 -0.20460000208769666 0.9637071198542366 -0.18890267120078408
0.9531156723623442 -0.2119880629225713 -0.21594345620001906 0.0622544082275244 0.24962182569663743 0.9541702476637551 0.1650699324806552 -0.23783924949622867 0.17105396585040591 -0.21123493946699942 0.962351464442811 -0.18877453338444358
0.9530974486397368 -0.2204211745597296 -0.2074120517282697 0.06163483265042873 0.2540219559411209 0.955143825836132 0.15222719161492265 -0.2400977026484756 0.16455424423657114 -0.19777456300755344 0.9663369613809171 -0.19309738422229522
0.9519691433673734 -0.2249640957361524 -0.207715925499229 0.06317460327146741 0.25793012842869273 0.954749350987521 0.148073379233635 -0.24309661677511274 0.16500545119827026 -0.19453748332525897 0.9669169398952175 -0.19478301778732268
0.9517546170292001 -0.22697339366316002 -0.2065096306050285 0.06417887920959606 0.2578714397460628 0.9563696600722609 0.1373295083241882 -0.24295151130354928 0.16632940066894525 -0.18395692936744468 0.9687591953683911 -0.19728335044410766
0.951976260742078 -0.228029128215884 -0.20431327824845777 0.06406150953930567 0.25764494421126133 0.9571509223033317 0.1322164689297838 -0.24334993358631826 0.16540943656848758 -0.17850722287624282 0.9699355079978818 -0.19954681503548094
0.952172505416269 -0.23021301644506345 -0.200921594132057 0.06436955287560617 0.25708157173141716 0.9589671076552353 0.11954560598976216 -0.24114654214303233 0.16515624543264176 -0.1654812783810313 0.9722856376086066 -0.2028629393924755
0.9536758008349941 -0.23140095232274147 -0.19223960613218577 0.06425708027566736 0.2541196422402022 0.9616629359272268 0.10309027641606706 -0.23810778913418623 0.1610145158966791 -0.14716656185410432 0.9759181977720276 -0.20701265035581445
0.9565261487806302 -0.22949478779185148 -0.17997185634222218 0.06396105909456568 0.24699380318803835 0.965587915267886 0.08144961065179761 -0.23349664918783097 0.15508638846011477 -0.1223606156612247 0.9802938803488507 -0.21117416379100537
0.9574299749697491 -0.2300802241569728 -0.17432995577725424 0.0645421306175745 0.2451093799468553 0.9669685126771811 0.06995203608867535 -0.23083326619805777 0.15247699790949146 -0.10970408352819111 0.9821994599701992 -0.21398060013916043
0.9559613578871722 -0.23425232533754192 -0.17681552618609298 0.06698346461396719 0.24815498665252222 0.9668110031795235 0.06079133762710408 -0.22795583907521216 0.15670668405016333 -0.10199182420645471 0.9823648420872177 -0.21725086651427486
0.9563645758681043 -0.23375911585309758 -0.1752811278495078 0.06697023416880912 0.24618138773406528 0.9677992993910229 0.052528472579904326 -0.22314766458832533 0.15735794342183004 -0.09338732169746565 0.9831161100237492 -0.22007243681808816
0.9569991479484296 -0.23134722886296322 -0.17501740063034796 0.06654856943505677 0.24341300356570789 0.9685997820765995 0.05064160203120979 -0.21777146373278478 0.1578060218150667 -0.0910654811583092 0.9832620899944788 -0.222061484350747
0.9582916468183195 -0.22783576998059635 -0.1725340011579694 0.06492762180329656 0.23887241036374454 0.9699663428521894 0.04588317012769039 -0.20891608558058825 0.15689834672565817 -0.08518307138921695 0.9839343235925133 -0.22409390832041753
0.9602306573960729 -0.22203273416642688 -0.16928836213775195 0.06241451951587039 0.23259755657263728 0.9715263426609753 0.04511033354155875 -0.19971541503068596 0.15445213262736532 -0.0826923846213941 0.984533650137205 -0.2259177832670375
0.9612885768628828 -0.2181755422753711 -0.16829647870878833 0.0613422289227811 0.2294883282150842 0.9719875598992025 0.05074732125189069 -0.19225455318685944 0.15251025934662982 -0.08740489776920105 0.9844292786381261 -0.22743733470146058
0.9614625726774797 -0.21644926651195845 -0.16952709626143428 0.061159913375069166 0.22729045593255293 0.9726845615897448 0.04715710218981581 -0.18425266603515206 0.15468926912482087 -0.0838716797936205 0.9843966534615135 -0.22944759258546737
0.9614743984220743 -0.21520665955263144 -0.17103530297311245 0.061287437513672056 0.22599278937093636 0.9730383043685501 0.046083808261935325 -0.1789500605925934 0.1565063587566038 -0.08296114702544154 0.9841865716178891 -0.2313848110780068
0.9620120660566288 -0.21348250256595747 -0.17017051994875165 0.06068556160574248 0.22408382190636972 0.973506624051129 0.045511467658280465 -0.17573765079257847 0.15594622637719543 -0.08191504151712442 0.9843630938083582 -0.232999652228099
0.961458961311242 -0.21376686277120344 -0.17291730421002255 0.06191485648572289 0.22298607635665704 0.974173455859407 0.03554275805288329 -0.1706513410407668 0.16085358393696958 -0.0727310544396275 0.9842948329919923 -0.23569774242041994
0.9616868341493447 -0.21390747725901144 -0.17147018457006646 0.0624772601678361 0.2207450096632374 0.9750917770614468 0.021625610186296045 -0.16626134515400423 0.16257328726634337 -0.05864825214648543 0.9849519322218618 -0.23801522117627313
0.9644489904421955 -0.20730445693073096 -0.1638993806323906 0.06132744611386342 0.21203574044519474 0.9771915896832077 0.011723558600784181 -0.16368757203157977 0.15773075035922812 -0.04605930078781611 0.9864073961614716 -0.23887483632042283
0.9709042255648033 -0.18689846807739036 -0.14971288324900636 0.05544282278131029 0.179169458787804 0.9817557725820343 -0.0636703073617605 -0.12640728560019093 0.15888137026754254 0.03499379419525487 0.9866773254462323 -0.23982446016659284
0.9759869228897368 -0.16811267043860184 -0.13851951626475462 0.0497992938343618 0.1494576977651645 0.9794242503811893 -0.13561170430307426 -0.08640959188321523 0.15846741913389253 0.1116524419941139 0.9810309930220331 -0.23889152549782633
0.9789057410167138 -0.15235326463291857 -0.13613240966135395 0.04700067657349512 0.13070895504606866 0.9790942005768496 -0.15585158153688222 -0.06916900420096626 0.1570309500553315 0.13477028289824805 0.9783548699588754 -0.239480706819063
0.9807228566935774 -0.14099616107006424 -0.1352876968622415 0.04480351507205432 0.12080536985877204 0.981677497611379 -0.14736130189689828 -0.07045139556661585 0.15358626557108201 0.1281771167056247 0.9797866531959718 -0.24134126943816772
0.9809330838328374 -0.13929005053162083 -0.13553068606442795 0.04538642305204426 0.11965560029724927 0.9823766148003404 -0.14359221431167918 -0.0819846501716752 0.153143143364962 0.12463734799940245 0.9803125568531581 -0.24827100253048845
0.980132444734512 -0.14109483888757188 -0.13940099432226183 0.04688948878413243 0.11999032991457263 0.9814244676270993 -0.14969413839513165 -0.08439488983879381 0.15793261697868924 0.1299933105284985 0.9788559790449792 -0.2546571965041979
0.977642919107928 -0.15302218712243457 -0.14421696490493952 0.048301457203190554 0.13112592741125892 0.979835335181435 -0.1507604294582179 -0.086907922811703 0.16437856879369483 0.12847928306989898 0.9779942535328017 -0.2580285997531226
0.9748923706118736 -0.1646391380338303 -0.1499293832116803 0.050172060043150994 0.141942635055837 0.9782488489662465 -0.15126624821692125 -0.09106736231071676 0.17157259127309135 0.12618693959239524 0.9770566525028846 -0.26318108759418185
0.9715097819560846 -0.17847610674842446 -0.15593275115754895 0.0528453404568066 0.15600465556916776 0.9768834820639491 -0.14615474645512466 -0.09941120583373506 0.1784132590487119 0.11766453072417972 0.976894962217064 -0.2674751051808715
0.9678457822852439 -0.19366482032769114 -0.16052563371656162 0.05515302561878086 0.17290362279603216 0.975692669779049 -0.13464082353967563 -0.11238317516403844 0.1826988750284698 0.10255608956506537 0.9778053842950841 -0.27256068732925165
0.9653409294216673 -0.2021691306903618 -0.1650591790213777 0.058765344630599715 0.17713311180513008 0.971976508291666 -0.15454943555825465 -0.11515613431355064 0.1916787695221866 0.11995544975134392 0.9740995531204274 -0.275961192411973
0.9618090016699187 -0.21135766881183815 -0.17392923889080814 0.06440690262929782 0.18093589361785292 0.9677245904171886 -0.17541755756650074 -0.11790189625053873 0.20539144750310312 0.1372481436534312 0.969008410880045 -0.2805178711013907
0.9621372019586861 -0.218974401341537 -0.16230285322267796 0.06371655999270058 0.18773868641323235 0.9640963246697486 -0.18780964400722253 -0.12292864093454473 0.19760108863804665 0.1502281209208218 0.9687029067023907 -0.28429593502147366
0.9616390236168236 -0.2222562609091884 -0.16078725927120363 0.06712558314477864 0.19064545244453493 0.9629296314328097 -0.19084243860026165 -0.130044339050676 0.19724274313519763 0.15286817652913484 0.9683628560024196 -0.28735884360565217
0.9617877230452118 -0.21934496227293385 -0.16386629709915437 0.07464811093720788 0.19046399519683807 0.9659540518038402 -0.1750892239328455 -0.1402520811678304 0.19669225285496764 0.13718803639250893 0.9708200658915164 -0.29060310347503177
0.9629807365873291 -0.21924059997349976 -0.15684916411948466 0.07707666163283572 0.19015911683476427 0.9648849716215844 -0.18120844854321774 -0.1420517004962227 0.19106965024918063 0.144673946728764 0.9708562395594836 -0.29225864980311717
0.9653603364705908 -0.21876331762355328 -0.14220418992322417 0.07800018961588473 0.1905110718132131 0.9633719115961462 -0.1887328574047743 -0.14242980695116264 0.17828334831375964 0.15510374208872704 0.971677866838651 -0.29489735216433716
0.9671387753456372 -0.21816619587822847 -0.13056071460803137 0.07839126838290748 0.1902145487942475 0.9616075509770439 -0.19781138321880248 -0.14137221757756327 0.1687039260062987 0.16647651149623927 0.9715063337261917 -0.29664035983362813
0.9667329485154611 -0.22099445544245266 -0.12879773646416634 0.0781420164906613 0.19296020452594315 0.960621161060498 -0.19993334987462685 -0.14202665457473623 0.16790999292450037 0.16842931926026855 0.9713072627596375 -0.2984146453510556
0.9658622359051641 -0.22322698763538246 -0.13145285559281775 0.07830855888993858 0.19482783701407957 0.9603683169566103 -0.19933592177614542 -0.1434713235825042 0.17074031503042625 0.1669203635784531 0.9710743210723629 -0.3000826579261262
0.9627848532163367 -0.22981614064941486 -0.1422317401784892 0.08087299828646846 0.1977253941666746 0.9577116020418803 -0.20902907887662672 -0.14223876624932955 0.18425524393847423 0.17312720413437654 0.9675107111912457 -0.3036841026281397
0.96362802124975 -0.22920133850736146 -0.13743283118935193 0.0790587340468635 0.1953676028567419 0.955056029357158 -0.22293380305048494 -0.13934848447681383 0.18235278011672304 0.1879753367199426 0.9650972678278232 -0.3059199448601708
0.9646151750379881 -0.22797346776338342 -0.13246003956803182 0.07885985601002916 0.19281380547246293 0.952592482314615 -0.2353516497858255 -0.13615970160530705 0.17983436964511187 0.20148364855148945 0.9628415959339979 -0.3086165190802816
0.9658952185200921 -0.22490841917144155 -0.12830678012413166 0.0776681159493542 0.1884735955769246 0.9504538687661895 -0.2472147793269881 -0.13309292936351275 0.17755036077216374 0.21460113311254583 0.9604281457019515 -0.31025345896241047
0.9643998287454604 -0.22726626687023116 -0.13521469690307694 0.080168373430085 0.18725808412531858 0.9479187769870668 -0.25765170708741936 -0.12922360926665483 0.18672809174154206 0.22315921710342826 0.9567301519113686 -0.3130286094385932
0.9659766212837618 -0.22240521765162544 -0.13200411468789874 0.0776454888777705 0.18315979253626424 0.9486331368617531 -0.25796833535514735 -0.12767083404864893 0.18259698116692935 0.22501353472439423 0.9570931259075897 -0.3141294450902005
0.9649881676344068 -0.222072801535822 -0.139576169683856 0.07823636166011766 0.18266814332491402 0.9508677398953872 -0.24996577893877744 -0.12664303020952072 0.18822907782756176 0.2157178992208862 0.9581417443238327 -0.31504241233577857
0.9643322084230428 -0.2213506344351168 -0.14514574893224855 0.07725664098855739 0.18113734211274282 0.9516992039996179 -0.24790701563051382 -0.12027952062710255 0.19300946891348023 0.21277340468598951 0.9578490607439525 -0.3148764027242304
0.9655626855729009 -0.21666043107188 -0.14403804301985437 0.07145815070096308 0.1750263820883412 0.9505580621263776 -0.2565251178727233 -0.10918178482541116 0.19249536566449776 0.22248062417724296 0.9557446866519315 -0.3170718290875539
0.964241110930659 -0.21876408416029403 -0.1496039955105193 0.0689403361937864 0.17834038031497382 0.9531521078136649 -0.24432717433695578 -0.10275859693122054 0.1960453741874943 0.20890987255723054 0.9580829172925536 -0.3160762044970128
0.9630623917454626 -0.22456897086620745 -0.14859208232472185 0.06045909406018146 0.182919621895507 0.9505421785884564 -0.25101788511960416 -0.09176823362886707 0.19761386978425763 0.2145654772986711 0.9565094952066535 -0.3165507643537264
0.9581283094798598 -0.23870455401541488 -0.15814638303028972 0.06048923519102084 0.20003515390135884 0.9531766761149452 -0.22680423566178692 -0.09195333924698007 0.20488064763886626 0.18567272282909375 0.9610148595210756 -0.316666782343766
0.9572190069076001 -0.2436472912737579 -0.15610179457579482 0.05582215013616765 0.20385970348472746 0.9506797815382559 -0.2337716284528468 -0.08230714970860697 0.2053606440142375 0.19194778047515268 0.9596786209251114 -0.3169850850478253
0.9553767330698086 -0.2481316497813568 -0.16026846940567382 0.05687152876917516 0.2083062117035776 0.9506246638167309 -0.23004623602448873 -0.0795765244547313 0.20943691191993827 0.1863959037106571 0.959892049662529 -0.31830616112195526
0.9536685022746982 -0.25460724779504473 -0.16028579830840353 0.05793374506448228 0.21457328039653756 0.9490374872048077 -0.23083794146512557 -0.07757601772855283 0.21089024422433295 0.18574982436121043 0.959699071397271 -0.3198064952068725
0.9537116035340265 -0.25929949292147464 -0.15230873335176154 0.057610103734822934 0.21871520602571054 0.9456930175148524 -0.240475311158521 -0.07482778178242018 0.20639243188083053 0.1960318586207931 0.9586311462017064 -0.32050506007758894
0.9540272281939131 -0.2715121420935251 -0.12693779799736998 0.0509297439553062 0.2246272480335782 0.9281043717223548 -0.29692570557416736 -0.05364168318467989 0.19843045962124164 0.25476151963285526 0.9464258665151032 -0.3164336648102297
0.9549393623539085 -0.27155269881401206 -0.11979126008993056 0.04936684444969414 0.22698727381894995 0.9282327951216 -0.2947213185112094 -0.051829308537257056 0.19122654562415775 0.2542498964160494 0.9480450402913793 -0.31209330065026136
0.9578223844586253 -0.26476469941843056 -0.11169571957715252 0.04853589877647605 0.22354960143593264 0.9307684219839952 -0.28930212639256897 -0.050549510702492056 0.1805598391886344 0.25213051893671073 0.9506988723527982 -0.30793146896779416
0.9599110761915174 -0.25923473823871424 -0.1066211812687532 0.05013635793413518 0.2145092459960808 0.9242256930715279 -0.3158997493646509 -0.04147787836265259 0.18043422399043904 0.2803644391800829 0.9427827279157207 -0.30412318061859095
0.9613103424434294 -0.2546781650251761 -0.10498313088635564 0.051299203845875906 0.20960249034717537 0.923546194844302 -0.3211373880893896 -0.04018438946390257 0.17874345177251907 0.2867079668373784 0.9411956864544294 -0.30316546475312195
0.9608511333798562 -0.25296372272071377 -0.11302413224581305 0.057666282411517576 0.20453138742349972 0.9227869069610922 -0.32654438580352546 -0.037046956101444185 0.18690107287348479 0.2906435606175745 0.9383998665975399 -0.300659819188613
0.9584123383542829 -0.2550024828973203 -0.12813868817212107 0.06787723550277439 0.20096003389133005 0.9218339019363258 -0.3314171420117651 -0.03336950699436953 0.20263478099444313 0.2918835229283306 0.9347422931344676 -0.2996157989266434
0.9596176269392571 -0.25512930050176846 -0.11850337587149704 0.07301844572815995 0.2044809229015544 0.9219270107993323 -0.32899565183743495 -0.03162057490270439 0.19318789360824773 0.2914783470244213 0.93686648514029 -0.3012584310347015
0.9582429945124338 -0.25749097000851257 -0.12437348524469724 0.08064345815740946 0.20523154535881075 0.9221477675531887 -0.3279077729885443 -0.029893477569752015 0.19912402230135892 0.288689963734017 0.9364869078539122 -0.3038158532897721
0.958695362724747 -0.2586769414820459 -0.11827696916794592 0.08167849714159704 0.20864645104517252 0.9221784563486504 -0.32565864507590814 -0.029697456617784335 0.1933128551243163 0.2875293630082287 0.9380602355135665 -0.3053257330398715
0.9588744797772704 -0.2567540829987067 -0.12098377120654492 0.0889496430317222 0.20812041580181914 0.9258596173423018 -0.3153884295614631 -0.034070946863187325 0.19299125513437584 0.2772387235547424 0.9412189254383891 -0.30944485164940916
0.9563597708481688 -0.25870772369535855 -0.13581716534959473 0.10017518324473632 0.2049983320909145 0.9253045059585934 -0.31904114952881596 -0.03197354861991471 0.2082106446442538 0.2772758282885343 0.9379586571399253 -0.3124976082764629
