1.0 0.0 0.0 0.0 0.0 1.0 0.0 0.0 0.0 0.0 1.0 0.0
0.999061083973566 -0.0009962856663822462 0.04331232970452839 0.0005976081462742271 0.0011631729668864297 0.9999919963761362 -0.0038280820678721914 0.00015578791653101236 -0.043308169185638824 0.0038748675513133376 0.9990542467169877 0.024783329920719865
0.9961554154230946 -0.004988266889065558 0.08746145160402807 0.0032468005319936277 0.005808878177856982 0.9999414433327738 -0.009130544336716088 -0.00021197522052508318 -0.08741078456091733 0.009603494104406758 0.9961260601166058 0.05556344230314256
0.9911939034150093 -0.005040989160461761 0.13232246317688567 0.007194512784217233 0.0069193624495373415 0.9998816680338775 -0.0137394451520148 -0.0004778813460254781 -0.13223754480557312 0.014534041353918396 0.9911114939227156 0.08751781314721717
0.9840802589148152 -0.0028622904413541333 0.177701579361514 0.011981861018705808 0.006095999908971443 0.9998255705023724 -0.017654103056185495 -0.0004138315748141602 -0.17762005179386933 0.01845632311805148 0.9839260548118978 0.11455157857347942
0.9748874108865759 -0.006799857818573541 0.2225944698965174 0.018778437676425806 0.01112393643168392 0.9997728874843818 -0.018177774600034682 -0.0007647238475181605 -0.22242030962375736 0.02019741034868063 0.9747416429403636 0.1455551784179086
0.9635186223105349 -0.007873725623266036 0.26752545468723965 0.027665466894889017 0.01380256868100845 0.9996988885832712 -0.020288451473259035 -0.001298384420410441 -0.26728515401834546 0.023240839274567153 0.9633371734918174 0.178888596010221
0.9506502078007778 -0.01073152435176015 0.31007904926554036 0.03989880695724473 0.019070342107467293 0.999533077017595 -0.02387362560749047 -0.0015878112169280165 -0.30967806583650337 0.028608780694570863 0.950410981211251 0.21653540972390722
0.9361107490879971 -0.013187473928094896 0.35145804297711136 0.05065566325195208 0.024129155884586743 0.9993503550322893 -0.02677035175596914 -0.0017250339526960006 -0.3508766867123012 0.03354039994151615 0.9358208120647679 0.24580565397428228
0.9193249752318378 -0.012965536465368663 0.3932855003418548 0.06349435127936268 0.02630754905977818 0.9992460392887823 -0.02855286024467644 -0.0019323023100524866 -0.39261877537561185 0.03659573513197855 0.9189729318063216 0.27651339861481666
0.9003771307114733 -0.012616758474751041 0.43492739612188275 0.07642513333519155 0.027314829965816606 0.9992469028114209 -0.02755952259609259 -0.002665460835812481 -0.4342521416823523 0.036693931751393016 0.9000436838381322 0.30464210974721273
0.8796142740670475 -0.01217324069954506 0.4755318507401673 0.09546039664113014 0.028565428251277315 0.9992201610197201 -0.02725960602335171 -0.003376986483206986 -0.4748291747210978 0.03756170952710023 0.8792760504023093 0.3394580757928683
0.8564272179055155 -0.012221667450009582 0.516123097017908 0.11388839108718338 0.03022940983338847 0.9991916273601633 -0.02650046404265426 -0.004188942784341966 -0.5153819973686902 0.03829781531748817 0.8561043593687445 0.37096573552382117
0.831862519758731 -0.012130851323737124 0.5548491602830565 0.13071019418859148 0.032828374299092355 0.9990860391921665 -0.027374881409602005 -0.004644480797916471 -0.5540099692799133 0.04098693374079785 0.8315004661459897 0.39665581769189423
0.805864100839654 -0.01345896563432576 0.5919475544522055 0.14863620542753364 0.03727245588713526 0.998911953310834 -0.028029869155554752 -0.0050628022560562464 -0.5909262348297245 0.04465160441451231 0.8054889317757112 0.42103516599312496
0.7783395115560672 -0.011664044037767541 0.6277352585504058 0.16940083089263444 0.03881471132939991 0.9988088665348661 -0.029567994787489147 -0.0054241496917956 -0.6266426596833923 0.04737930147250778 0.7778651418188778 0.4464661073787125
0.7488339050581461 -0.014629410636880905 0.6625962292224294 0.18986386534624375 0.045023023703756174 0.9985696983257963 -0.028835480264774623 -0.005961448902045372 -0.6612266706447469 0.05142507102520053 0.748421506971919 0.46976829911174234
0.7182061123992171 -0.01347941164355212 0.6956998530790012 0.209799285629845 0.046923839993520226 0.9984746223097154 -0.029096079525173794 -0.006449982086346528 -0.6942464500108471 0.05354189075122896 0.7177430825735078 0.49043252639752255
0.6849699490023502 -0.012317371044406939 0.7284671930391025 0.23195932827086857 0.04990684986111126 0.9983018007439293 -0.030046979355182718 -0.007222363942270072 -0.7268600108003299 0.05693678074834359 0.6844214547319223 0.5121412091971426
0.650717969287602 -0.01331358516414511 0.7592027877295324 0.2534929761487117 0.056240794774171196 0.9979450028357946 -0.030704141711462737 -0.007675354896139878 -0.7572338459481237 0.06267790491987883 0.6501295123169455 0.5309576409318476
0.6152926271186824 -0.011150280060905472 0.788219927601396 0.2747614428699282 0.05845591828747763 0.997792375206871 -0.0315163702891179 -0.007973894801215832 -0.7861284173915576 0.06546790995286672 0.6145860917201504 0.5479924077706894
0.5797510263793437 -0.009690859819755116 0.814736052134707 0.2950628576292273 0.06371908114374945 0.9974061976595333 -0.03347768762251496 -0.008020101079913997 -0.8122983602779772 0.07132295637667097 0.578864759493443 0.5613448801667063
0.5422840424598548 -0.007983186906528907 0.8401572983794227 0.31934855966975856 0.0704665725666851 0.9968639242874896 -0.03601081233258367 -0.008415127567597642 -0.8372350204357791 0.07873109411766065 0.5411459464644791 0.5769906930603692
0.5052403161411594 -0.006672308106478525 0.8629528974689814 0.34065691319030955 0.0734998229493554 0.9966693654316328 -0.035326364609490374 -0.00893759755021191 -0.8598430083288416 0.08127518880102048 0.5040479587433787 0.5894674965053179
0.4675171254968184 -0.008365026508529706 0.8839444347348427 0.3613616421706451 0.08050888918925493 0.9962023645768824 -0.03315369621841646 -0.009418429510718708 -0.8803102044897029 0.08666530530115507 0.46641512489236026 0.6009001658777772
0.43209098846493293 -0.008682757139159386 0.9017882164986726 0.38788719701638547 0.08651311118732884 0.9957409722309908 -0.03186530736040262 -0.009694849388863131 -0.8976707967178638 0.09178521639646801 0.43100187328011713 0.6128875765524792
0.3978571602278669 -0.005491205505251183 0.917430938391285 0.41391816970148054 0.08980684685693248 0.9954127370721751 -0.03298807560466731 -0.009659983988059787 -0.9130412971563947 0.09551612186737393 0.39652523267805606 0.6244186012380158
0.3649011499015409 -0.005924309321955918 0.9310274181567308 0.441233525990807 0.09225043614251471 0.9952891312300922 -0.02982284840129451 -0.010094339289699413 -0.9264647903898173 0.09677007706057043 0.3637286685891621 0.635549411821593
0.3323409317568572 -0.007272859138137524 0.9431312796206783 0.4677273375959597 0.09659390587706716 0.9949746208674667 -0.026365150806609946 -0.010483935481732718 -0.9381999373408614 0.09986295283837748 0.33137330644456825 0.6451802640444293
0.2998971073150441 -0.00652476961395977 0.9539492399522895 0.49602296359962506 0.09846358618491859 0.9948475781659308 -0.02414991538264519 -0.010964876425297365 -0.948876518425698 0.10117175296923916 0.29899436312656297 0.6548064075611018
0.2690127839046972 -0.002895856831707287 0.9631322526574697 0.5228139483792045 0.09783455762629031 0.994905129235163 -0.024334813655206646 -0.011007048542735147 -0.9581547481643624 0.10077399384154592 0.2679255134086951 0.6624680070088509
0.23931946616234417 -0.0002969379381634082 0.9709408349346672 0.5558899003994722 0.09905916765526687 0.9947893692801446 -0.024112073130698138 -0.010824680403021493 -0.9658744610037149 0.101951079420844 0.23810187522510115 0.6705522265706385
0.20974262031603777 0.0004911165249236232 0.9777565095807436 0.5879492035833996 0.10303087365342622 0.99442135473947 -0.02260106883159243 -0.010999606640093949 -0.972313052621004 0.10547951480111036 0.20852194047665423 0.6776922690066736
0.18021430826623835 0.0010699682686820965 0.9836267880980178 0.6165768171088414 0.1063253607515984 0.9941187729128919 -0.020561687751952957 -0.011183320032975093 -0.9778638559416979 0.10828998342446326 0.1790406622328203 0.6831506612093774
0.15097498496142006 0.0011680275210352532 0.9885368934074271 0.6486674770553376 0.1074131429984995 0.9940590449995579 -0.01757929935326213 -0.01109456405967547 -0.982684573312864 0.10883588914635499 0.14995258786243085 0.6880944740448928
0.12221367204293387 0.0012383743547625548 0.9925030401942038 0.6770491515240725 0.10955304898858577 0.9938717994332882 -0.01473009669156868 -0.011154316722123423 -0.9864390238748106 0.1105319533899395 0.12132905446230902 0.6919916512225203
0.09535185859515675 0.0024110351608944217 0.9954407114298165 0.7088180234327158 0.11335904648738211 0.9934655368366068 -0.01326475395268143 -0.010870854895000125 -0.9889680225578191 0.11410702882560043 0.09445547274072108 0.6955404711665717
0.06981288856803895 0.0036785167729632673 0.9975533214340648 0.730462280299334 0.11766677072058289 0.9929818755654628 -0.011896464461603728 -0.01076102385772576 -0.9905961294382181 0.11820940450254903 0.06889009383921982 0.6980116354578034
0.047344522249222615 0.0048353866495275 0.9988669156844365 0.7591499599888684 0.12281255062497501 0.9923730073758541 -0.010625047801782883 -0.0105316288177455 -0.9912999413003032 0.12317643146215844 0.04638957975954953 0.6996472456056486
0.027715561114466075 0.005062671307698798 0.9996030297229682 0.7921384569453749 0.12935928981557743 0.9915604195795973 -0.008608627157772657 -0.010621439886720483 -0.9912103822148574 0.1295465309545659 0.02682674984261213 0.700639567287589
0.010113637014729025 0.0050892559502487165 0.9999359048560084 0.8314794890773436 0.13378761210809229 0.9909893817144589 -0.0063968879629093395 -0.010419190706330083 -0.990958419507474 0.13384373277471173 0.009341627491121862 0.7016926678463418
-0.004907865840323011 0.00578219839418344 0.9999712391037157 0.8697824150603045 0.13702326817256227 0.990554929593005 -0.005055238699246515 -0.010147228594288397 -0.9905556707385035 0.13699451682723293 -0.005653806423103833 0.7018135799547413
-0.019292537358590642 0.005857716016424388 0.999796721921679 0.902368525679144 0.13979013475370297 0.9901762893822242 -0.0031038960663283288 -0.010095262378070876 -0.9899931899906242 0.13970183645292705 -0.01992186396577976 0.7017331913726256
-0.032179788434054925 0.005536569889606656 0.999466761633519 0.9335907334547472 0.13970297680045404 0.990192962879199 -0.0009871867119617544 -0.009948722958480476 -0.9896704196294013 0.13959671435377832 -0.032637675349182146 0.7011680190846871
-0.044336069222557534 0.006459796406808022 0.9989957877770416 0.9684683292055483 0.13964763395737623 0.9902012402493238 -0.00020527738994389902 -0.009921075396294977 -0.9892081941108272 0.13949829690387935 -0.0448037260160112 0.7003034389996496
-0.05593483671066499 0.010192504960084793 0.9983823951196186 1.0002792459003547 0.14053575291259018 0.9900730836538882 -0.002234094306667146 -0.00952219910190703 -0.988494307619142 0.1401834578925718 -0.05681198762443397 0.6991898689635895
-0.06484839899061455 0.013923858303479341 0.9977979812157844 1.0121327581455202 0.14107530204304877 0.9899879656871142 -0.004646175647820206 -0.01019215180711161 -0.9878726862819021 0.14046335452577155 -0.06616344711055129 0.702019744898012
-0.0720260262538019 0.016820616545381712 0.9972609078877585 1.0543377558921383 0.14290281187954873 0.9897162114774126 -0.006372369709439346 -0.01157449757102089 -0.9871124747965702 0.14205241144672304 -0.07368903923356679 0.7044326262267676
-0.07974170734322407 0.01833607129919855 0.9966469026687911 1.0936164431753916 0.1431292297559956 0.9896809476242352 -0.006756145280342412 -0.01147967627286928 -0.9864863322415817 0.142110556957971 -0.08154327625042035 0.7018860013095942
-0.08565238788750654 0.02008593354227494 0.996122594725619 1.1211545242800904 0.14343681671138667 0.9896301291343297 -0.00762149075135111 -0.011215746728167225 -0.9859460168086671 0.14222785515961492 -0.08764524605375577 0.6998897353929789
-0.08999959683304723 0.0221151799879699 0.995696234493224 1.1539381896244674 0.14435583053222356 0.9894855557939264 -0.00892911342383981 -0.012052753063856222 -0.9854245109399529 0.14293094027985515 -0.09224575626810863 0.7011137550519468
-0.09468500225078799 0.024365652510634557 0.9952090560914807 1.1909737816594752 0.14305707624177494 0.9896574691505563 -0.010619166241753221 -0.011969888988742813 -0.9851748186418121 0.14136622203428234 -0.0971913987029226 0.6980247328346014
-0.09888738724232554 0.02568583482070762 0.9947670694860916 1.2305598721516977 0.14373874325610086 0.9895515807746048 -0.011262445277811743 -0.01206593997719173 -0.9846626114215713 0.14187285461300286 -0.10154621998092467 0.6945841228282451
-0.10180653171209861 0.025054699051250285 0.9944886586362873 1.2643920328176252 0.14284584014456336 0.9896912434900015 -0.010310601951702884 -0.012165028753970908 -0.984495046231393 0.14100888133257375 -0.10433599250109485 0.6916504069997521
-0.10372363733611017 0.023620051886236917 0.9943256509849558 1.2985758353234431 0.1437762828084378 0.9895736335994901 -0.008509064959689385 -0.012236050255887561 -0.9841594319822173 0.14207785483174915 -0.10603817994879454 0.6883545689272529
-0.10582832885692998 0.022926886626581298 0.9941200745790012 1.338821305584249 0.14326919860549134 0.989654786877536 -0.007572287720165787 -0.012232619257622866 -0.9840092995202309 0.141625423847516 -0.10801822891401874 0.6845964122387528
-0.11030564682771977 0.023786728780570435 0.9936130312208247 1.3826610113019142 0.14633124849796747 0.9892076963121337 -0.0074363478849264865 -0.012636123198210513 -0.98306654402993 0.14457636421891074 -0.11259593650881057 0.681299998188134
-0.11219770907835967 0.023793059403700106 0.9934010088588483 1.415267219790249 0.1475205019089704 0.989034034813444 -0.007027054657756997 -0.012999596490583024 -0.9826746031083226 0.1457585959895664 -0.1144773169717775 0.6783765112559824
-0.11203745048355628 0.02535871545805085 0.9933803628215429 1.4568441638726368 0.149379010988241 0.9887443916200682 -0.008392801441413135 -0.012962215753632914 -0.9824120931489622 0.14744986805751126 -0.1145644606520819 0.6738185866208921
-0.11250643745495001 0.025657611269560093 0.9933196809261023 1.4962357696144146 0.14863547760823428 0.9888537186839628 -0.0087073440881304 -0.01325337518353589 -0.9824712699755517 0.14666291292906 -0.11506604035854825 0.6701133398746084
-0.11285962602145297 0.027697374094023182 0.9932248286680069 1.5391325365056365 0.15019655090985037 0.9886003799630241 -0.010501658523700648 -0.015447133700064914 -0.982193311374644 0.1479937302903708 -0.11573311922547373 0.6717362854964093
-0.11193080530695958 0.028104616427136426 0.9933184914008281 1.5803050090946997 0.15068286987500604 0.9885210702549889 -0.010989376149831228 -0.015639613493988333 -0.9822251104250864 0.14844603126191566 -0.11488084371651405 0.6677152872527972
-0.11118316087161767 0.027456326505154602 0.9934205830731695 1.6256844608831558 0.15139951031600865 0.9884182204860855 -0.010373508914102002 -0.017718571799754765 -0.9821998233631866 0.14925003030472223 -0.11405233640469783 0.6668998817153139
-0.11065845588933833 0.028439129095618004 0.9934515197413852 1.6729913619804166 0.15240199966538506 0.9882538187595088 -0.011314601417538043 -0.018146968108032742 -0.9821040355472455 0.15015194185733516 -0.113692821753582 0.6622826551371843
-0.10990078899419002 0.029445916625778452 0.9935062931720766 1.7211634974525445 0.15228448612512338 0.9882583479146263 -0.012444800627505805 -0.01847570041824517 -0.9822073364947279 0.149927901909948 -0.11309452844775057 0.6575948440293437
-0.10913960940277162 0.03025167825046629 0.9935659925855145 1.7689457242038573 0.15388918426890988 0.988000231798555 -0.013178047315473266 -0.0190036103681434 -0.9820420890290121 0.1514608131796129 -0.11248536547707037 0.6528310730369457
-0.10793742031356765 0.03059480766408007 0.9936868073191109 1.8219618090750376 0.1544078989832908 0.9879129624059001 -0.013644758772582366 -0.01944762011199764 -0.9820935362925592 0.1519603121028446 -0.11135685662763437 0.6475278854976718
-0.10713160081223365 0.029243692562592873 0.9938146842106482 1.8748285758756638 0.15661430591808292 0.9875847634952927 -0.012177606240211376 -0.020161678475494202 -0.9818323580373646 0.15434099052827477 -0.11038151726419265 0.642513253066734
-0.10628223412908237 0.027699777836129633 0.9939501038866879 1.9238928318184083 0.15860260596796152 0.9872860827160863 -0.010554821424080093 -0.02078213121337135 -0.9816054706900876 0.15652128667677048 -0.10932422754515791 0.6375465068531758
-0.10505845024119971 0.028987333049898648 0.9940434882617407 1.9751379190583214 0.15989738019936062 0.987062098380287 -0.011884517090864922 -0.021378851984537775 -0.9815271518599499 0.1576963806298542 -0.10833421296130319 0.6324308002148135
-0.1041129393138572 0.030926125200898043 0.9940845389842282 2.0265621482979848 0.16192238803061418 0.9867078619322789 -0.01373810232497715 -0.022079956736759485 -0.9812958963135936 0.1595342282429898 -0.10773668779492279 0.6273921514184504
-0.10356068073292288 0.031026682271245477 0.9941390900640469 2.0732433846249347 0.16233203232007967 0.9866385325639133 -0.013882267212442352 -0.022701094860291423 -0.9812866536792262 0.159942961856293 -0.10721358245889011 0.6225862080117848
-0.10374821643326866 0.031204897245673182 0.9941139582436215 2.11401904138914 0.16322208894988283 0.986490986868251 -0.013931349774440167 -0.023341214993702602 -0.9811191860654643 0.16081600422715267 -0.10744000892897981 0.6190529642472357
-0.1033306637090141 0.030805927147273225 0.9941698892996356 2.170676987562193 0.1635078676015209 0.9864486667654355 -0.013572216808433903 -0.023927877372158627 -0.9811156665602 0.16115217246220304 -0.10696740690908146 0.6137764834650055
-0.10297568900240726 0.031303273890019204 0.9941911850938149 2.2288346415597937 0.16504049968696186 0.9861880350245882 -0.013956827627233515 -0.02474522771029786 -0.9808963456642932 0.16264459603105152 -0.1067197003572322 0.608181163766391
-0.10265854085161386 0.031435955401660526 0.9942197969755986 2.2895697280552487 0.1657908407919192 0.9860607164735624 -0.014059179817836652 -0.025481376317767975 -0.9808030490877019 0.16338924118688403 -0.10643934782140989 0.6025634518416955
-0.10322060192379857 0.03263006608868649 0.9941231242283497 2.346761322048967 0.16691529636045735 0.9858567083555662 -0.0150277886339269 -0.026586875745823448 -0.9805533086882101 0.1643831785109791 -0.10720717999852902 0.5973851196731524
-0.10406446727470904 0.03383243200588189 0.9939949462625033 2.395559021361071 0.16724304191321807 0.985785149806336 -0.01604379484130673 -0.027452752667256483 -0.9804082576062133 0.16456914949608015 -0.10824344530589974 0.5930622228982136
-0.10533449226376287 0.034641476548812396 0.9938332922789676 2.4642128404325394 0.16673259569913076 0.9858608529887625 -0.016691916477637958 -0.028735187848582602 -0.9803595698879937 0.1639461699668023 -0.10962101569612387 0.5866985509295909
-0.10634106240962385 0.035569812926998 0.9936932961703673 2.529336258026571 0.1661177034201485 0.9859503635200583 -0.017515401367854143 -0.029979240193624027 -0.9803552861366199 0.1632074418738293 -0.1107557847743934 0.5803790982206174
-0.10714433600336368 0.035312750757826764 0.9936161738298711 2.6012044718853677 0.16538865205792336 0.9860782883650714 -0.017210548668496153 -0.031302991657366504 -0.9803910877975521 0.1624888268433331 -0.11149303170250162 0.5735972217201835
-0.1084812512254987 0.03535599207196908 0.9934695626727352 2.6630852277319295 0.16546917002372513 0.9860680136012635 -0.017024286302632096 -0.03248908173587235 -0.9802304687695725 0.1625417680999594 -0.1128202185724196 0.5678477074691073
-0.10905400137689043 0.03494066102023551 0.9934215494900224 2.7353057398104412 0.16308129739239738 0.9864696962824381 -0.016793711836359377 -0.03369912986857944 -0.9805670375984029 0.16017705367467255 -0.113276635947572 0.5609781055919172
-0.11045515385342483 0.036130198761179434 0.9932241779803253 2.8131593978842364 0.1628870526526984 0.986484675222824 -0.01777058323838396 -0.03511795835917963 -0.9804424853428882 0.159820506468952 -0.1148474581637459 0.5533773329729261
-0.11363361450423307 0.03731490246291249 0.9928217361182651 2.884936387252628 0.16176841655488083 0.9866540498962802 -0.018567854711598494 -0.036378296447829056 -0.9802644444536565 0.15849726772865014 -0.11815343864027696 0.5465236973652545
-0.1174017393926099 0.038479793703949224 0.9923387209335784 2.9642037146144617 0.16241759391321875 0.9865384029975195 -0.019039553527871775 -0.03821416086350292 -0.9797128950743865 0.15893799069952114 -0.1220711199971863 0.5380578693282408
-0.1219384601244047 0.03806072189695648 0.9918076393087376 3.0460537222612976 0.16109558908519486 0.9867735263297922 -0.018061531273867858 -0.03991811837484144 -0.9793769566003627 0.1575734406026124 -0.12645705870717908 0.5288198965925547
-0.1268640439279416 0.038069387467581546 0.9911893038648529 3.12615896549979 0.16069647194970596 0.986851631633359 -0.017334965978927155 -0.0415413184038668 -0.9788167133131579 0.1570814402799258 -0.13131360500121964 0.5198509265082026
-0.13143951949745786 0.03936574407222772 0.9905422711363291 3.2049738556605445 0.15948537253378758 0.9870350170774775 -0.01806352708134267 -0.043376344141520244 -0.9784109916911411 0.15560274180263914 -0.13601366873025542 0.5105640775998206
-0.13610780244556672 0.041384509904978745 0.9898292723764855 3.283269777687697 0.16065367055557672 0.9868246988510546 -0.019167990884321005 -0.04521709202122862 -0.9775812315354995 0.15641079271407457 -0.14096311458000144 0.5005326863761124
-0.14096937279885594 0.043664953474562763 0.9890505587535762 3.3633575617927898 0.16038486218495618 0.9868373177751304 -0.020707588664406144 -0.04715178675168912 -0.9769361964399798 0.15570960177344687 -0.1461170352865935 0.4901170684986811
-0.14624585410518562 0.04440722368979689 0.9882510554718416 3.4467494085488517 0.15902752139865634 0.9870545989388615 -0.020819849937950108 -0.04904364524570512 -0.9763823009430527 0.1541142991347744 -0.15141461358584712 0.47911126490635386
-0.15117002813447894 0.04453371106489758 0.9875041119775698 3.524886820705489 0.1575699320176426 0.9872970322277376 -0.020403104622884253 -0.050850421159461597 -0.9758685050342497 0.15251661789157595 -0.15626689396394175 0.4681983874367687
-0.15598560641128761 0.04434016270423486 0.9867636193961877 3.6042028459706996 0.15618683555930601 0.9875313537995076 -0.019684960271145458 -0.052862009292091394 -0.9753328472836741 0.15104891669346165 -0.1609660267735334 0.45641502226677166
-0.16089702262036726 0.04421080452329995 0.9859805032937026 3.692842128482686 0.15579876164250092 0.987608754939837 -0.01885982600244929 -0.054969276896192694 -0.9745967853335907 0.15058005156587717 -0.16579129677957474 0.4428978334210119
-0.1661865366253631 0.04454767103916725 0.9850875798879268 3.780583993421576 0.15653264819351786 0.98750416933282 -0.01824953697539541 -0.05692813937972376 -0.9735910666671074 0.15116554023744375 -0.17108306272313994 0.4291747847809778
-0.17092856981439972 0.04634580124607283 0.9841928117640685 3.859762051075727 0.15795268732203216 0.9872627497065254 -0.019058111387375565 -0.058877437566440205 -0.9725401650260809 0.1521983237383545 -0.17607185369127606 0.41604910672865325
-0.17639472465814418 0.048159985137006395 0.9831406394531664 3.9333862637376695 0.1585799235576059 0.9871455039327568 -0.019903816463222153 -0.06056926411867018 -0.9714614294748122 0.15239543922618334 -0.1817644661253038 0.4037608146155658
-0.18192372424674527 0.0487416298259435 0.9821038703101138 4.016436096454245 0.15983165857884352 0.9869541213702407 -0.01937532519020768 -0.062449606748273566 -0.9702358473444148 0.15344645917127334 -0.18734082495726326 0.38944878019809187
-0.1870658099017856 0.04932366144095177 0.9811083320346674 4.090920093137765 0.15945103340759015 0.9870187499919276 -0.019218613623739104 -0.06388112270821242 -0.9693202518832692 0.15284359190501234 -0.1925021706436921 0.3759480319879946
-0.1916072445297889 0.05067678480031396 0.9801625004691845 4.160507842853124 0.15903162288471412 0.9870719893273923 -0.019945696476005748 -0.06541463607821102 -0.9685017329702409 0.1520550931983603 -0.19718935535693038 0.36279479280913884
-0.19617675582230631 0.05184546680200246 0.9791969812285561 4.223946228351412 0.15956349893725813 0.9869791347516572 -0.020289834197549653 -0.06717000723083145 -0.9674989252097072 0.15226370262458286 -0.20189500880684827 0.35029112848607846
-0.2019641224945142 0.051246559669791795 0.9780512682610413 4.294542986980621 0.1592273663525321 0.9870621788453757 -0.018838813589242824 -0.06972951437185729 -0.9663628402569404 0.15192776314757186 -0.20751100152887683 0.34433767368738705
-0.20391256581959355 0.05139747014906352 0.9776389750634666 4.347901208735935 0.16103098203410782 0.9867798495104391 -0.01829074698533311 -0.07159798542668942 -0.9656545388108543 0.15370045108075212 -0.20949339610491705 0.33648877804611377
-0.2063580524884058 0.052628214151185265 0.9770601953044903 4.431439130317054 0.16264520337292643 0.9865057680054691 -0.018785832739438554 -0.07309387234708375 -0.9648641831848532 0.1550375463144066 -0.2121331356479598 0.3188848592257679
-0.20952603923387342 0.053732105120808164 0.9763256115468093 4.522728071160762 0.16343367378484722 0.9863672643090126 -0.019210782720613388 -0.07542107792938264 -0.9640478583328504 0.1555393222912995 -0.21545126146070448 0.30034135504397425
-0.21303899757727301 0.05404022589588207 0.9755480713406144 4.586657607521881 0.1630995804267312 0.9864261572919683 -0.019025327193538003 -0.07853038430844189 -0.9633342682453984 0.15505834448786932 -0.2189611779032652 0.2916568633514856
-0.21698332073220247 0.055049867203283157 0.9746218500756727 4.666538700719933 0.1613325081334502 0.9867011813073086 -0.019814152167775937 -0.08057067954941578 -0.962751297243166 0.15293884701951382 -0.22297903203876457 0.27533299866132654
-0.22058459542549935 0.056171757616684345 0.9737490281932102 4.7237867682670265 0.1608334331898311 0.9867688720233395 -0.020489020819800256 -0.08247589483520702 -0.9620161344953335 0.15209183690137446 -0.2267003090395418 0.2605507158857021
-0.22490026871205676 0.0560065682302497 0.9727708535150068 4.792773889060867 0.1596930910834396 0.9869660412831035 -0.019903517633136605 -0.08466196601306328 -0.961206526087637 0.15086847804967682 -0.23091278989590772 0.24392799467863763
-0.22857227964683902 0.05699419372623286 0.9718571782204128 4.857873259838658 0.16001358449799705 0.9869072263567649 -0.02024300720981629 -0.08681671101874149 -0.9602866060469403 0.15088336040229905 -0.23469947976201122 0.22721615457100633
-0.232554047440929 0.057658493953912926 0.9708728614467542 4.92707206266507 0.16020263955258476 0.9868767099819238 -0.020235453432904605 -0.08906026923983301 -0.9592985610847273 0.1508305584761136 -0.23873921615552665 0.20748017269894845
-0.23591486067982656 0.05802467876946971 0.970039852358715 4.989182284452356 0.16006098569742108 0.9869023340730245 -0.020106313903412783 -0.09067276161680074 -0.9585012568421547 0.15052215669100572 -0.24211241392604957 0.19250729567456523
-0.24023845584953213 0.05784510530745129 0.9689888689365846 5.058619292519085 0.16009633404435977 0.9869142012457227 -0.019222986372312293 -0.09258158654136707 -0.9574208312735791 0.1505134650836345 -0.2463555330653785 0.17616366374339368
-0.24397811472583505 0.05857416743364718 0.9680101995559146 5.103232384606178 0.16191569931374078 0.9866237543458325 -0.018891100451600664 -0.09375574578236412 -0.9561683878117763 0.15212703333064923 -0.2501986808107599 0.1652366191136796
-0.24748553750579558 0.05975981575648372 0.9670468825999171 5.176907129138812 0.16382557054517666 0.9863058723718809 -0.019023894456341624 -0.09588600176355361 -0.9549408835949045 0.153718868540882 -0.2538866248810573 0.1468353562003161
-0.25092632152335637 0.06146552630035589 0.9660527781872876 5.249168529698054 0.16477667697989679 0.9861292597587265 -0.01994316351948604 -0.09769634424684656 -0.9538787280835138 0.15417870191541228 -0.25757387287039984 0.128791988634519
-0.2540626446362633 0.06336835274847066 0.9651096437557611 5.317111838053898 0.1654477588924833 0.9859909761020544 -0.02118570562356871 -0.09979770565608044 -0.9529319029594319 0.15429273124570167 -0.2609876269229207 0.11133838817946538
-0.25740237067839233 0.06459324556804343 0.9641430040176245 5.372747172701835 0.16678721164661892 0.9857581873793153 -0.021513299277172323 -0.10155728284962412 -0.9518014738380536 0.1552691490336337 -0.2645098216665692 0.09700323866572867
-0.26055296981190623 0.06584038103160027 0.9632119154930596 5.433665274747861 0.16665513578597038 0.9857630213176318 -0.022300930897410913 -0.10317573591309187 -0.9509669897732292 0.15471363879226654 -0.26781612037608704 0.08109512314182385
-0.2638376416057362 0.06640735892695891 0.9622784220547962 5.497313426685731 0.16771453860342816 0.985589377845378 -0.02203206343937577 -0.1050386534564234 -0.9498744824517414 0.1555751939053986 -0.27117305660469615 0.06409258503233639
-0.26741702383307736 0.06691448209595752 0.9612546943708979 5.56392995282578 0.16779400243533135 0.9855781712193463 -0.02192809072076612 -0.10716412223080297 -0.9488589505880165 0.15542882776935096 -0.27478823007409253 0.046071678941450464
-0.2708314299970384 0.06806693802268837 0.9602172819075764 5.622366512946195 0.1708673277488763 0.9850565047194363 -0.021634204812804963 -0.10899682487044351 -0.9473408535652402 0.15821053839153215 -0.2784146776090342 0.029880943945809892
-0.27255621132238034 0.06893084638240621 0.9596674684944752 5.69642946721134 0.1735790734225867 0.9845869119587884 -0.02142237309940462 -0.11100094890021761 -0.946352691621547 0.16073938912555805 -0.28032023088638197 0.00869149763222284
-0.27514497050068254 0.06884327743343759 0.9589347466644437 5.764396283723329 0.1742646337342398 0.9844817628416427 -0.02067597788933343 -0.11309942845850371 -0.9454771719283607 0.16141952107607763 -0.28287215412252614 -0.010382595808877685
-0.27799383692268687 0.06859618497510107 0.9581304660847937 5.837602436980681 0.17388383577642105 0.9845622928185589 -0.020037545147500994 -0.1152567017128049 -0.9447136276611457 0.1610330865590042 -0.2856300172331286 -0.030964246556462113
-0.28029531466850577 0.06954300916471823 0.9573914071325264 5.915269029049054 0.17282023804279398 0.9847309288217843 -0.020932346849202546 -0.1174200838763348 -0.9442286279803829 0.1595893721339169 -0.28803390495597075 -0.05321778654780855
-0.2822445606375268 0.07230796126771968 0.9566135932171543 5.98996894195055 0.17239476062426143 0.9847459045562639 -0.023570107529797123 -0.11957386535611682 -0.943725624585787 0.15826263676865476 -0.29040468884506354 -0.07504805162558591
-0.28556759782485597 0.07475301433427682 0.9554387128018629 6.059759975342451 0.1722937269911832 0.9847142775551315 -0.025547274190411022 -0.12180809606676862 -0.9427438775786504 0.157320623018758 -0.2940819662287354 -0.09492469793640869
-0.28888527859074453 0.07651259882185166 0.9543013769428784 6.122393499092948 0.1723288447400526 0.9846753609329002 -0.02678064305087967 -0.12402946459345818 -0.9417261093779375 0.15671712029381 -0.2976435437275717 -0.1134311061466795
-0.29217204335134855 0.07780650653965615 0.9531954912944097 6.193807415489519 0.17082270630084206 0.9849028770562994 -0.028034367805910756 -0.12646171461622532 -0.9409862379949847 0.15463657493075075 -0.30105220410707945 -0.134700244631426
-0.2953858171589342 0.07861074499247997 0.9521384194501739 6.249198739049555 0.17214244855216823 0.9846770900829478 -0.02789275304158265 -0.12846844762451703 -0.9397415583168665 0.155664315234739 -0.30439189301734876 -0.1516698726875162
-0.29858327416175334 0.07836760239253898 0.9511606316948211 6.318089418335488 0.1720859993920058 0.9847087805982838 -0.0271113670974349 -0.13094590083499655 -0.9387408786263127 0.15558642713257625 -0.3075035389845387 -0.17282299662658945
-0.3017435607406941 0.0785509363597322 0.9501476590238674 6.381026365513687 0.17264294586635223 0.9846259322092615 -0.026574176631215744 -0.13304692427473883 -0.9376274509601958 0.15601770418143843 -0.3106657998361525 -0.19256941100518402
-0.3060463740192984 0.07878012553906309 0.9487514473083495 6.4380762759193875 0.17314485369904228 0.984555751256181 -0.02590043061245427 -0.1351940214006988 -0.9361391331352281 0.15634469766647338 -0.31496009100265393 -0.21025037325107926
-0.30993732019930426 0.07977060978702324 0.9474046164980825 6.518047075437758 0.17326336296255443 0.9845265968878797 -0.02621425328468051 -0.1380000851606183 -0.9348361699263563 0.15602573452662158 -0.31896285922164347 -0.23572490134873364
-0.31273820390875984 0.08089565464169172 0.9463882442613144 6.596112718068109 0.17223434098588492 0.9846789333405163 -0.027253073597994174 -0.14056556861597197 -0.9340932221149449 0.1544774782791006 -0.32187973080554005 -0.2614507878494121
-0.3163675962252777 0.08235735389986937 0.945054924497645 6.672883482267226 0.1730871461865232 0.984512593074052 -0.027853077094061075 -0.14344419340244288 -0.9327123800420173 0.15476504882308678 -0.32572288187835463 -0.2862886146787092
-0.31910950938035554 0.08335592872080992 0.9440449725357992 6.7520452805202815 0.17474744031488984 0.9842197797401202 -0.027834461943787837 -0.14665007705064512 -0.9314679023597229 0.1560872009980179 -0.3286401262143431 -0.3127049504939051
-0.3216234324786292 0.08367301861339162 0.9431633971040149 6.830866904835542 0.17648998808461686 0.9839291492566877 -0.027105596265317777 -0.14948316775385326 -0.9302739659834389 0.15774110180649875 -0.3312221203577946 -0.3392106717531762
-0.32394995919704545 0.08401306871894063 0.9423365790526531 6.9063271721418085 0.17862198238001298 0.9835666560800271 -0.02628346358804134 -0.1520723999542877 -0.9290589923933072 0.15980750086267748 -0.3336329589851044 -0.3649700005788174
-0.3263555677674656 0.08528637286806622 0.9413916708735969 6.978261697326386 0.18030698117634572 0.9832514287247176 -0.0265710453289003 -0.15467551862189158 -0.9278908534554313 0.1610678816952817 -0.336267306706948 -0.3896608636569756
-0.32897820410017825 0.08687741575127188 0.9403327367795935 7.055692226492211 0.18156011098730127 0.9830008272170024 -0.027300179284475926 -0.1578294811283613 -0.9267196271393523 0.1617457521020713 -0.3391593200129298 -0.4162623351005969
-0.3322750812187234 0.08722647765665893 0.9391404644656205 7.136396539065921 0.18128541482203045 0.983055266506599 -0.02716507622739436 -0.16121492471213725 -0.9255964934969747 0.16122619076702963 -0.34245765670642586 -0.443954635281106
-0.3348852821309398 0.08929714440511646 0.9380180530315877 7.205661757389635 0.18206951562900295 0.9828706386840135 -0.028565697812162748 -0.1638539641394414 -0.9245012381228598 0.161218260795624 -0.34540719896280553 -0.46845305582453156
-0.3353858842826577 0.09069668026195321 0.9377048687158444 7.317606952961152 0.1819946504056989 0.9828427150805615 -0.029969061326202275 -0.17075971373078622 -0.9243344934857981 0.1606060696316481 -0.34613788372529397 -0.49999032222118756
-0.3380763605510327 0.09147987185807065 0.9366620561768247 7.38607245777527 0.18067096134253427 0.9830612026645528 -0.030800576995944788 -0.17361088986692724 -0.9236137602721888 0.15881468716887662 -0.3488775099878427 -0.524357994234027
-0.34086729244763414 0.09293529651696018 0.9355065577539912 7.457820449450946 0.1819130403320614 0.9828146824692654 -0.0313519645314015 -0.1766223705303709 -0.9223432846270223 0.1594939829088724 -0.3519155221346418 -0.5502214515527564
-0.3406791420720133 0.09308371938900464 0.9355603365586768 7.513602557448662 0.18332183433618313 0.9825638976757164 -0.03100470996343436 -0.17856886496548258 -0.9221338445218751 0.16094597903957505 -0.3518033038763236 -0.5712413405283476
-0.3436090254576002 0.0929302270050668 0.9345035101768551 7.593052694872167 0.18436068203691006 0.9824035765876444 -0.029905712275162474 -0.18174590004832225 -0.9208387353619325 0.16200983185160392 -0.35469541558984075 -0.5997936331493483
-0.3456145207497116 0.09349976243713953 0.933706804875676 7.670766710771838 0.18447521723259683 0.9823764674734705 -0.03008937322921621 -0.18480040260027997 -0.9200649418785245 0.16184644135271575 -0.35677196098842595 -0.6286218924333047
-0.3472817976426955 0.09496196179572412 0.9329402868554681 7.746110115216275 0.1844769653227335 0.9823376905456895 -0.03131949869764651 -0.1879544105583291 -0.9194365678454234 0.16122930113742667 -0.3586662935980498 -0.6570363617710725
-0.3502487896557734 0.09531378302710361 0.931794541790048 7.815833028149101 0.18343111768567041 0.9825260184513402 -0.03155389248155556 -0.19030653851184567 -0.9185199020213174 0.1598684016033587 -0.3616120625193993 -0.6837119406864033
-0.3531310825358015 0.09570650247650027 0.9306657315764914 7.8892243619871785 0.18337939837306208 0.9825386961738148 -0.03145960542328927 -0.19340511982384326 -0.9174259832811722 0.15955555742364383 -0.364515554257705 -0.7115246944014193
-0.35628524097273545 0.09716648390786164 0.9293113049296133 7.964925863996326 0.18366132780319153 0.9824584313134507 -0.032310175033223226 -0.19648403837059014 -0.9161491929454325 0.15916690970830263 -0.367881164398694 -0.7400879936557329
-0.3595315002712515 0.09779862685608716 0.9279938194286448 8.04091480685531 0.1839507874775353 0.9824057562215347 -0.032265119388985755 -0.19965011743060343 -0.914821954316301 0.15910486707782692 -0.3711959498338409 -0.7688659590926216
-0.3635144594834132 0.09802800674044078 0.9264166166692905 8.118182981092176 0.18406660775960923 0.9824016033743407 -0.03172654401903162 -0.20299646055738355 -0.9132232594794932 0.15898930650209017 -0.37516087051241137 -0.7987007204835245
-0.3678118786282128 0.09903671983351262 0.9246113508196839 8.196810475820694 0.1851568923257443 0.9822023938386901 -0.031549687190465414 -0.20656989362452413 -0.911280059676637 0.1595938146112183 -0.37960303894144537 -0.8291965042905884
-0.3711752528645055 0.10093305456550157 0.9230609135680296 8.26951544070982 0.18698089210158103 0.9818365865067075 -0.03217240099449209 -0.20983401594747061 -0.909542235220479 0.1606531540086563 -0.3833059958534455 -0.8582024343697906
-0.37391557735564324 0.10277320641498232 0.9217509474114886 8.349754403891536 0.1895151750449811 0.9813384879574263 -0.03253875352712456 -0.21313065814975912 -0.9078937930388462 0.16251904533503236 -0.3864148295095849 -0.8904896491535309
-0.3761443316170274 0.10342263310503079 0.9207709817071773 8.4387709280537 0.1901289264737147 0.9812196299289179 -0.032542728221645924 -0.2172608356704241 -0.906844216561107 0.16282443552420367 -0.3887438360744646 -0.9273980715296126
-0.3798485485587344 0.10465433624423713 0.919109650728953 8.516779158770792 0.19011802034975014 0.981201325022945 -0.033152648634864876 -0.22079583881867987 -0.905301175574245 0.16214632181610278 -0.3926045743816445 -0.9592842962346464
-0.38355760033328284 0.10547836870859838 0.9174736404721084 8.595010927838496 0.19075876034401368 0.9810806667301172 -0.03304271054864966 -0.22422794855989084 -0.903600942108066 0.1623423515382164 -0.39642186912234223 -0.9916917515267878
-0.38658310841290416 0.10724216200994498 0.9159981544617035 8.673870977859279 0.19294399893588676 0.9806417790621214 -0.03338134857227876 -0.2277101733522338 -0.9018459478006436 0.16383168144564192 -0.3997912787821245 -1.0249640683887562
-0.3896798044700475 0.10948639461712449 0.9144191486303895 8.745822984369697 0.19626764325967533 0.9799712306947604 -0.03369568547880796 -0.23097973767467267 -0.8997936775714057 0.16634036312433445 -0.40336363420390814 -1.0555999078878262
-0.3926726651492126 0.11255420787074766 0.91276488119077 8.820072417136995 0.19905786201967463 0.9793578438974504 -0.035130914657758035 -0.23420526251834892 -0.8978775782993843 0.16789807588868083 -0.4069718546780677 -1.087362842209614
-0.39544995974674224 0.11382117725937273 0.9114077402258488 8.895763978326773 0.2008610092156544 0.9789903757028566 -0.03510981711779762 -0.2378090538883957 -0.8962556467399053 0.1691821027427698 -0.41000394119857453 -1.120066058253118
