1.0 0.0 0.0 0.0 0.0 1.0 0.0 0.0 0.0 0.0 1.0 0.0
0.9999997014821905 -0.0006399164841209229 -0.00043306168524355905 0.0003482803363982104 0.0006400464390890019 0.999999750166596 0.0003000121686128195 -0.0002533089629481124 0.00043286959431815405 -0.0003002892586433871 0.9999998612251281 -0.0012649843289390314
0.9999967065092084 -0.002553378966108015 -0.0002592809126764758 0.0003189591550756055 0.0025541699997861625 0.9999919398726999 0.0030978065218667293 -0.0016202080919707042 0.0002513689488253229 -0.003098458566798149 0.9999951681724074 -0.0023328809228539463
0.9999871834761421 -0.005060575484284182 -0.00015316403090173645 0.00019605154170298912 0.005061671459484252 0.9999528193458523 0.0082908723496194 -0.003287597566113122 0.00011120021916680162 -0.008291541355459963 0.9999656183971836 -0.002988733750731115
0.9999903871379336 -0.004357781530595808 -0.0004851513758431996 0.0005657826776836438 0.004361660650546617 0.9999560051016354 0.008304443241296025 -0.0036465927520465554 0.000448941082278975 -0.00830647947749419 0.9999653998267113 -0.004109920301810409
0.9999832071298553 -0.005631946731675427 -0.001366248257212888 0.0011337418898256435 0.005645679022973894 0.9999313801256359 0.010264567619281404 -0.0049734636402942595 0.001308345007373673 -0.010272108646856227 0.9999463845713372 -0.0052854687512536086
0.9999617095354856 -0.008640908188814982 -0.0013835347994826529 0.0009339191449520173 0.008662722684711648 0.999824267657534 0.016625012444027535 -0.00702810969764655 0.001239636461504749 -0.016636361042871084 0.9998608377132762 -0.00585180118128317
0.9999609798729154 -0.008822504433270801 -0.0004496077444287827 0.0004785644240729528 0.008829509718834644 0.9997767726231899 0.019194912901182668 -0.007927120513425593 0.000280160175504515 -0.019198133729191005 0.9998156595951035 -0.0070137136370039465
0.9999505660392439 -0.009912862468826951 -0.0007750067547182139 0.0004395573368538007 0.009928224442586276 0.9996795020375862 0.023287841576713333 -0.009610309488155895 0.0005439091958867443 -0.023294384807472125 0.9997285010437723 -0.008192528619027736
0.9999332157837587 -0.011434242939368146 -0.0016798990311084388 0.001061939139820583 0.011470982550359117 0.9996512094696078 0.02378814757984048 -0.010226170233007656 0.0014073136397289947 -0.02380582899952077 0.9997156105483023 -0.009459575392997896
0.9998895970952416 -0.014832277364270091 -0.0008928431581172365 0.0007058153655685129 0.01485187924198489 0.9994725294482203 0.028880522179469865 -0.012293669219289713 0.00046400829425321865 -0.028890594084696734 0.9995824719700401 -0.010330521109590615
0.9998903134598202 -0.014803938773618932 -0.00045215706310959536 0.0005613486791413399 0.014810595140358925 0.9992312115239904 0.03629920368118223 -0.015138235627975968 -8.556173885711617e-05 -0.03630191886232076 0.9993408644532167 -0.011095334822352346
0.9998561744335575 -0.016956512531672956 0.00032730697349608087 0.00022749013247847936 0.016932345412291022 0.9991543701652177 0.037467856338298376 -0.015776134635250027 -0.0009623543684893167 -0.037456925427906095 0.9992977797491386 -0.012292386534093456
0.9998316576061261 -0.01832695183158813 0.0008827712891971035 6.472877431573808e-05 0.018275774639947086 0.999002354979426 0.040746666205620764 -0.01730905080188849 -0.0016286527856642018 -0.04072367348514941 0.9991691197730135 -0.013383674796597888
0.9998124707602297 -0.019342345481857103 0.0009470921737556059 0.00011524919449503312 0.019284854311093523 0.99891562628872 0.042375298823909585 -0.018052549050924384 -0.0017657028416490806 -0.0423490876817461 0.999101314715379 -0.014535489681069234
0.9997757386394187 -0.02114379415667724 0.001188442958192897 0.00010149058605487334 0.021070266250436547 0.9987929404833846 0.04437010165292793 -0.01881535765721593 -0.002125160732870515 -0.04433511034400958 0.9990144551920377 -0.015674644100540657
0.9997783453377034 -0.02101870362736445 0.001214204113360732 0.00022821932785608608 0.020948520896558055 0.99888458955175 0.042317091443998686 -0.018470051309727138 -0.0021023001808397825 -0.04228227588314393 0.9991034928775352 -0.017054617012320465
0.9997603121163234 -0.0218207344041462 0.0017815350501949744 3.187072270954605e-05 0.021709434906510706 0.9985996711654394 0.04824310504432632 -0.020742432212230787 -0.002831740297297878 -0.04819286563737045 0.9988340347367757 -0.017869130408038805
0.9997111638251528 -0.023995450970790647 0.0013443422431480662 0.0001315244078799207 0.02388837997733266 0.9982652160391519 0.053813601889908774 -0.02283782202478577 -0.002633291745497597 -0.0537659444166603 0.9985500933831848 -0.018641687606099872
0.9996500609771091 -0.02638562411153264 0.0018853192586238171 -0.00011319615161928574 0.02624131955831654 0.9981289737377909 0.05522630653034904 -0.023490027666592073 -0.0033389723419561994 -0.055157507425468995 0.9984720830540574 -0.01986193947528126
0.9996582759470182 -0.026105012374962214 0.0013636933446247931 0.0002029464816412254 0.025980660956573573 0.9979509079417962 0.05847213519622693 -0.02487523753530498 -0.0028873148243103086 -0.05841672420676581 0.9982881095886375 -0.020717837602354197
0.9996302184341581 -0.027154542272906798 0.001434303742654571 0.00017246025184758186 0.027017535682096826 0.997791667807186 0.06067817087077132 -0.025837709298431752 -0.0030788242794782305 -0.060616981849188234 0.9981563516566685 -0.02194801204715682
0.9996204161037034 -0.027452979869273454 0.0023146500720091037 -8.729782898450375e-05 0.027283119661891345 0.9980973618901345 0.05529274427508987 -0.024737635218037818 -0.00382819672607184 -0.05520860516489103 0.9984675031394731 -0.023781616448478957
0.9996196099252094 -0.027388966406745877 0.0032372785086215786 -0.00031181007426239716 0.027148762234202293 0.9978679245945609 0.05935107222701757 -0.026527701791086898 -0.004855940910162737 -0.05924060756369783 0.9982319220769094 -0.02494143891393224
0.9995508199924658 -0.02975655183871325 0.0035645301316500444 -0.0004007044289811333 0.029480802298239947 0.9976660292722418 0.06159039155593062 -0.027524081463951033 -0.005388928301765035 -0.06145764117529026 0.9980951446595298 -0.026029467530570793
0.9994873357587681 -0.031846306691079636 0.0032982431653026684 -0.00024523104134537623 0.031564477287318954 0.9973813521513624 0.06507013258247486 -0.028713473827627133 -0.0053618496265840105 -0.06493266613084842 0.9978752424214771 -0.026799045647208884
0.9994663302577071 -0.032435552887838594 0.003871639194485589 -0.000441129751893956 0.03208361410567107 0.9970109960542523 0.07028310929966641 -0.030800726533461928 -0.006139738358467572 -0.07012138515296669 0.997519571215081 -0.027697124170523883
0.9994307372089809 -0.03354683277504644 0.003579320141648691 -0.00031226502835797894 0.03319987835542852 0.9968213709805274 0.07242183671855684 -0.031721972350397705 -0.005997466056435394 -0.07226177666835788 0.9973676684320752 -0.02875151901186173
0.999394968580971 -0.034618182628846784 0.0033583041131212657 -0.00010228551573025508 0.034281074506275364 0.9967434966105928 0.07298773797828598 -0.03203195629457629 -0.005874070627392738 -0.07282845183008865 0.9973271839764003 -0.02987875434998831
0.999292867799852 -0.03754021965639077 0.002120441580883206 0.0004034135995741074 0.03726499259786341 0.9963236883038289 0.07713902029024304 -0.03354172943653442 -0.005008461942472643 -0.07700545456529215 0.997018091749675 -0.030664681592145537
0.9991634738691935 -0.04078835498722617 0.0029432266447257153 0.00024095147353122792 0.040430854625950224 0.9960816791713729 0.07865516139044215 -0.03414783629978284 -0.006139908782831007 -0.07847036712401215 0.9968975388692467 -0.0315100185853224
0.9991795074440575 -0.04039019714581163 0.002990631768309759 0.0004427673050511038 0.04002505625268173 0.9960320610051968 0.07948665499134112 -0.03481576675277205 -0.006189246789458299 -0.07930173657786634 0.9968314440264783 -0.032643935310067346
0.9991047630743587 -0.04220168887544232 0.002947856541723435 0.0008692954951641035 0.04182754248361384 0.9958731042175867 0.08054326157917675 -0.03523688706620598 -0.006334752711171769 -0.08034785468256496 0.9967467547757544 -0.033831326549182264
0.9990561560751734 -0.0433590758586199 0.002605292495284027 0.0009524427505646831 0.04297971698254151 0.9954353235544969 0.08521303038888514 -0.03710941908309064 -0.006288158426771442 -0.08502062785373246 0.9963593487808287 -0.034607762468933
0.9991447029451617 -0.04129685820634965 0.002105250320095517 0.0014607212809979123 0.0409495318240279 0.9952461114194074 0.08836466232574927 -0.038262915441211735 -0.005744425125157657 -0.08820287527532994 0.9960859673608226 -0.03530035862879352
0.9991298361910477 -0.04166786596680593 0.001832860775806517 0.0015525323936938866 0.04130200956312514 0.994562445330854 0.09560170680255502 -0.04090513347671972 -0.005806413600383572 -0.09544281682393108 0.9954179796838182 -0.03582190917027337
0.9991098937162217 -0.04203327278417707 0.003553063102728404 0.0008019188619545792 0.04150392248508232 0.9945830982692019 0.09529892473469796 -0.04199427791241553 -0.007539542208469607 -0.095066632507354 0.9954423592991196 -0.03689801682238666
0.9992267727255447 -0.03926238690886063 0.0020788561067114296 0.0012827241016698492 0.03886009023351047 0.994264181812339 0.09964251177126113 -0.044634962968662574 -0.005979135015778704 -0.09948468092757504 0.9950211295270069 -0.037275660729674746
0.9992338930970944 -0.039106637751226775 0.0015158396418000512 0.0017945101289405835 0.03877202426916734 0.9944680143140787 0.09762222411053163 -0.04805734306775435 -0.005325130993358826 -0.09748866287938351 0.9952223890115677 -0.038964026940103404
0.9991116766090155 -0.042137736835879146 -0.0005184572048713186 0.002722026386428514 0.041968314293693014 0.9938315413810798 0.10265246198438338 -0.057534538981083135 -0.0038102833055953804 -0.10258303217618235 0.9947171473593234 -0.03969074498477113
0.9989563311355377 -0.045675451071190955 4.066534504288744e-05 -0.0019065155156462732 0.04546527914444597 0.9944442395656071 0.0949397850592752 -0.06443760254423408 -0.004376856925312032 -0.09483885050034621 0.9954830162083261 -0.04418192961165694
0.9985219545930725 -0.05422508255024968 0.0036805730600276343 -0.007225267073805578 0.05373529815156055 0.9951200363952026 0.08275645532147959 -0.07632826200384737 -0.008150087618823338 -0.08243636083204878 0.9965630047741949 -0.051143515691492294
0.9980547262361884 -0.06184620725644102 0.007861939048459833 -0.010530146322071294 0.061171517557772934 0.9958092058900581 0.06798581399301977 -0.08831853422606502 -0.012033656023313105 -0.0673726362302068 0.9976553107211443 -0.061117569908792024
0.9912094835604295 -0.1323004687577095 0.0005879339744171977 -0.006148351791005915 0.13124396124544693 0.9838354245005885 0.12183135940451867 -0.11990435233676534 -0.016696776229904252 -0.12068323605306458 0.9925506406220727 -0.060523784747535794
0.9904724823715932 -0.1377030460338407 -0.001460403251494119 -0.004571175284978427 0.13643893974395652 0.9798316648223012 0.1459942613019596 -0.13222912118427566 -0.018672905135515325 -0.14480255427499125 0.9892843589632033 -0.05898710383649404
0.9927670184939296 -0.12005678216669655 -0.00012667459584111862 -0.007906832767424044 0.11840402588748929 0.9789245693912928 0.1663946336145158 -0.13300504259543167 -0.019852799407376998 -0.16520610308899764 0.9860592324286791 -0.05786952274807897
0.9941363599933387 -0.10747106113317774 -0.011952771984129293 -0.007244964736444847 0.1078884227576857 0.9783621932617348 0.17654321576019058 -0.13314587051877072 -0.007279146519659524 -0.1767975956143041 0.9842203128420711 -0.058195021703948274
0.9975528539548923 -0.06971233416463782 -0.005337980120608681 -0.013501862076812312 0.06904539799505557 0.9702364530845721 0.23210764339326673 -0.1426086037620566 -0.011001662699541087 -0.2319082050536142 0.972675458643146 -0.05304108721634502
0.9992991132407198 -0.03710538093249835 0.004947017502100596 -0.01943617414341384 0.035112456388068404 0.9749245081854142 0.21974830772005147 -0.1399084658266228 -0.012976813272442852 -0.21942058710450213 0.975544057576082 -0.05423157445464678
0.9997924521800093 -0.01659520386927218 0.01181743510334458 -0.022661256998020324 0.013667486914850807 0.976516653363981 0.21500796614136272 -0.14873653728800856 -0.015108023210095979 -0.2148018270670668 0.9765407941931209 -0.05470606718463302
0.9995657603479362 -0.025962722838142906 0.013936562089802108 -0.023800294360022085 0.021389333255067155 0.9645949058449241 0.2628671984879979 -0.17511340639460476 -0.020267885014396088 -0.2624549573562172 0.9647313658196187 -0.0512354222874016
0.99801031189748 -0.06294054135758777 0.0037290213071323043 -0.02000839651269755 0.05643869023479373 0.9181504518851167 0.39219181779805096 -0.2248384434891064 -0.028108567926457037 -0.3912010173258385 0.9198759005715662 -0.032396196468263555
0.998230518688732 -0.059429543270752686 -0.0019902123140904068 -0.019516268799672318 0.055516797703281155 0.9194745252184903 0.3892100752126125 -0.2206189548050677 -0.021300627483677146 -0.38863186547279277 0.9211468701612875 -0.035763881543164906
0.9985915852404673 -0.052589697792443886 -0.007012101898183756 -0.0194607119558499 0.05098902466418917 0.9147610751165666 0.4007646376807471 -0.2208953812460759 -0.014661693310317825 -0.40055773508657116 0.9161542095147451 -0.03652163771301972
0.9988943483668493 -0.04635959398713595 -0.007801848890847273 -0.020245639128420933 0.04551147450537654 0.9120249820905582 0.40760169004932484 -0.22319537371985337 -0.011780767764207443 -0.4075060982219356 0.9131264936594583 -0.03679170624812232
0.9984881108157225 -0.05421695158722407 -0.009056197890809291 -0.020929115124757987 0.05314838768063499 0.9101993728672 0.4107460900837729 -0.23185520938636592 -0.014026455239935929 -0.4106064098291026 0.9117047958416438 -0.038466904408428426
0.9978603910908674 -0.06499796308365614 -0.0070643249469743005 -0.021070201070395676 0.06241432369844036 0.914832499595654 0.3989811397557986 -0.23848880665489794 -0.019470287343724278 -0.39856839121855114 0.9169319197367953 -0.03757097530339025
0.9969197041625524 -0.07798268629737791 -0.008354884217824774 -0.021906501192824057 0.07491372341657365 0.9152831797014335 0.39578357090650035 -0.24979460837546325 -0.023217181058727897 -0.39519033590597713 0.9183058101254739 -0.04089646860339167
0.9962572546413405 -0.08459207374046648 -0.01776692530480623 -0.019467949027430667 0.08494603994788076 0.9201372180650397 0.382271723030497 -0.2521611541093935 -0.01598914855995548 -0.38235020726006963 0.9238791404380254 -0.04310948161245872
0.9964693656687671 -0.08187191027217121 -0.01859552613050716 -0.02117380519677971 0.0827325798276642 0.9198557254353513 0.38343286846443536 -0.25470760148414506 -0.014287180223690028 -0.38361756306534 0.9233815255835806 -0.04308392713728374
0.9964234076908094 -0.08054125799862791 -0.025563614099599327 -0.02066654896393777 0.08418361634909115 0.9199777912126488 0.38282369625440793 -0.2571362470072511 -0.0073151448532509915 -0.3836065294484641 0.9234676600835979 -0.04434095536806489
0.9959482043612295 -0.08690353764492352 -0.02312897261963213 -0.022384852578444782 0.08901123043831885 0.9159806559950248 0.39122428183688046 -0.26664624100107814 -0.012813082591596128 -0.391697859309599 0.9200046803830804 -0.04205081013174542
0.9944114023205197 -0.10042357269002061 -0.032574053832914465 -0.018492237619106545 0.10514005728830877 0.9140430818749894 0.39175351029682565 -0.2764992921936883 -0.00956719856326329 -0.3929889954243564 0.9194934030144 -0.04139849525174325
0.9930177027759547 -0.11108372953099648 -0.03970197736952659 -0.016107631307983716 0.11763457932163641 0.907277280447264 0.4037450211854517 -0.2877990686057496 -0.008828800676646518 -0.4055962788509066 0.9140096886034113 -0.0384290605233137
0.9922471190643355 -0.11582161335437938 -0.04506671264376232 -0.015728017073461827 0.12410880890219496 0.9043768978232486 0.4082884155060958 -0.2927836291006228 -0.006531329221959982 -0.41071618006061955 0.9117398538919981 -0.03810666698615315
0.9928620315627187 -0.10876307200597271 -0.04894466721691678 -0.01651940401688054 0.11926822724743563 0.906355920637132 0.4053320060089917 -0.29342132483458516 0.00027613475978698814 -0.4082763026356558 0.912858359470815 -0.04046370221182868
0.994187028603552 -0.0966057247222464 -0.04753405208195349 -0.018355398537493708 0.10757618555494561 0.9094133095444004 0.4017397126560317 -0.2921847032271133 0.004417743529063923 -0.40451794320449036 0.9145193913568562 -0.04288935147957869
0.9948288316091708 -0.09059288407369924 -0.045918679797463405 -0.01897614261913224 0.1014198016359626 0.9103020075889546 0.40132814356289936 -0.2943755941180001 0.005442392420160307 -0.40390987154899954 0.9147825949535825 -0.04367204692137736
0.9947464601128961 -0.09224376400789404 -0.044391081249715164 -0.0184984910882225 0.10225895281082513 0.915519263020815 0.38905987406549614 -0.29754409624831674 0.004752542782199409 -0.3915553179813564 0.9201422967658953 -0.044883693775993896
0.994174166592974 -0.10310084371674383 -0.03143155268296424 -0.020836357924901936 0.1075179050777704 0.9280647618332373 0.35656093158267754 -0.296910596289557 -0.007591216427836459 -0.35786312169363566 0.9337431978680362 -0.0509725271982053
0.9909261427650154 -0.1309131335677202 -0.03044882664946608 -0.01989194222076219 0.13384173906520735 0.9403367464101606 0.31281494886714883 -0.2922356633460198 -0.012319434599456988 -0.3140518345914181 0.9493259064835999 -0.056063557424328093
0.9863032340025718 -0.1568847358770165 -0.05092259071244965 -0.013139203343344806 0.164925656210129 0.942401007479144 0.29099805673914014 -0.291556321376865 0.00233634751861718 -0.2954107661394477 0.9553674794178267 -0.060311872220694174
0.9857292412536313 -0.1601385757258422 -0.05189893546152849 -0.013726715229865362 0.16831437831037088 0.9428016382200499 0.2877417957537392 -0.29299672913554475 0.0028518400262072894 -0.2923708390624672 0.9563007683121293 -0.06192436687949684
0.9839750970464781 -0.16702221624209762 -0.062422653531811444 -0.010670074352941733 0.1779698877982508 0.9414527413350204 0.28634499274451397 -0.2960245121682329 0.010942002990915523 -0.29286569466968104 0.9560909776042168 -0.06392790941896018
0.9829135522842968 -0.17372424167093609 -0.06083450165591603 -0.008341001345264203 0.18377479693125248 0.9448430268025855 0.27110602854862614 -0.29840450585817013 0.01038136545657486 -0.27765363775464746 0.9606251530606843 -0.06597858619892132
0.9821660279896941 -0.1798937592494004 -0.05466378001992382 -0.0057737363278633795 0.18789828759908847 0.949423838764573 0.2515722717289708 -0.303291224422471 0.00664281418366354 -0.25735696953582377 0.9662935699108494 -0.06760370450602966
0.9804379999925742 -0.18938996727807073 -0.053598213262876886 -0.002138940061624176 0.19660152080447724 0.9553648940270064 0.22051249687520286 -0.30287724688831924 0.009442996766326404 -0.22673632164957663 0.9739104015549307 -0.07197130017479852
0.9807653345021592 -0.18907374453725181 -0.04848172609891746 -0.0019280054247353463 0.19503695243024982 0.959135059003377 0.20498908697126242 -0.30133099881020153 0.00774246895954328 -0.21050191855955308 0.9775627838953124 -0.07487279145859237
0.981889037814217 -0.1832535772210711 -0.04808371716030765 -0.002718679991172486 0.189250563695413 0.9605468254624131 0.2037989701520891 -0.29793891711364107 0.00883977156042694 -0.2092078452873219 0.977831241017074 -0.07702350513784983
0.9858533757498321 -0.16204716084891221 -0.04282334857839997 -0.007066858133900459 0.16751135784103202 0.9613379097734668 0.21856204662895798 -0.2950615590480359 0.0057503492863109 -0.22264352874761778 0.9748829635345412 -0.07834147262692083
0.9883686855343274 -0.14629634709866388 -0.041529751753809026 -0.009651441813495526 0.15188371439711296 0.9633494152608819 0.22110911654080817 -0.28647026331944936 0.00766020600783004 -0.22484501982945326 0.974364427871731 -0.08073338213426129
0.990014843177551 -0.13498928182975944 -0.040601774335797015 -0.01192200129246342 0.14065568725908473 0.9650046911872343 0.221318602083758 -0.27951193631376003 0.009305263553718296 -0.22481957160736601 0.9743559782197018 -0.08313314278895732
0.9906616389366835 -0.13057922938745223 -0.03922476248320099 -0.012963951343624443 0.13602362731173984 0.9662460273267766 0.21878342599059697 -0.2755200897556927 0.009332199753632054 -0.22207584183743354 0.9749847334804527 -0.08533284391367481
0.9903083677746752 -0.13296461580163985 -0.040121660735583375 -0.011585665016310727 0.13848057782044013 0.9673767228035878 0.21214477543487012 -0.273453495407714 0.010605012115804892 -0.21564481705461022 0.976414280208715 -0.08747874623846776
0.9896224667006185 -0.136993470604834 -0.043360839625471104 -0.009296887830666213 0.14307155762711274 0.9674266223725956 0.20884506152386448 -0.2733543278428175 0.01333802082527658 -0.2128814678087246 0.9769869896083893 -0.0895186464238983
0.9910067805794978 -0.12955708605280342 -0.03347420348515864 -0.011169539683957144 0.1335916642341271 0.9722588364677764 0.19200526596290435 -0.2675990543599033 0.007669947367220097 -0.19475039502870212 0.9808228461570132 -0.09381573142826442
0.9914268089273496 -0.12699704474237644 -0.03073488517687415 -0.012034862197271677 0.1305084857099341 0.9739125783499761 0.18563896382334544 -0.2629951862288502 0.006357491473299758 -0.18805860883886152 0.9821372317266842 -0.09648624151850807
0.991786008389821 -0.12464234697220543 -0.02871931237767117 -0.012990053809183794 0.1277969475901829 0.9749856685733947 0.18185402459975014 -0.2585250018884151 0.005334205547059437 -0.18403051762616585 0.9829060559552081 -0.09915433709439421
0.99272980267702 -0.11768742636083147 -0.025242990183589227 -0.015045848790973163 0.12028710365970366 0.9775356779269296 0.17307516018511113 -0.25358874923367575 0.004307153352844958 -0.17485327579575333 0.9845850803122524 -0.10230883959909096
0.9933750708488109 -0.11281711729326722 -0.021869308671212666 -0.01600160819326742 0.11485237412289137 0.9810633140355774 0.15596059121415762 -0.24796085953431343 0.0038601521285135964 -0.15743910536830152 0.9875211528500891 -0.10588690450774756
0.9934808734796587 -0.11134426346311363 -0.02445831196036666 -0.014840519797573243 0.11374555358638372 0.9824856807500923 0.14759348278416218 -0.2454163664956189 0.007596253643822309 -0.149413326430035 0.9887456471791347 -0.10891143339661705
0.993278429344093 -0.1085144149221818 -0.04028130526469197 -0.007747164493875588 0.11267458962309014 0.9861351685438051 0.12182719817164565 -0.23650904810440324 0.026502804625158204 -0.12554700759150567 0.9917336085017056 -0.11697033541795225
0.994040125007567 -0.10126953637550824 -0.04035729026123137 -0.006500118721610809 0.10530445401913285 0.9877480272466844 0.11517294228255036 -0.23196792964522608 0.028199323372597566 -0.11873632836068664 0.9925253057170612 -0.1190696772050358
0.9945871449239579 -0.09715949409995611 -0.03682993155369237 -0.0065288449152847575 0.10060477970646851 0.9891002996584541 0.10751407124545628 -0.22882559436904085 0.025982483565323827 -0.11063738030973325 0.993521152581047 -0.12064819952706975
0.9953375256236151 -0.09157246107275827 -0.03029347220997534 -0.008416296058455732 0.09419747639486438 0.9903988736923955 0.1011775984577461 -0.22641907924445057 0.020737539060785886 -0.10355942913089067 0.9944070590617212 -0.12214717382070665
0.9963297230218685 -0.08034350617802596 -0.029529714495527836 -0.009198720676955454 0.08288417877127402 0.991696413208418 0.0983282102907072 -0.22339403043491335 0.021384478777319464 -0.10041486465948866 0.9947158182228901 -0.12314942455889735
0.9976649601180252 -0.0620238285059543 -0.028594965468803385 -0.01150906513677024 0.0643946666372184 0.9937469547185136 0.09121577109450558 -0.21791421197193855 0.02275860851150196 -0.09284414190000152 0.9954205197068561 -0.12455174015314271
0.9987292151621328 -0.04386013234745834 -0.02482425370666152 -0.014858403497135509 0.046027176880509224 0.994434313024905 0.09477286566891625 -0.21429758947138725 0.02052933924995491 -0.09579502006446639 0.9951893590472134 -0.12506007942785707
0.9992107302828265 -0.032794245158952386 -0.022415485096556203 -0.017735254189027036 0.034797425038895005 0.9947966979244811 0.09575316709756339 -0.21347719061226125 0.01915869771988748 -0.09645759318480794 0.9951526903036874 -0.12628794237686458
0.9988062010614316 -0.03646397434393908 -0.032504634996786186 -0.01491325945570192 0.03924431602641421 0.9952168466823985 0.08946123036916574 -0.21498310441244486 0.029087048335106933 -0.09063005381544538 0.9954597615999129 -0.1283482196476273
0.9964856930886278 -0.05429647984378907 -0.06378209581260756 -0.003680262934990698 0.056352044421806274 0.9979332261886481 0.030882408555711782 -0.2039750306756925 0.0619734665736775 -0.034368129790433063 0.9974859001988671 -0.13427866026488036
0.9940506233056393 -0.08466198269062113 -0.0685252288763894 -0.0019382404216681864 0.0878708659381589 0.9951036712807266 0.04524814165134653 -0.21861957555461348 0.06435890944497988 -0.05100031461192222 0.9966227464213994 -0.13590274083352208
0.9907816066437359 -0.10197711116131723 -0.08917666026291995 0.00568745818659709 0.10466505941475522 0.99416782118878 0.025991703492885432 -0.22065890217426576 0.08600600719811498 -0.03508578219091719 0.9956766315495629 -0.14104231354511473
0.9885682664076346 -0.11395648316279601 -0.09872538982941421 0.007298936759840226 0.1180815271635337 0.9923150683392574 0.03698050959065972 -0.22962929302537954 0.09375252313687706 -0.0482154030577824 0.9944273424003585 -0.14255625051225299
0.9832569604964166 -0.14735115787307307 -0.107207210153101 0.009504100781752931 0.15364095900617097 0.9867072963101913 0.05294494427137825 -0.24315346575999142 0.09798063763321341 -0.06852990355822701 0.9928259902758811 -0.14429066241695204
0.9818426073881038 -0.16238370104681682 -0.0980644071601236 0.008123132679787096 0.16678913309919002 0.9852414257362492 0.03848009996383352 -0.2428675821167675 0.09036857527564233 -0.054137479139168894 0.9944358470786849 -0.14439530718936178
0.9714743271231738 -0.21432346249024986 -0.1015041140386242 0.012599637920012879 0.21890986630451875 0.9750694625943005 0.03630445634633502 -0.25702827363823366 0.09119266513877977 -0.05748909933418309 0.9941724705918112 -0.1449500696622302
0.9614265769193693 -0.2548875938665998 -0.10339850910916254 0.016560621242876546 0.25916298587732994 0.965366264695379 0.030041999587944096 -0.266530129861481 0.0921600995238714 -0.05568024318364656 0.9941862132290691 -0.14535471059140162
0.9581597930032756 -0.26877279164841195 -0.09844286435002476 0.01647071505938303 0.27061748943531916 0.9626704365896082 0.005639585809415499 -0.26492133971972764 0.093252267981233 -0.03204398517500074 0.9951267243574842 -0.1484702508902575
0.9576407998363756 -0.2704700121449867 -0.09884366959514977 0.015309563362384891 0.2723043447221184 0.9621965459020579 0.005305742135671999 -0.2622281988467139 0.09367199332886444 -0.03199655582156891 0.9950888292415657 -0.15022221884718975
0.9570241454956729 -0.27216215631427676 -0.10016259585612716 0.013874902332289989 0.2739948446469669 0.9617194165050384 0.0047527911901110755 -0.2576354151562981 0.09503478334357289 -0.03199257081847356 0.9949597305254423 -0.15174780674984342
0.9537231154834256 -0.2801753996079397 -0.1091511083183189 0.01779855270309487 0.2817221683237413 0.9594951420550412 -0.0013008642319006 -0.2543564036688554 0.10509442833735937 -0.02950962262230883 0.9940243172604624 -0.1556852209786855
0.9490785450669827 -0.29292395623269496 -0.11595460818148888 0.02319494040692023 0.29300418907436226 0.9559646203726829 -0.016738870349920755 -0.2550117052339805 0.11575171911644548 -0.01808868322188666 0.9931134572952284 -0.1616221419039423
0.9429751807049765 -0.3096122492423409 -0.1222213716725215 0.029571125440719163 0.30909133746286915 0.9507374441715407 -0.023682427147264273 -0.26019225619073205 0.12353280406365566 -0.015445626218083883 0.9922202774338456 -0.16525078762510667
0.93902242817159 -0.32220507405960314 -0.12008650898820465 0.031034629582862478 0.31820415637643495 0.9466139422669663 -0.05165422703475899 -0.25783464761727076 0.13031881773362816 0.010292451410721317 0.9914187163799477 -0.16782311970278374
0.9377842069674119 -0.3251250652981516 -0.12187892794643614 0.031224542818706562 0.31855480309088663 0.9452761430477682 -0.07053971089015226 -0.2557591115617049 0.13814347103727767 0.027325908943924736 0.9900351893292264 -0.170228558603744
0.9415116491533307 -0.3132885421532547 -0.12412132719263635 0.029769815838462037 0.30630830409680854 0.9491821131535819 -0.07230863648723176 -0.2543433854094445 0.1404672109423084 0.03006003035249885 0.9896288987419941 -0.17168893150956016
0.9475574834677235 -0.2952578937399125 -0.12230123347122596 0.02725518918847114 0.28883184373974496 0.9549823127953404 -0.06771224623335739 -0.2520284623878587 0.136788090001334 0.028836754885685878 0.9901805188961483 -0.1728489366999687
0.9515987079879124 -0.28439754446733334 -0.11652439940495059 0.024825653806697566 0.2784241072227023 0.9582544320003871 -0.06502661046726511 -0.24879118968757882 0.1301534305079015 0.029436036631495927 0.9910568118299018 -0.17419542822055362
0.9545924080430004 -0.27898159440898995 -0.10451126488413151 0.024106370063237556 0.2726488111361336 0.9594954085853428 -0.07093085851520212 -0.24459247090956335 0.1200664828031407 0.03921518691359025 0.9919910326321557 -0.1755314406897145
0.9537772168502394 -0.2846386680296878 -0.09638386420814189 0.026747361224092926 0.2779237380429446 0.9574809564317057 -0.077386135081595 -0.24134922888128787 0.11431280090018651 0.04702176871316806 0.9923313644229104 -0.17850092597784392
0.9531206427466972 -0.28418273784580467 -0.10392887895374715 0.03578237373228045 0.27668159409649506 0.9575499436795096 -0.08090365163323796 -0.23814390701786586 0.12250851341169287 0.048355732543638764 0.9912887507037601 -0.1829754331984606
0.9536124009582368 -0.2841793635029974 -0.09932511312701994 0.041369818720499 0.27624649333806706 0.957194333695034 -0.08641112463417705 -0.23207771217343323 0.11962969387692127 0.05496450583014946 0.9912959393852865 -0.18509932849384864
0.953877578121332 -0.2846347134967873 -0.09539730515051863 0.047185773560575156 0.27692415153524086 0.9569986007445535 -0.0864100252832706 -0.22825961992325633 0.11589038033360227 0.05600676785504988 0.991681734076291 -0.18895231119917671
0.9541787372177488 -0.2853774388617645 -0.09001474784855813 0.054579136674468454 0.27693741778404174 0.9561187599294588 -0.09561685804324575 -0.2205494638737214 0.11335168314871712 0.06630712103276798 0.9913398819918902 -0.1909238734330676
0.9517497334596718 -0.29652867117931525 -0.07901387237738638 0.059922081820220116 0.28647365864191043 0.9508336692235676 -0.11767827486484564 -0.20965580551971477 0.11002403266450021 0.08936487363319219 0.9899033445729741 -0.1939230580363969
0.9517050180878542 -0.2983238998340767 -0.07252867939084993 0.06533127024420664 0.28961701011818003 0.9507590955815337 -0.11035909395782072 -0.2091888772033782 0.10188005691301964 0.08402376423828464 0.9912418781743566 -0.1974935928617159
0.9449256508110158 -0.3230727441891308 -0.05234038977194085 0.06500111914810092 0.31463883447603774 0.9407479323439005 -0.1264742330683909 -0.19917917945857616 0.09009949100264747 0.10304042775910381 0.9905880839018212 -0.20061480786353755
0.9421195847015355 -0.3298949173661672 -0.05983336542240965 0.07005418949131767 0.3218095562960081 0.9398316797072168 -0.11469534992875396 -0.20011218464395758 0.09407070531450823 0.08880178666378714 0.9915971687570245 -0.20114469753020608
0.9418775461294959 -0.3309836361205256 -0.05758924133473855 0.07309143051351683 0.3238871070587161 0.9401339799779921 -0.10604358336022986 -0.2000517021538675 0.08924029346775926 0.08122765730449195 0.9926924184814796 -0.2040080484162568
0.9415143394853898 -0.33165347838187603 -0.059638232876138696 0.07894811273116865 0.3247804638668654 0.9403000388208086 -0.10175208736931107 -0.19850722756862488 0.0898242663972856 0.07643171639305882 0.9930205405203846 -0.20786974975496514
0.9421147634540288 -0.33182052189084377 -0.048113550420255995 0.08131054668388421 0.3262153684960779 0.9402888200266395 -0.09716207228070177 -0.19757677637809987 0.07748100308413258 0.07584244316343267 0.994104933081048 -0.2112259842138281
0.9430830159948405 -0.33046515300158974 -0.03724523585247696 0.08467762148007296 0.3258901430842402 0.9406750281335639 -0.09447807198739176 -0.19526973072710796 0.06625737379797823 0.07696280983407162 0.994829978599276 -0.21501638297350087
0.9427286594137645 -0.3321723180214632 -0.030401083207167688 0.08769036933220808 0.327369749189187 0.9388589180718768 -0.10664417130212257 -0.18753346287382328 0.06396656967299806 0.09058412166132573 0.9938323776508351 -0.2171085288665588
0.9423530083978907 -0.3340710041685906 -0.019166943867746047 0.08786353104627714 0.3300074151132419 0.9373144019867401 -0.11196793200965724 -0.18400715710306556 0.05537069201045591 0.09918808397196947 0.993526955076836 -0.2192225317782357
0.9422408029372958 -0.334812334449082 -0.009108785914211718 0.08691934872655932 0.3312225170418568 0.9354873801454254 -0.12310566921595435 -0.18055086814226992 0.049738450765301076 0.11297814961046733 0.992351764358818 -0.22112094366201387
0.943347740281219 -0.33177077188720666 -0.0048162046966334785 0.08532214041999978 0.32860214546079786 0.9361534556649312 -0.12504934004292387 -0.1796544901804021 0.04599642273996921 0.11638239715685181 0.9921388344012885 -0.22264932670267132
0.9470449849328931 -0.3211006527245838 -0.00040906392838516945 0.08080917461560574 0.3183605569173332 0.9391279822470188 -0.12917116071295137 -0.17608960409043284 0.041861107399794734 0.1222006701310998 0.9916222284251041 -0.2241918540795605
0.9508231973332475 -0.3097077815256832 0.00404196430155167 0.07666622253174057 0.3073808895686496 0.9419131972633973 -0.13533852943279995 -0.17286649907794166 0.038108216187081406 0.12992543586028432 0.9907911712240628 -0.22500768813169764
0.9525878532312402 -0.30385333699010814 0.015796565331367255 0.07246729376590032 0.3030701709053908 0.9429776455732196 -0.137628599704304 -0.17450583675174916 0.026923101301112008 0.13589080009023433 0.9903579338134078 -0.22739035565571022
0.949627850872241 -0.31278712590171887 0.01926547995524705 0.07440708018853275 0.3124050124094506 0.9400378437523815 -0.13686475271167076 -0.18220149692380555 0.024699252401947425 0.13598921348223167 0.9904023832499924 -0.23004076405491777
0.9465383484271623 -0.32099603241455876 0.032042192978733786 0.07284768097189463 0.32176209013648716 0.9323191860543392 -0.165076020869102 -0.1792457474137305 0.023115196468435024 0.16656074714375574 0.9857602168900585 -0.2327353730200989
0.9436184865954121 -0.32933627536980015 0.03349282730565248 0.07167716743290242 0.3301647732819448 0.928977290548288 -0.16730934262391373 -0.17877017512274604 0.02398695977112218 0.16893434041398692 0.9853353816796724 -0.23396183930094103
0.9415018902633315 -0.33539793397557127 0.03290009901941282 0.06938165494356556 0.3359075908832796 0.9260643315450413 -0.1719620429834137 -0.17553669240811273 0.027208105732676534 0.17295398152385463 0.9845540306440685 -0.23529258306996553
0.9398611160378528 -0.3399912888304902 0.03266505899978367 0.06726323659349741 0.34036710132501385 0.9243189225831854 -0.17258263438211136 -0.17355915475080622 0.02848366015253846 0.17332181880548486 0.9844532636089277 -0.23657987696980243
0.9369437679729994 -0.3480725733654027 0.031334634629115767 0.06701482259501518 0.34785483142060725 0.9201930973636817 -0.1795596831740836 -0.17191487380887074 0.033665886500953694 0.17913723017569533 0.9832479142368319 -0.23835352137635857
0.9318720843020196 -0.3623037856985053 0.01871858347035657 0.07087416489911345 0.359958625414205 0.9169450672277205 -0.17216716201607624 -0.17498529722082823 0.045212901792757734 0.1671756876919691 0.9848898836703478 -0.24003847556782576
0.927993920830939 -0.37237698955001275 0.012753844694291413 0.07131443091070368 0.3685380473023677 0.9123131637494409 -0.17850601933841367 -0.1745243340235871 0.05483603369477597 0.17035277779700378 0.9838561584426179 -0.24213587665733421
0.9264627502770054 -0.3762281023164213 0.010917297126453758 0.06967288143630615 0.37181538034819606 0.9103193199952053 -0.18185724780716278 -0.17212776405905414 0.05848158073863612 0.17254318494467166 0.9832643357935112 -0.2437512260395973
0.9266656268708482 -0.3757455457710072 0.010300524710006085 0.06683704950903263 0.37119675340604036 0.9104445940682983 -0.182492770795529 -0.16954823817003103 0.05919278872353649 0.17293329917936393 0.9831532371904529 -0.24490339300025407
0.9265245682183811 -0.3760466345210631 0.01188078924650751 0.06372857681525282 0.3722140807218619 0.911563241406417 -0.1746686435196883 -0.17084474836115768 0.05485346479592436 0.16625698656600257 0.9845555910246357 -0.24975158949263432
0.9275395668699794 -0.3736814450480597 0.00570346538875391 0.0620659384238081 0.3688116632987616 0.9127722512163332 -0.17556985625177934 -0.1665197980829343 0.06040123264841686 0.16495149297978726 0.9844504538361929 -0.2511338820177134
0.9290053428474219 -0.37001403838530716 0.006219675131107313 0.05992689833833642 0.36520707859640633 0.9139626870812397 -0.17690674482992558 -0.1640807971178255 0.05977342807651987 0.16661878051719084 0.9842079654600141 -0.2523721941808565
0.9295689142945646 -0.3684805770141419 0.011121957586041441 0.05833947446854291 0.36423889014332356 0.9133796996852215 -0.18184486550380496 -0.16344919678854664 0.05684773068805004 0.17308838368376794 0.9832643321860887 -0.2541671801180117
0.928980597650149 -0.3697842002036984 0.01595915001745141 0.057987784624455155 0.3661811042939229 0.9119381450168472 -0.1851491790997663 -0.16609962032810047 0.053911483448817445 0.1778439342315121 0.9825808297587536 -0.25651521909290864
0.92708672440171 -0.37456854139209306 0.01444344964002522 0.05946904770329545 0.37029353109482877 0.9091574671648256 -0.1905660009754225 -0.16691021504461914 0.058248658932439405 0.1820195255950268 0.9815681260283105 -0.2593780111929789
0.9297669458984625 -0.36770528414503534 0.018062400905211603 0.0571959629272416 0.364106950973518 0.9112020598726489 -0.1927094557529866 -0.1659278349631451 0.05440178827401192 0.18575152784206111 0.98108960617108 -0.260520143156219
0.9324395692177478 -0.36088706006674276 0.017803921854482728 0.054404185788616694 0.35739462960287527 0.9139252337240992 -0.19237917219225298 -0.16306161110583836 0.053155700428471446 0.18574497850206656 0.9811591483919523 -0.26101987275855393
0.934935391378824 -0.354380595188535 0.017612714190089074 0.05155197510467715 0.3507498580954597 0.9155814242069045 -0.1966855172433238 -0.15944529808449076 0.053575656723342434 0.19006590804527687 0.9803084206542257 -0.2618509972266889
0.9368391142009447 -0.3492398237648006 0.01907929767882551 0.04940203672090328 0.34557479983937944 0.9158351121570671 -0.2045094253481433 -0.15498349189591581 0.05394934493726041 0.19818575336532868 0.97867863742081 -0.26312013125190126
0.9381710885028703 -0.3455252106016405 0.021150355458677546 0.0475594610852752 0.34232310437307606 0.9169215354685837 -0.20510921482546185 -0.15227422329398183 0.05147718824602732 0.19966779067397494 0.9785105377345981 -0.26394280983739393
0.9389090097976762 -0.3434662207153569 0.021927757483470763 0.04777610069766535 0.34042320152865213 0.9174429046260011 -0.20593824465696448 -0.1522330657841451 0.05061536507551164 0.20082199077520288 0.97831927960117 -0.2654967089969422
0.9386303807503814 -0.3440305563963012 0.024819037008762403 0.04883023382641051 0.3413226365882956 0.916049072563865 -0.21060141121868028 -0.15267380607296777 0.04971786484560321 0.2061481819481646 0.9772569063427775 -0.2673815318348355
0.9386909714611164 -0.3439339654245096 0.02384717016240364 0.051312806442614614 0.3407783283099272 0.9151465420392406 -0.21535305325886198 -0.1516647451228017 0.05224357426205042 0.21027656555353877 0.9762450383624642 -0.2699344232549023
