1.0 0.0 0.0 0.0 0.0 1.0 0.0 0.0 0.0 0.0 1.0 0.0
0.9998113391541643 -0.016704478805169704 -0.009911936571874003 -2.6337618772268736e-05 0.01667062785032472 0.9998549514027429 -0.003488025586811258 7.440893874002233e-06 0.009968764508865136 0.003322129327088072 0.9999447920714924 1.1586340508071154e-05
0.9954349266254623 -0.08489703004020616 -0.04360964508584835 -0.0009133274984089382 0.08414728198422478 0.9962768530171677 -0.018752788509335636 8.692878185685488e-07 0.04503933601673965 0.014997547551543339 0.9988726304082065 0.0001441124676107147
0.990667349347107 -0.12239858866435895 -0.059973230949740476 -0.0013085030161764314 0.12082190956805124 0.9922428775927679 -0.029259836546925332 4.62947011767352e-05 0.06308937395400019 0.02174068442795993 0.9977710526642349 0.00031534636511557253
0.9797417651656313 -0.18821734251335787 -0.06841275880523043 -0.0014313363552013938 0.185046031656722 0.9814509977631761 -0.05011891018133842 8.999214479421208e-05 0.07657701847312229 0.03644407999764678 0.9963974052931347 0.0005323980779757258
0.9742205172772811 -0.21963345331615966 -0.05153183385447635 -0.0011920923168033312 0.21766189635996444 0.9751523948949455 -0.04124446149043202 -0.001552002766825962 0.05931005470383019 0.028964683928360557 0.9978193045316163 0.001602536526434084
0.9758871507990317 -0.21712277421323029 -0.022404683066246232 -0.004697419058297499 0.21589481192356438 0.9752633968898147 -0.04744193157353614 -0.0015324080886930437 0.032151191110707626 0.04146091659490742 0.9986226981724742 -0.0010854492459384175
0.9763129034841221 -0.21633534806708962 -0.0034830542767619746 -0.006392807489244326 0.2157737941173321 0.9747139010006176 -0.05809028290832213 9.948870904962414e-05 0.015961962993787333 0.05596274093402543 0.9983052576063774 -0.004015624582246418
0.9754250354174431 -0.22026998573589154 -0.005208998444055308 -0.0012521254214489172 0.21954585651257058 0.9736697593495568 -0.061374397075141224 0.0013898714507082533 0.018590781829766315 0.058722509415772 0.9981012221808326 -0.004381455290772909
0.9753320284236716 -0.22025713226256874 -0.014636598595136446 0.005562163962812203 0.2189368398821413 0.9736877600579565 -0.06323611354075963 0.002678862088326953 0.028179681924884244 0.058471716246297045 0.9978912585676978 -0.00802264423411939
0.9759633577733414 -0.21793401485682395 -0.000538007592641209 0.005579019878056599 0.21749443466034643 0.9741457056143487 -0.06112540490579971 0.0026862823047457923 0.013845402686829591 0.05953914175991566 0.9981299491664054 -0.008012711300179744
0.9763422757821388 -0.21541518240249677 -0.01876325427670362 0.015116063051257693 0.2136427513599006 0.9744031758122382 -0.0699658899635723 0.005494662961211393 0.033354689504248504 0.06430202296601735 0.997372906455029 -0.009425557077161487
0.9773138471816721 -0.2117961607151009 -0.0001743940984117546 0.015215672177634637 0.21128567551913316 0.9750147379243747 -0.06859026279789861 0.005540093971616315 0.014697191139193162 0.06699736663932755 0.99764489946875 -0.009368022040057346
0.9777798253778698 -0.20824517655958807 -0.02409480283565098 0.025412315999009408 0.20573138823929393 0.9752915139531023 -0.0805050228507298 0.008619251584923333 0.04026423943346831 0.07375912994829846 0.9964629354733235 -0.009997353718951234
0.97792916492642 -0.2047309863164512 -0.0417105697420733 0.034277020046157305 0.20078740369866632 0.9760798140567511 -0.08338234289635417 0.0098884446691118 0.05778379446059206 0.073167067952938 0.9956443206612011 -0.012811698474033288
0.9783103648539855 -0.19975451361655325 -0.054835794049838814 0.04115290370801651 0.19470703407120163 0.9771117423411655 -0.08568438517142977 0.010725135623987633 0.07069654095115226 0.07314900729896869 0.9948121540415135 -0.01556166858918227
0.9772851536028643 -0.1981759087595774 -0.07510018465185077 0.04958409586823142 0.1913669516519103 0.9774673070283503 -0.0890862138952947 0.011789109367785223 0.09106271664562691 0.07269094082524163 0.9931886068411468 -0.016672104503177878
0.9769447312311018 -0.1900209182625017 -0.09731928248022761 0.05956892417421795 0.18146253359326758 0.979235257743708 -0.09038616538787446 0.012686225002023953 0.11247373480818892 0.07064248448552711 0.9911404029520781 -0.01913497804651854
0.9789828754709956 -0.17854422528631503 -0.0985621080915537 0.06586151547144355 0.17019375960120706 0.9815154535088612 -0.08752998752484314 0.012561364929331267 0.11236820603421502 0.06891570314669045 0.991273933951886 -0.021345023101536437
0.9793579060109665 -0.16636290522305472 -0.11481060795745449 0.076193983952338 0.15750585347410245 0.9840752628241496 -0.08238800409630978 0.011974689301440754 0.1266885869177238 0.0626040003779668 0.989965020130239 -0.025164181900357744
0.9754378944267045 -0.15177495649275413 -0.15964108712365066 0.09361909886525968 0.14085097340254643 0.9869757225901317 -0.0777169628153376 0.011779918790302076 0.1693573659689866 0.05332246805342591 0.9841111710537266 -0.027494136182119454
0.975897869922609 -0.1352854704748175 -0.1712343101102202 0.1035768467619123 0.12521256205190007 0.9897714723526033 -0.06836846364631004 0.010349033724160649 0.17873209500510703 0.045279951362226435 0.9828553119456184 -0.031726514011097225
0.9777664385251472 -0.12451762954662622 -0.16872507705121773 0.10769794932526765 0.11438835716613739 0.991070448986705 -0.06851765385739075 0.01070681218227628 0.1757500937088859 0.04769407801162248 0.9832787903153094 -0.031113589665454633
0.9676485436024397 -0.09551188458632053 -0.23352467956695183 0.1332560778419789 0.08539621122988808 0.9949324190559405 -0.05307512241222147 0.008159457682641879 0.23741057931705226 0.031415942040017394 0.9709012593534314 -0.033709520451559574
0.9686923159827937 -0.08665570090598353 -0.23264992253681205 0.1381870626994362 0.07684091729667315 0.9957411700840721 -0.05094109960146327 0.007992417578854605 0.23607344277766165 0.031469218294924155 0.9712255237147589 -0.033434561200828994
0.967328344217722 -0.07904083372677302 -0.24089089039807496 0.1499286217582424 0.06793531236273925 0.9962231265285937 -0.05407657074711979 0.008346693286630614 0.2442553332215662 0.0359448017572535 0.9690445311849466 -0.030567120850470406
0.9536096600039341 -0.0632142711282686 -0.2943341167328437 0.1727696569843651 0.05143309273123362 0.9975411825832634 -0.04760489494245568 0.00727169351528922 0.29661971161620837 0.03025797376071368 0.9545162134320258 -0.029103065543794066
0.9598647427116702 -0.0529038699430592 -0.27542849570098493 0.17698993924576162 0.04089193394591808 0.9979526254926211 -0.049177301781863594 0.007502272824179961 0.27746625999790125 0.03594075426907782 0.9600628816621055 -0.027473120157517086
0.9660328983695697 -0.04293747762617305 -0.2548270242395633 0.17950981345264416 0.030479078904607684 0.9981482965959693 -0.05264032438814326 0.007704701588592883 0.2566154029219922 0.043085392160973214 0.965552786731786 -0.026432641371266993
0.9695400952166322 -0.035327060386086385 -0.24237162080532718 0.18306936139727448 0.02186921072021628 0.9980773773219196 -0.05799384881753758 0.008229255912296684 0.24395438382984416 0.05092688565654824 0.9684486103699694 -0.024254604300519574
0.9619733785234951 -0.009732765521609598 -0.2729697644197871 0.20429892404426137 -0.00013558346227310314 0.999347824323515 -0.03610966126924772 0.002936470031702669 0.27314318704521673 0.03477354303427909 0.9613446832825486 -0.026045481217029327
0.9640334021624862 -0.005325961741530498 -0.26572774346415157 0.2106444936292106 -0.004861360682437005 0.9992785975180575 -0.03766499322524811 0.002736515798691854 0.2657366491234101 0.03760210996567793 0.9633120546524836 -0.024173263803940227
0.9750576174790054 0.009585593882312648 -0.22174480599573992 0.21185580018660297 -0.019243487272637694 0.9989558829591583 -0.041434672665233596 0.0028922688423870095 0.22111610252026842 0.044668336561943085 0.9742240034586677 -0.023004675524946953
0.9812157891259069 0.01926309814165433 -0.1919492334446996 0.21351272581735356 -0.028997691509476314 0.9984246556865104 -0.04803478743986186 0.0031031522022969657 0.19072154848664838 0.05269857652021437 0.9802286217896297 -0.021774217867307637
0.9829770793513111 0.019689301756444875 -0.1826701750869782 0.2182264192965726 -0.030248483399520982 0.9980170548039462 -0.05519952511104292 0.0037031598353026176 0.1812211100341067 0.05978536373394199 0.9816234611913096 -0.018713075395207737
0.987108783725602 0.0296374926461412 -0.15728276485810425 0.21917959422103422 -0.03947302486085209 0.9974306393026141 -0.059782941452489254 0.0037989874949455687 0.1551068322160423 0.06522069311213542 0.985742426696689 -0.01800890353927759
0.9909137430505535 0.03724812050894493 -0.12923827355736905 0.2193480016796132 -0.04593563159674954 0.9968336883384581 -0.06490389467013945 0.0038091462936594798 0.12641151681451707 0.0702508029284805 0.9894872172517225 -0.017890003909134273
0.9930811335566796 0.03953442919989986 -0.11057527337345747 0.2203271560252714 -0.04722240348936959 0.9965811204798251 -0.06779465253146977 0.003933070983517539 0.10751700694524965 0.07254722056022428 0.9915528195746922 -0.01714658490180282
0.9951985755862212 0.04494473453471492 -0.08694691477423289 0.22249492470291196 -0.051363648936871134 0.9960044146406549 -0.07305464793026992 0.003710384131275354 0.08331608919677122 0.07716979236676755 0.9935307002941713 -0.016625670242963266
0.9966024238292037 0.051572386863105904 -0.0642175811674378 0.2236482603460703 -0.056448020226397055 0.9954642980414686 -0.07657971230897788 0.0036501146206032458 0.059976910809703195 0.07994448222390252 0.9949932914003377 -0.016257018105449123
0.9975203250234206 0.05264114754713682 -0.04671306830093623 0.2248527427885579 -0.056318205059342034 0.995101657456663 -0.08124623748762719 0.0037140451805035344 0.042207356515914986 0.08367556938511163 0.9955987837196345 -0.015463449756178086
0.9982558511688372 0.053859519177916024 -0.0241745279396032 0.22498294929598603 -0.05571214069205564 0.9949110166196987 -0.0839537157502021 0.0037117836608455503 0.01952979740518952 0.08515410267674083 0.9961763728429979 -0.01537479057853153
0.9947531965054605 0.10206620511519565 0.006969061310523346 0.22496579067939554 -0.10077127416335639 0.9893220914435698 -0.10529458526065759 0.0038751752949679587 -0.017641665047856237 0.1040398440747731 0.9944166543754361 -0.01544752426297558
0.9943792157134522 0.10269611692531241 0.025758162309457332 0.2251375103894549 -0.09932322526491205 0.9890648999808487 -0.10902073449050317 0.0038681679892508085 -0.03667250032481128 0.10584956870169993 0.9937056890878658 -0.015359316338474337
0.9934774376378532 0.10318856640057754 0.04852525804894982 0.22600206166023576 -0.09723374352586804 0.9889153439085696 -0.112214266927786 0.003894106043613229 -0.059566601585696384 0.10676404987816998 0.9924984925072392 -0.014616865397002998
0.9919650503689486 0.10297912852868285 0.07348903274639328 0.22602041032892198 -0.09423863023078397 0.9890182066633592 -0.11385107579912299 0.0038939641066595703 -0.08440627594410642 0.10601078235663171 0.9907761072035307 -0.014598196088335803
0.9899816442353743 0.10305504712338331 0.09651943503471329 0.22653918546473728 -0.09150299430811067 0.9888717782310498 -0.11730220906193697 0.003841607086724139 -0.10753393003918496 0.10729521648497561 0.9883947543414877 -0.014271180323932276
0.9869437568230126 0.10148987832232362 0.12506728375636872 0.22677203409861876 -0.08673746356300682 0.9891897240106344 -0.1182383284997715 0.003812196943875251 -0.13571526547419574 0.10584656116229645 0.9850775970487728 -0.014145667981133434
0.9830084544538373 0.10343911257664776 0.15164012813774477 0.22695552900615903 -0.08521706879081263 0.9888514231207072 -0.12211025419207407 0.0038024670088235538 -0.16258053284134924 0.10711308501535485 0.9808640870984705 -0.014009843176758232
0.9766276222439735 0.10604983909345173 0.18695432356148772 0.22678289100448376 -0.08305837819053222 0.9884438154215109 -0.1268074507563451 0.003838647697406218 -0.19824175463922286 0.1083155362042647 0.9741498608193425 -0.01408385421097756
0.9715845439064892 0.10674145803602966 0.2112575091644317 0.22691905337722607 -0.08041448925060048 0.988309451833071 -0.1295296774333138 0.00383750438435892 -0.22261397970608515 0.10886086787159013 0.9688097478275405 -0.013967163786048214
0.9659472192070889 0.10380051280700735 0.2370051122804989 0.2272260760242548 -0.07433457215862503 0.9887151704599738 -0.13006414988111578 0.0038230583317047134 -0.24783127544376352 0.1080174302754211 0.9627626362030327 -0.013632973543006445
0.9616477846846475 0.10648577181011441 0.2527732553359072 0.22762599126234287 -0.07406149523483056 0.9881399846293157 -0.13451492742575255 0.0039047168669747024 -0.2640992865092356 0.11063521672043924 0.9581291226585984 -0.013496208498215697
0.953057396903565 0.10510698410509603 0.283961476436029 0.22768603339322893 -0.06856549759454617 0.9883724295572426 -0.13571555928015214 0.0039008919872496393 -0.29492434749781016 0.1098747577173362 0.949182367550909 -0.013427687802221845
0.9509872096364704 0.10378338382511579 0.291294243591676 0.2289936669213857 -0.06586941351249195 0.9883654303664208 -0.13709484461539367 0.0038417050171481453 -0.3021333273099092 0.11118806275139129 0.946759033350217 -0.014726664665447815
0.9389457530930488 0.10515864293315225 0.3276011791263625 0.2294929824505752 -0.06203275701497205 0.9882853219990707 -0.13944195702267445 0.003821006958752078 -0.3384269637686176 0.11060642900686093 0.9344695864803234 -0.014115025421300633
0.9429636438964775 0.10232620388083769 0.31677896756068236 0.23485639027226393 -0.06096229687958106 0.9885735656235235 -0.13786190086299221 0.0036157435323954986 -0.3272661984511063 0.11068718692662187 0.9384269721196389 -0.018853558828796337
0.9329716108127718 0.10384718847209279 0.3446443599768624 0.23511233867865905 -0.05873678825106318 0.9885674341212043 -0.13886834736889028 0.0035886076918752504 -0.35512527806869454 0.10931692294177807 0.9284050017288656 -0.018499109222803293
0.924460049581433 0.10378904775984395 0.36688070308071097 0.23565693083192737 -0.055080954251792935 0.9884975562396353 -0.14084981287520124 0.0035496903598986065 -0.3772793463822294 0.11000188577189095 0.9195432996439192 -0.018153174007696022
0.9162112444974064 0.10460863949868233 0.3867996742485003 0.23610989474855013 -0.05288449701867245 0.9884451548443508 -0.14205423555743532 0.0035278464455288272 -0.3971903642229901 0.10969598172658851 0.9111567407210734 -0.017544266112933946
0.9158023863621602 0.09916627088980448 0.3891940902058785 0.24190900610075186 -0.04843303793722325 0.9892348142294409 -0.1380895475863851 0.00210320943634896 -0.3986981690070078 0.10761288507539893 0.9107465273039523 -0.020476299193649333
0.9265702057747709 0.09214246017585724 0.36466069270383206 0.2507754145404115 -0.048577210977482306 0.9907245538338303 -0.126905921864995 -0.0003867836748071181 -0.3729717259312622 0.09987304673181803 0.9224518774398804 -0.026350015254379952
0.916849543507561 0.08942290638162778 0.38908926788622555 0.2514171193374235 -0.04243175596056119 0.9908985410609884 -0.1277482970896491 -0.0005101502532623284 -0.3969716119020062 0.10061622700869281 0.912299245974948 -0.02553371462168528
0.9061277239359785 0.08954194097813031 0.41341841845818983 0.2520788356259417 -0.03885862650132947 0.9908265802591686 -0.1294322023236434 -0.0005263183592384935 -0.4212155683982126 0.10121723498390858 0.9012949108261867 -0.024872538086622063
0.8887525375131251 0.09608301052687504 0.44820417462588624 0.25174981175277317 -0.03933447760182686 0.9901641227416683 -0.13426767632982525 -9.311635929336315e-05 -0.4566965359358094 0.10170086097625743 0.8837902516666047 -0.02222027623661621
0.8816475673525714 0.09479965072003736 0.4622884307493005 0.2525656779153647 -0.03666928693223862 0.9904150075473532 -0.13316709886775396 -0.00028043064641349253 -0.47048159408968393 0.10045466165555586 0.8766732176669358 -0.02201914057240377
0.8647630431543327 0.10344508206290354 0.49141020969395355 0.2524719843157438 -0.03839133921130294 0.9893081549803162 -0.14069640920436272 0.00026298377265861347 -0.500710479486914 0.10280315893219456 0.8594885259533999 -0.01997667828703237
0.8443140619052353 0.11071520217076239 0.5242860944917084 0.2525279703211494 -0.036986208757011474 0.9881296014889723 -0.14910369218441183 0.0005560325652525915 -0.5345706550409032 0.10649898905402054 0.8383866531020238 -0.018904540547474633
0.8182627671715494 0.11811269099560429 0.5625792709356915 0.25264793829334714 -0.033726947929030686 0.9868420192051172 -0.15813071211676827 0.0009099711483044144 -0.5738541076302811 0.11041839229467515 0.8114796619749105 -0.017364318665065534
0.8088772974855016 0.12411847329422447 0.5747278679511381 0.25344985200462894 -0.030114221525673338 0.9849281159061154 -0.17032245935145837 0.002640208830115555 -0.5872057997622717 0.12046248828883421 0.8004237238118416 -0.01737593716419386
0.7946522076892519 0.12389723777491152 0.5942872565404239 0.2544283708835007 -0.02092222828290388 0.9839596341713274 -0.17716009337630934 0.002508340567578024 -0.6067043177514654 0.1283468456689597 0.7844979018637075 -0.0171116866569132
0.7757780877936103 0.12929903324799388 0.6176164817266633 0.2541529619185128 -0.018386471287052127 0.9829972963254606 -0.18269716223970622 0.0027531558832825445 -0.6307378981580973 0.1303766674599618 0.7649651158119187 -0.016443213308457216
0.7631011361242371 0.12868457104586434 0.6333379328767847 0.25545092067325853 -0.010698265426865671 0.9823568835714166 -0.18670966878206205 0.0030812395636430363 -0.6461905316257346 0.13570274306215427 0.75101435563021 -0.015609454871129679
0.7568954056098162 0.13190504636255007 0.640086247087721 0.2586349578358899 -0.007819403849047543 0.9811776858697429 -0.19294871255009294 0.0033356889175441295 -0.6534892515490917 0.14103690118329515 0.7436803013489227 -0.018641775116723727
0.732997892173005 0.1401105547245754 0.665644892209578 0.25871160616786293 -0.005374566385049048 0.9797196120111923 -0.20030126279384217 0.0034993967195533072 -0.6802096765748772 0.14324285076542928 0.7188854440023785 -0.01805638823801808
0.7244971418733486 0.14398890978784695 0.6740705343474477 0.2585706863843448 -0.0028181285385303757 0.9785479950718038 -0.20599970750583463 0.0026166647510167443 -0.6892720432230542 0.14734658190489705 0.7093610048713296 -0.019427945086072387
0.7115169033886065 0.14351754320960144 0.6878563883423383 0.26082622815832424 0.009414441526458895 0.9768845862297505 -0.21355999971312514 0.003163449041791009 -0.7026059097979662 0.15842733343020546 0.6937187582436918 -0.020515003244481692
0.6902832944000488 0.1526473276338086 0.7072536792682448 0.26105094511254046 0.008828411345430134 0.9756421445234634 -0.219190476487391 0.0032221905993870727 -0.7234853368419609 0.15754745061698244 0.6721218402780604 -0.020225246701486295
0.6648218857893149 0.16521429632036042 0.7285026399862283 0.26111346151362896 0.010201664366515012 0.9731362782881087 -0.23000371719543525 0.0039059341102472725 -0.746932250086771 0.1603434444276823 0.6452768348618934 -0.018561541910114283
0.6375327513287526 0.1767713226740851 0.7498692489115963 0.2618602657958912 0.012242159241058096 0.9708738483234113 -0.23927829023712643 0.0045156210767514585 -0.7703259832825982 0.16172776546326456 0.616799813033338 -0.016024350837615286
0.6300854088687294 0.16726421031099412 0.7582974755857772 0.2674656480542131 0.014925223449032854 0.973736730108193 -0.22718718745386363 -0.0009744895379591237 -0.7763823898284383 0.1544650911605606 0.6110408500068107 -0.016946636012081056
0.6189054703373302 0.16950515494970358 0.7669576397898396 0.26750919932141254 0.01923064618498665 0.9728744197049337 -0.23053317707239576 -0.0009730666780748561 -0.7852300306495101 0.15742733539402212 0.5988576066452784 -0.017017512646355752
0.5974469186293087 0.17891373931757057 0.7816949873855819 0.26775924638782467 0.020273795114281404 0.9711117197644784 -0.23776248856314094 -0.0007223669828228755 -0.8016521394295678 0.157898390173802 0.5765604441240502 -0.016164051051759824
0.5815997880115207 0.18363638791280087 0.7924767274938046 0.266016468955704 0.025513236538022583 0.9695898660853053 -0.24340206725915692 -0.0007307437968509963 -0.8130748805284198 0.16178123691892027 0.5592281019715332 -0.014799951717866563
0.5730802560040925 0.1785471759803051 0.7998124318412022 0.27155570783783545 0.021249706735739695 0.9724112432159164 -0.23230330180803985 -0.005332912665282419 -0.8192236996949757 0.150124215290973 0.5534756090753676 -0.017433841054724387
0.566978284219845 0.1882032178282615 0.8019446202963174 0.27229318044814443 0.024941714008087652 0.9691807894828399 -0.24508469597213603 -0.003277706654530417 -0.8233550486427189 0.15895957378058054 0.5448103502853495 -0.017470097626299346
0.5510240614569131 0.18065612439699996 0.8146998517327594 0.2764276851302019 0.027609160523687507 0.9718043078376027 -0.23416686683528118 -0.006126059146370784 -0.834032504133202 0.15152475700733226 0.5304997927079441 -0.016797631861759744
0.5417540525457936 0.1729461879510942 0.822552224860763 0.27944022700755483 0.027021907140424222 0.9745137649086223 -0.2226942714532965 -0.009765829638877985 -0.8401025908094191 0.14287245387689454 0.5232734455698079 -0.01688126447431348
0.5328095701250445 0.1906196604461621 0.8244865717733383 0.2796187095263155 0.023395625942758288 0.9706090410056832 -0.23952188669257793 -0.006568972612196399 -0.8459117014617462 0.14690893291224957 0.5126901196245937 -0.016524243845050194
0.5232834747235177 0.18911148804873412 0.8309098929301973 0.28163917561455226 0.02354599101957632 0.971483758376913 -0.23593408722940312 -0.007932253924504463 -0.8518333119737586 0.1430250058481364 0.5039085793216468 -0.016448415079674587
0.5035557977787629 0.1595631555068077 0.8491002048804961 0.2833828769096041 0.04668768805182321 0.9763355951513036 -0.21116123087565955 -0.01584982386648737 -0.8627003061943148 0.14597398756373947 0.484189814687359 -0.01368422245624213
0.49790906547063307 0.17398301528472368 0.849597830102333 0.2831864811609522 0.04526469370094871 0.9731201707405887 -0.22580575900974048 -0.013328294240820935 -0.8660471523111863 0.15088751999500116 0.47665006690804634 -0.013731914725433555
0.47973398431096315 0.14080593410789205 0.866042142864381 0.28422501672617 0.06951618734915276 0.9778370305554027 -0.19748985131147348 -0.022615411949078547 -0.8746558203050852 0.15494654108625625 0.4593133629798351 -0.011393369985012605
0.4698669019319319 0.1388772158451826 0.871744350935511 0.28650605180137695 0.06609472338875952 0.9792397830767382 -0.19162707214792057 -0.024339879507546527 -0.880259383368929 0.1476569204572279 0.45093331195648306 -0.0110494823705828
0.4602347876434641 0.14122480935078202 0.876492722996949 0.28798231027278237 0.066906792789614 0.9789417972082871 -0.1928637829070393 -0.024958456099756218 -0.8852725124623381 0.14740593916949904 0.4410941710974893 -0.012191667578969749
0.4500785097202586 0.14607533635435938 0.8809604594968765 0.28842515750044884 0.06549718455214262 0.9784728471092452 -0.19570642883070372 -0.024205086934226374 -0.8905837714127355 0.14578368762960553 0.4308220775649574 -0.011436228177429994
0.4465441187002976 0.14943350143045933 0.8821949777143391 0.2884691759891242 0.06603088885436455 0.9777633145661871 -0.19904477487651656 -0.02334844861301898 -0.8923218431548535 0.14713439210046866 0.4267472306763742 -0.011296455669848396
0.43399482201620637 0.1506379141075546 0.8882323532142038 0.28904438402524923 0.06611628647014464 0.9779380304198781 -0.19815611351125317 -0.02397763219779448 -0.8984860216645093 0.1447253519319018 0.4144604219725618 -0.01078169756242504
0.4287870000096454 0.15294099153330737 0.8903655214188905 0.28906382689829047 0.06638870240572838 0.9775663124219867 -0.1998915831408614 -0.02340263501949324 -0.9009629564058724 0.1448211238959498 0.409014172441381 -0.010540807615295147
0.4220915149779201 0.15485080623476605 0.8932300827849915 0.2890865626329691 0.06584051246622329 0.9774651529302826 -0.20056645214282942 -0.023218683266320768 -0.9041591562893269 0.14346812403952558 0.40238429080016974 -0.010224144087298541
0.4153365858779391 0.15803704129738114 0.8958347023916984 0.2887710918007322 0.06529724112374083 0.9770733438219391 -0.20264242175378916 -0.02298711967558906 -0.9073212169528956 0.14266034617434287 0.39549492398327546 -0.009906619419972973
0.3992781937035392 0.1430939825982299 0.9055942999914545 0.29051549425099915 0.0677837873516278 0.9804347242683652 -0.18480559953930514 -0.027165181050846504 -0.9143206670556598 0.13517345742782153 0.3817667536623716 -0.006498734405459075
0.3930926492990066 0.14586384037281147 0.9078556653669014 0.2903659361623736 0.06679650521998988 0.9801988479520563 -0.18640934891752525 -0.026374458234084002 -0.917069460813892 0.13391773051077172 0.3755657672064449 -0.006107100052233466
0.38685955578487324 0.15129405774679133 0.909642672805337 0.2901581497667382 0.06680931545621863 0.9792580110900516 -0.19128581516731943 -0.02558629212462355 -0.9197152817400615 0.13477334976346733 0.3687274667384263 -0.005718168100168509
0.37883113387488915 0.15454937936558713 0.9124699783251906 0.290617504311201 0.07260548184376019 0.977955424564078 -0.19578465611974594 -0.024779765341431552 -0.9226133621476007 0.14041964571741566 0.359258830209223 -0.005885926330233868
0.3684346064682924 0.15735983266134257 0.9162389556340338 0.2895256016723993 0.07090460540793313 0.9779429566703003 -0.19646910808291054 -0.024831552573977973 -0.9269457792603074 0.13735158012831264 0.3491504915473568 -0.003559206483196004
0.3640837877185605 0.1602620837054051 0.9174742830438923 0.2894422361145344 0.07387155988532029 0.9770119463933057 -0.1999766217458226 -0.02435759877773596 -0.9284320051358713 0.14058350234350028 0.3438753999753751 -0.003680696319931596
0.3552444189249349 0.15823274214666047 0.9212837793728 0.29032576191152437 0.08278915024988544 0.976370274185523 -0.19961724446496745 -0.02451120902362305 -0.9311000802403498 0.14718521325063227 0.3337501364445915 -0.003103526746387533
0.35302029888418013 0.1642443780771307 0.9210865609950982 0.2903131908906981 0.08505877856899009 0.9747603388241627 -0.2064153241495241 -0.02307924768679831 -0.9317412048224949 0.15121529726009583 0.3301397599660937 -0.0035964356508636133
0.3942196168461008 0.21995699386991394 0.8923058974036988 0.2985559238025961 0.07262499873713549 0.9604432963987205 -0.2688387694533449 -0.011658082485239902 -0.9161421850630735 0.17078523135935875 0.3626512119066902 -0.011945675699102425
0.3625481414097576 0.21286535207153448 0.9073297014028519 0.2971383132792979 0.08036289185487358 0.9627995203772286 -0.2579900951085111 -0.01472259662416648 -0.9284937537609239 0.16644946815427109 0.3319547013948032 -0.005280021553128588
0.40298569636285686 0.211844938266249 0.8903506335472047 0.29713154245473483 0.07577916473754087 0.9617773236094765 -0.2631385528239281 -0.017160621650187582 -0.9120636198854892 0.1735111002834143 0.37152907202508473 -0.01678390249319588
0.4015880253306469 0.20915428299562924 0.8916173752320062 0.2972706370632937 0.0797046661938972 0.9618961824894149 -0.2615394813392582 -0.017471938951423346 -0.912345452171462 0.17609718912258182 0.3696154161898284 -0.017084483035657905
0.40672858597243344 0.23713934375416232 0.8822339763332097 0.2950948355935225 0.07717455548682402 0.9533503722026896 -0.29183412378678886 -0.011288728799530785 -0.9102834423069961 0.18678329546519537 0.36945372537963567 -0.01892964422347078
0.4013736828250631 0.2498249230894142 0.8811848129301879 0.29279689228331846 0.0807226897627266 0.9486895621081374 -0.3057318467293507 -0.009005675666733121 -0.9123502694102276 0.19384432555645906 0.360612483639503 -0.018263532947172378
0.3936939625680168 0.2590508665327139 0.8819850975986722 0.28981661698303474 0.08335597540004645 0.9454570253605195 -0.3149012457287883 -0.007839584202805047 -0.9154544473662241 0.19749344734721597 0.3506272850938985 -0.017339670787263492
0.3998863400631888 0.2596643938640735 0.8790138324224865 0.287386263088583 0.08152411124253281 0.9451532388769618 -0.31628970000065076 -0.009302719692788666 -0.9129319439678851 0.1981407519910821 0.3567849605622848 -0.020213297660924414
0.41378588705616465 0.29175957715401124 0.8623558365385208 0.28415640061890857 0.0808274590939865 0.9317394673744774 -0.35401763627414495 -0.0013802205981985876 -0.9067790036880826 0.2161895327615038 0.36195845672509924 -0.02413289980810735
0.40506833975443907 0.2847915569838143 0.8687999822740061 0.2783484974005401 0.08336994613240423 0.9347850548299789 -0.3452916931355157 -0.005745108814025332 -0.9104773979679349 0.21229854059142247 0.35490877342254495 -0.024440854070930256
0.40000075771140575 0.2806730376748218 0.8724803950534852 0.273733218317411 0.08485578745668372 0.9365242931824022 -0.3401789876143234 -0.008879805685485765 -0.9125781550998284 0.2101068637660125 0.3507936952583504 -0.025136534008475563
0.40713004004456155 0.2674375830823667 0.8733397217854986 0.2691415952956243 0.08496138167366177 0.9409382966264569 -0.3277448482673704 -0.01622501422320191 -0.909410080281396 0.20763492263288266 0.36036237981485575 -0.029607084486071925
0.4071589403522667 0.2656787803045168 0.8738629085772663 0.2663989317159434 0.08883879439035422 0.9407027865386034 -0.32739263279703246 -0.01905148110353709 -0.9090265485135662 0.21093376470923328 0.3594129672161366 -0.03057689470102215
0.4143757505510507 0.27089525803901926 0.8688547039219058 0.26298009336795786 0.08897628445071129 0.9380426771608223 -0.3349017118951482 -0.01868139514617925 -0.9057460781922264 0.21608261150988006 0.3645988848618113 -0.0334549794154633
0.41305805183506206 0.27752785382925516 0.8673876504557502 0.25997045376695715 0.09327625430918741 0.9345344589788707 -0.3434310489211989 -0.017979802400127858 -0.9059153305890514 0.22276363107562377 0.3601302243268926 -0.033875866713742916
0.4182043782426092 0.27780964889511905 0.8648276689604 0.25645923409896354 0.09377944728717874 0.9337908101256671 -0.34531165371495826 -0.019143532926593033 -0.9034990388955724 0.22551390623555914 0.36446256983284464 -0.03643416044237513
0.41930890874498 0.2691996536276094 0.8670130250081974 0.25246171823412006 0.09587370433728606 0.9365535494519517 -0.33715824448705806 -0.022294229212683463 -0.9027670086261126 0.22449720598645567 0.36689607880234953 -0.03814744240301805
0.4169941873795199 0.2633548600595182 0.8699195740841341 0.24952134017270813 0.10013548077232964 0.9379654228466333 -0.33195444120334977 -0.02519011916682009 -0.9033762965576345 0.2255328872407907 0.3647549637642373 -0.03849017960945157
0.4176242994470692 0.2678896107358113 0.8682310182037706 0.24752656866170927 0.10395182157276397 0.9351885059910365 -0.33855055317331106 -0.024008229375330627 -0.9026538446730552 0.23164113348468165 0.3627098316490587 -0.0390771608348906
0.413849177563385 0.2648494533760678 0.8709670632558408 0.24485857678838704 0.1097493342245689 0.9352498014213172 -0.33654552824045686 -0.025115590624942126 -0.9037056721451806 0.2348671453988069 0.35798530995677397 -0.038370101332855525
0.41522801665526743 0.2594641471250253 0.8719312189279681 0.24226207850270084 0.11562157681137741 0.9356392476960643 -0.3334829068279083 -0.02691910198659004 -0.9023399277213564 0.2392855083941061 0.35850397530905576 -0.039074728679127896
0.41452268201052195 0.2530641957645384 0.8741449873567012 0.23948976488053758 0.11954022005853776 0.9370929550686942 -0.32797397663378214 -0.028784780665721932 -0.9021535799891054 0.24044813657558173 0.358194935377618 -0.03950036350835901
0.4159884112897803 0.2500011896572739 0.8743300560100566 0.23689006026887927 0.12537856722804788 0.9365181379845594 -0.3274354777750476 -0.02911271736248479 -0.9006852150182358 0.24583161390651428 0.35823590139973077 -0.039918465969297164
0.4172018376487636 0.2500423085374067 0.8737399330486019 0.23473708171607924 0.12901733082579495 0.9353747195429407 -0.3292850776858108 -0.02897269523167577 -0.8996094458202855 0.25010593351867794 0.35798026064250277 -0.04031003322844601
0.4171574640777739 0.2485789840187242 0.8741785509084606 0.2325997972075824 0.1329580748651839 0.9348271798427269 -0.3292723707744644 -0.02950128934000276 -0.8990560608173132 0.25358752440037957 0.35691955252710317 -0.04045354163255289
0.41838160938250557 0.24538706766761217 0.8744952921268311 0.23050227053910688 0.13751833249962503 0.9345990070740151 -0.32804482041755506 -0.030172723527016453 -0.8978003882584515 0.2575070542679484 0.3572738163443025 -0.040808551357423284
0.4187475189079463 0.243485265596909 0.8748516679104168 0.22835443513835874 0.14161756254069355 0.9340877517443265 -0.3277568275738286 -0.03077905346304485 -0.8969921858012314 0.2611417191458162 0.35666513865683785 -0.04102825546949072
0.4191547903249688 0.24219918442481847 0.8750136095007784 0.22627809139484364 0.14550936470524534 0.9333834385704056 -0.32805850299231676 -0.03139905208566592 -0.8961787135001069 0.2648299674629719 0.3559898900289999 -0.0410638958097152
0.41819644243220483 0.23938981143931515 0.8762444029584971 0.22468952740810139 0.14724413699683786 0.934024647841626 -0.32544910714946046 -0.032351716977936526 -0.8963430702901114 0.2651235097145775 0.35535703868015023 -0.04125067711658397
0.4241025061631151 0.23989753254481003 0.8732618382507467 0.2223690718357132 0.1506637593335017 0.9321472307250519 -0.329244547221532 -0.03181144391998154 -0.8929935587055827 0.271202349050536 0.3591821125554769 -0.04206810007205405
0.4261447417059645 0.23192579091247342 0.8744204289848087 0.22032389616342166 0.1551654311116031 0.9335164862089362 -0.3232192119352888 -0.03384618396055343 -0.89124875770141 0.27341799042079207 0.36182627656094035 -0.042791541967142
0.4261190461687938 0.2327004825764433 0.8742271123117173 0.21934555227767888 0.1567268869036409 0.9327515878625712 -0.3246708460292411 -0.03343793095312493 -0.8909877897107736 0.27536332498817295 0.36099279471725304 -0.04312360644096231
0.4308204390181289 0.22689153141385401 0.873449473236374 0.21680202128281223 0.16307032297558824 0.932372078047716 -0.32263040439738294 -0.034389170459735934 -0.8875820069654764 0.2814294601665922 0.3646856726846864 -0.043725509882561034
0.42988196544860474 0.2197387803545726 0.8757376114969174 0.21450956027113427 0.16691330875589924 0.9338732570413926 -0.3162604735705316 -0.036649217671846215 -0.8873226262990261 0.2821269363091477 0.3647779443258836 -0.04411632924169108
0.43078148732316496 0.21556381032803626 0.8763330153865577 0.21282552571469027 0.1696289481550227 0.9344040365087077 -0.31323332597929593 -0.037720725892140726 -0.88637087617287 0.28358656567808627 0.36595809820176367 -0.04465304911906502
0.43538188084396934 0.21156662760727077 0.8750326736274769 0.2113281433797514 0.17413628577781134 0.933843877762269 -0.31242945754431445 -0.038446715770222586 -0.8832435518067907 0.2884010645764236 0.36973727718870214 -0.04536267616809886
0.438704228023645 0.20758900833204957 0.8743256852763108 0.2098550889763978 0.17795840749903188 0.9336142182031152 -0.3109586737323666 -0.03917300708879648 -0.8808344938264993 0.29201249149428865 0.3726382955316289 -0.04620200175944768
0.4410574745188029 0.20306481244627553 0.8742042016126731 0.20813359707959217 0.18163746328523406 0.9337120537285397 -0.3085281715716335 -0.04012483139759287 -0.8789062157604753 0.29486688974551 0.3749365029300487 -0.046766567429777736
0.4412560473388594 0.19741738937798103 0.8753967529400972 0.2064982242048739 0.18553918774691044 0.9343528564475628 -0.3042366668541026 -0.04159194149190566 -0.8779910651578985 0.29666667156838133 0.3756601861835257 -0.046975212499525396
0.44276588258496646 0.1959355459884554 0.8749672194070806 0.2054084729172556 0.18694257328322733 0.9342142557640998 -0.3038028943597669 -0.04185327270272295 -0.8769326356756252 0.29808218018750154 0.3770095043121208 -0.04745776569455601
0.44539000612473173 0.1903613231810874 0.8748658806245412 0.20394714990548524 0.19098313541559492 0.9344477328723115 -0.30055428214654156 -0.04320628626602459 -0.8747303495540999 0.300948502515865 0.37983787910426275 -0.04808730296089318
0.4459048496446868 0.18654704770304623 0.8754250762096227 0.20239145467773953 0.19422713215217152 0.9345710543836325 -0.2980818099854565 -0.04415464473541418 -0.8737532181338675 0.3029474266296744 0.3804972674004007 -0.048202776101153706
0.4485686467473626 0.18359608912844827 0.8746877415466481 0.2012681695472883 0.1960150669615213 0.9346367418662951 -0.2967022990770788 -0.044983651491741446 -0.8719886826555191 0.30454332501352666 0.3832611387949495 -0.04889636341478624
0.4479627171416161 0.17723165880011693 0.8763095019284319 0.19966093690783404 0.198980143395829 0.9358078158226816 -0.2909821891101841 -0.046867470300748906 -0.8716285370415962 0.3047173624264627 0.3839414310159693 -0.04910434268612243
0.4485823739426643 0.1742732793065257 0.8765858074984505 0.19825211642543097 0.20152902747698875 0.9358210572037629 -0.28917987478074664 -0.04770426133058536 -0.8707237821905063 0.30637848001088547 0.38467170693213576 -0.0493390908222897
0.4495350794701015 0.1715949079680865 0.8766261460196304 0.19699973238694002 0.2042352743442183 0.9356357697429363 -0.28787785446449804 -0.04881037657734207 -0.8696011528507473 0.3084491756140166 0.38555536700153503 -0.049599165774751014
0.44961237062018244 0.1694206440269554 0.8770093280933723 0.1954085003065235 0.2062549591871932 0.9356208522409317 -0.2864830058880273 -0.04937092912869408 -0.8690843503342965 0.30969382659239997 0.38572286135848083 -0.049869372301819745
0.4521722392750856 0.16413591143173117 0.876698162771787 0.1936098583936566 0.21149157667381738 0.9351596299576155 -0.28416153767453445 -0.05098812151028926 -0.8664938424622386 0.31390423551779206 0.38813986126011246 -0.05027696459701262
0.4524071531726732 0.16227574139453396 0.8769232301137022 0.19264831275651978 0.2132542168042344 0.9350937906542998 -0.2830587248169229 -0.05129734513429158 -0.8659390317876929 0.3150653685104501 0.3884371336419456 -0.050625096563307326
0.45236299399853186 0.16059736394498167 0.8772549278029759 0.19056437153460218 0.21706601197312997 0.9342455396767726 -0.28296222016399003 -0.05221585234819963 -0.8650144901137566 0.31842386576382425 0.3877578801330324 -0.050346072105123735
0.45203872861160516 0.15666212307904673 0.8781332285180686 0.1892633489110984 0.22092909416922796 0.9341189963741817 -0.2803783799840017 -0.053381615182008506 -0.8642056023798765 0.3207470651545481 0.3876467425504598 -0.05027560537822715
0.45112295883228964 0.1554403476067829 0.8788210138306208 0.1874538675097374 0.2228044966582934 0.9339195683355069 -0.2795575006127762 -0.05462712285266393 -0.8642026569522003 0.3219200804794596 0.3866797505699771 -0.05036135502901212
0.4514933683349754 0.15094774575372058 0.8794137344853137 0.1859942740666998 0.2247709761515318 0.9345618780484899 -0.27581171907365454 -0.056112701953518494 -0.8634997085288584 0.32219384561215403 0.3880198180766441 -0.050623574669517044
0.4518415925063241 0.1501930823891972 0.8793640959715027 0.18517071133639162 0.22563619012633396 0.9344343948933708 -0.2755370598404694 -0.056175643287874735 -0.8630918172399851 0.3229154682617276 0.38832733018768273 -0.05116535266966339
0.4527116552806153 0.15017837128081918 0.8789190030785107 0.18368517280087615 0.2288117679002464 0.9331401435464223 -0.27729884127511933 -0.05683763116842205 -0.861798893039117 0.3266434283765739 0.3880808403605556 -0.050945936732343385
0.4520815290327228 0.14790729532093572 0.8796281732063145 0.1824280302724766 0.23149116686439655 0.9329114244197134 -0.27584074001303605 -0.05747221749821198 -0.8614140298202683 0.3283286557369403 0.3875127908221667 -0.05074782397600022
0.4524937980775991 0.1468928000003189 0.8795861913475974 0.18126641452726075 0.2338392837334576 0.9322816893503251 -0.2759892046532356 -0.058566210972524874 -0.8605629274401326 0.33056520840852255 0.3875023753546598 -0.051096161001068695
0.4517136074111342 0.14839779749805393 0.8797345682518922 0.179880900406193 0.2342074012696495 0.931761090555711 -0.27743136685844966 -0.058891547637427585 -0.8608726445126107 0.3313598705699869 0.38613330095410126 -0.050952638512241445
